18 0 1 1715 1184 222 119 -1 -1
18 1 1 196 655 175 81 -1 -1
18 2 1 332 696 226 116 -1 -1
18 0 2 1716 1192 221 111 -1 -1
18 1 2 197 655 175 81 -1 -1
18 2 2 332 696 228 117 -1 -1
18 3 2 324 578 95 55 -1 -1
18 0 3 1716 1191 221 112 -1 -1
18 1 3 197 655 174 81 -1 -1
18 2 3 332 696 227 117 -1 -1
18 3 3 301 572 117 60 -1 -1
18 0 4 1716 1191 221 112 -1 -1
18 1 4 196 655 175 81 -1 -1
18 2 4 332 696 227 117 -1 -1
18 3 4 281 569 140 63 -1 -1
18 0 5 1716 1192 221 111 -1 -1
18 1 5 196 655 175 81 -1 -1
18 2 5 332 696 228 117 -1 -1
18 3 5 281 570 140 62 -1 -1
18 0 6 1716 1192 221 111 -1 -1
18 1 6 196 655 175 81 -1 -1
18 2 6 332 696 227 117 -1 -1
18 3 6 278 569 143 63 -1 -1
18 0 7 1716 1192 221 111 -1 -1
18 1 7 196 655 175 81 -1 -1
18 2 7 332 696 228 117 -1 -1
18 3 7 276 569 145 63 -1 -1
18 0 8 1716 1192 221 111 -1 -1
18 1 8 196 655 175 81 -1 -1
18 2 8 332 696 228 117 -1 -1
18 3 8 276 569 145 63 -1 -1
18 0 9 1716 1191 222 111 -1 -1
18 1 9 196 655 175 81 -1 -1
18 2 9 332 696 228 117 -1 -1
18 3 9 276 569 145 63 -1 -1
18 4 9 1595 1401 466 393 -1 -1
18 0 10 1716 1191 221 112 -1 -1
18 1 10 196 655 175 80 -1 -1
18 2 10 332 696 228 118 -1 -1
18 3 10 276 569 145 63 -1 -1
18 4 10 1595 1401 466 393 -1 -1
18 0 11 1716 1192 221 111 -1 -1
18 1 11 196 655 175 80 -1 -1
18 2 11 332 696 228 118 -1 -1
18 3 11 277 569 144 63 -1 -1
18 4 11 1595 1401 466 393 -1 -1
18 0 12 1716 1192 221 111 -1 -1
18 1 12 196 655 175 80 -1 -1
18 2 12 332 696 227 118 -1 -1
18 3 12 277 569 144 63 -1 -1
18 4 12 1595 1401 466 393 -1 -1
18 0 13 1716 1187 222 115 -1 -1
18 1 13 196 655 174 81 -1 -1
18 2 13 332 697 227 117 -1 -1
18 3 13 276 569 145 63 -1 -1
18 4 13 1595 1401 466 393 -1 -1
18 0 14 1716 1188 222 114 -1 -1
18 1 14 196 655 174 81 -1 -1
18 2 14 332 696 227 118 -1 -1
18 3 14 277 569 144 63 -1 -1
18 4 14 1595 1401 466 393 -1 -1
18 0 15 1716 1188 222 115 -1 -1
18 1 15 196 655 174 81 -1 -1
18 2 15 332 696 227 118 -1 -1
18 3 15 277 569 144 63 -1 -1
18 4 15 1595 1401 466 393 -1 -1
18 0 16 1716 1188 222 115 -1 -1
18 1 16 196 655 174 81 -1 -1
18 2 16 332 697 227 117 -1 -1
18 3 16 277 569 144 63 -1 -1
18 0 17 1715 1187 223 116 -1 -1
18 1 17 196 655 174 81 -1 -1
18 2 17 332 697 227 117 -1 -1
18 3 17 278 569 143 63 -1 -1
18 5 17 1595 1400 468 393 -1 -1
18 0 18 1715 1187 223 116 -1 -1
18 1 18 196 655 174 81 -1 -1
18 2 18 332 697 227 117 -1 -1
18 3 18 277 569 144 63 -1 -1
18 5 18 1595 1400 468 393 -1 -1
18 0 19 1715 1187 223 116 -1 -1
18 1 19 196 655 174 81 -1 -1
18 2 19 332 697 227 117 -1 -1
18 3 19 277 570 144 62 -1 -1
18 5 19 1595 1400 468 393 -1 -1
18 0 20 1715 1187 223 116 -1 -1
18 1 20 196 655 174 81 -1 -1
18 2 20 332 697 228 117 -1 -1
18 3 20 277 570 144 62 -1 -1
18 5 20 1595 1400 468 393 -1 -1
18 0 21 1715 1188 223 115 -1 -1
18 1 21 196 655 174 81 -1 -1
18 2 21 331 697 229 117 -1 -1
18 3 21 277 570 144 62 -1 -1
18 0 22 1716 1188 222 115 -1 -1
18 1 22 196 655 174 81 -1 -1
18 2 22 332 697 228 117 -1 -1
18 3 22 277 570 144 62 -1 -1
18 0 23 1716 1188 222 115 -1 -1
18 1 23 196 655 174 81 -1 -1
18 2 23 332 697 227 117 -1 -1
18 3 23 277 570 144 62 -1 -1
18 0 24 1716 1188 222 115 -1 -1
18 1 24 196 655 174 81 -1 -1
18 2 24 331 697 228 117 -1 -1
18 3 24 278 570 143 62 -1 -1
18 0 25 1715 1187 223 115 -1 -1
18 1 25 196 655 175 81 -1 -1
18 2 25 332 697 227 117 -1 -1
18 3 25 275 570 146 62 -1 -1
18 0 26 1716 1187 222 115 -1 -1
18 1 26 196 655 175 81 -1 -1
18 2 26 332 697 227 117 -1 -1
18 3 26 276 570 145 62 -1 -1
18 0 27 1716 1187 222 115 -1 -1
18 1 27 196 655 175 81 -1 -1
18 2 27 332 697 227 117 -1 -1
18 3 27 276 570 145 62 -1 -1
18 0 28 1716 1187 222 115 -1 -1
18 1 28 196 655 175 81 -1 -1
18 2 28 332 697 227 117 -1 -1
18 3 28 276 570 145 62 -1 -1
18 0 29 1715 1186 223 116 -1 -1
18 1 29 196 655 175 81 -1 -1
18 2 29 332 697 227 117 -1 -1
18 3 29 276 570 145 62 -1 -1
18 0 30 1715 1186 223 116 -1 -1
18 1 30 196 655 174 81 -1 -1
18 2 30 332 697 227 117 -1 -1
18 3 30 276 570 145 62 -1 -1
18 0 31 1715 1187 223 115 -1 -1
18 1 31 196 655 174 81 -1 -1
18 2 31 332 697 227 117 -1 -1
18 3 31 276 570 145 62 -1 -1
18 0 32 1715 1187 223 115 -1 -1
18 1 32 196 655 174 81 -1 -1
18 2 32 332 697 227 117 -1 -1
18 3 32 275 570 146 62 -1 -1
18 0 33 1715 1186 223 116 -1 -1
18 1 33 196 655 175 81 -1 -1
18 2 33 332 697 228 117 -1 -1
18 3 33 275 571 146 61 -1 -1
18 0 34 1715 1186 223 116 -1 -1
18 1 34 196 655 175 81 -1 -1
18 2 34 332 697 227 117 -1 -1
18 3 34 276 571 145 62 -1 -1
18 0 35 1715 1186 223 116 -1 -1
18 1 35 196 655 175 81 -1 -1
18 2 35 332 697 227 117 -1 -1
18 3 35 275 571 146 61 -1 -1
18 0 36 1715 1187 223 115 -1 -1
18 1 36 196 655 175 81 -1 -1
18 2 36 332 697 227 117 -1 -1
18 3 36 275 571 146 61 -1 -1
18 0 37 1715 1186 223 116 -1 -1
18 1 37 196 655 175 81 -1 -1
18 2 37 332 697 228 117 -1 -1
18 3 37 276 571 145 62 -1 -1
18 0 38 1715 1187 223 115 -1 -1
18 1 38 196 655 175 81 -1 -1
18 2 38 332 697 228 117 -1 -1
18 3 38 277 571 144 61 -1 -1
18 0 39 1715 1186 223 117 -1 -1
18 1 39 196 655 175 81 -1 -1
18 2 39 332 697 228 117 -1 -1
18 3 39 276 571 145 61 -1 -1
18 0 40 1715 1186 223 117 -1 -1
18 1 40 196 655 175 81 -1 -1
18 2 40 332 697 228 116 -1 -1
18 3 40 277 571 143 61 -1 -1
18 0 41 1715 1186 223 117 -1 -1
18 1 41 196 655 175 81 -1 -1
18 2 41 332 697 228 116 -1 -1
18 3 41 277 571 143 61 -1 -1
18 0 42 1715 1186 223 116 -1 -1
18 1 42 196 655 175 81 -1 -1
18 2 42 332 697 228 116 -1 -1
18 3 42 277 571 143 61 -1 -1
18 0 43 1715 1186 223 117 -1 -1
18 1 43 196 655 175 81 -1 -1
18 2 43 332 697 228 116 -1 -1
18 3 43 277 571 143 61 -1 -1
18 0 44 1715 1187 223 116 -1 -1
18 1 44 196 655 175 81 -1 -1
18 2 44 332 697 228 116 -1 -1
18 3 44 277 572 144 60 -1 -1
18 0 45 1715 1186 223 116 -1 -1
18 1 45 196 655 175 81 -1 -1
18 2 45 332 697 228 116 -1 -1
18 3 45 277 571 144 61 -1 -1
18 0 46 1715 1187 223 116 -1 -1
18 1 46 196 655 175 81 -1 -1
18 2 46 332 697 228 116 -1 -1
18 3 46 277 571 144 61 -1 -1
18 0 47 1715 1186 223 116 -1 -1
18 1 47 196 655 175 81 -1 -1
18 2 47 332 697 228 116 -1 -1
18 3 47 277 571 144 61 -1 -1
18 0 48 1715 1187 223 115 -1 -1
18 1 48 196 655 175 81 -1 -1
18 2 48 332 697 228 116 -1 -1
18 3 48 277 571 144 61 -1 -1
18 0 49 1715 1185 223 117 -1 -1
18 1 49 196 655 175 80 -1 -1
18 2 49 332 697 228 117 -1 -1
18 3 49 276 571 145 61 -1 -1
18 0 50 1715 1185 223 117 -1 -1
18 1 50 196 655 175 80 -1 -1
18 2 50 332 697 228 116 -1 -1
18 3 50 277 571 144 61 -1 -1
18 0 51 1715 1186 223 116 -1 -1
18 1 51 196 655 175 80 -1 -1
18 2 51 332 697 228 116 -1 -1
18 3 51 277 571 144 61 -1 -1
18 0 52 1715 1186 223 116 -1 -1
18 1 52 196 655 175 80 -1 -1
18 2 52 332 697 228 116 -1 -1
18 3 52 277 571 144 61 -1 -1
18 0 53 1715 1186 223 116 -1 -1
18 1 53 196 655 175 80 -1 -1
18 2 53 332 698 228 115 -1 -1
18 3 53 278 571 143 61 -1 -1
18 0 54 1715 1186 223 116 -1 -1
18 1 54 196 655 175 80 -1 -1
18 2 54 332 697 228 116 -1 -1
18 3 54 278 571 143 61 -1 -1
18 0 55 1715 1186 223 116 -1 -1
18 1 55 196 655 175 80 -1 -1
18 2 55 332 698 228 115 -1 -1
18 3 55 278 571 143 61 -1 -1
18 0 56 1715 1186 223 116 -1 -1
18 1 56 196 655 175 80 -1 -1
18 2 56 332 698 228 115 -1 -1
18 3 56 278 571 143 61 -1 -1
18 0 57 1715 1186 223 116 -1 -1
18 1 57 196 655 175 80 -1 -1
18 2 57 332 698 227 115 -1 -1
18 3 57 278 571 143 61 -1 -1
18 0 58 1715 1186 223 116 -1 -1
18 1 58 196 655 175 80 -1 -1
18 2 58 332 698 227 115 -1 -1
18 3 58 278 571 143 61 -1 -1
18 0 59 1715 1186 223 116 -1 -1
18 1 59 196 655 175 80 -1 -1
18 2 59 332 698 227 115 -1 -1
18 3 59 277 571 144 61 -1 -1
18 0 60 1715 1186 223 116 -1 -1
18 1 60 196 655 175 80 -1 -1
18 2 60 332 698 227 115 -1 -1
18 3 60 277 572 144 61 -1 -1
18 0 61 1715 1187 223 115 -1 -1
18 1 61 196 655 175 81 -1 -1
18 2 61 332 697 228 117 -1 -1
18 3 61 275 572 146 61 -1 -1
18 0 62 1715 1187 223 115 -1 -1
18 1 62 196 655 175 80 -1 -1
18 2 62 332 697 228 117 -1 -1
18 3 62 276 572 145 61 -1 -1
18 0 63 1715 1187 223 115 -1 -1
18 1 63 196 655 176 81 -1 -1
18 2 63 332 697 228 117 -1 -1
18 3 63 276 572 145 61 -1 -1
18 0 64 1715 1187 223 115 -1 -1
18 1 64 196 655 175 81 -1 -1
18 2 64 332 697 228 117 -1 -1
18 3 64 276 572 145 60 -1 -1
18 0 65 1715 1187 223 115 -1 -1
18 1 65 196 655 175 81 -1 -1
18 2 65 332 697 228 117 -1 -1
18 3 65 276 572 145 60 -1 -1
18 0 66 1716 1187 222 115 -1 -1
18 1 66 196 655 175 81 -1 -1
18 2 66 332 697 228 117 -1 -1
18 3 66 276 572 145 60 -1 -1
18 0 67 1716 1187 222 115 -1 -1
18 1 67 196 655 175 81 -1 -1
18 2 67 332 697 228 117 -1 -1
18 3 67 276 572 145 60 -1 -1
18 0 68 1716 1187 222 115 -1 -1
18 1 68 196 655 175 81 -1 -1
18 2 68 332 698 228 116 -1 -1
18 3 68 276 572 145 60 -1 -1
18 0 69 1716 1187 222 115 -1 -1
18 1 69 196 655 175 81 -1 -1
18 2 69 332 698 228 116 -1 -1
18 3 69 277 572 144 60 -1 -1
18 0 70 1715 1187 223 115 -1 -1
18 1 70 196 655 175 81 -1 -1
18 2 70 332 698 227 116 -1 -1
18 3 70 277 571 144 61 -1 -1
18 0 71 1716 1182 221 121 -1 -1
18 1 71 196 655 177 80 -1 -1
18 2 71 330 695 230 120 -1 -1
18 3 71 281 570 141 61 -1 -1
18 0 72 1716 1182 221 121 -1 -1
18 1 72 196 655 177 80 -1 -1
18 2 72 330 695 230 120 -1 -1
18 3 72 280 569 141 63 -1 -1
18 0 73 1716 1180 221 123 -1 -1
18 1 73 196 655 177 80 -1 -1
18 2 73 330 695 230 121 -1 -1
18 3 73 282 568 139 64 -1 -1
18 0 74 1716 1180 221 123 -1 -1
18 1 74 196 655 177 80 -1 -1
18 2 74 330 695 230 121 -1 -1
18 3 74 282 568 139 64 -1 -1
18 0 75 1716 1180 221 123 -1 -1
18 1 75 196 655 177 80 -1 -1
18 2 75 330 695 230 121 -1 -1
18 3 75 282 568 140 64 -1 -1
18 0 76 1716 1180 221 123 -1 -1
18 1 76 196 655 177 80 -1 -1
18 2 76 330 695 230 120 -1 -1
18 3 76 282 568 140 64 -1 -1
18 0 77 1716 1180 221 123 -1 -1
18 1 77 196 655 177 80 -1 -1
18 2 77 330 695 230 120 -1 -1
18 3 77 282 567 140 64 -1 -1
18 0 78 1716 1181 221 122 -1 -1
18 1 78 196 655 177 80 -1 -1
18 2 78 330 695 230 120 -1 -1
18 3 78 282 567 140 64 -1 -1
18 0 79 1716 1181 221 122 -1 -1
18 1 79 196 655 177 80 -1 -1
18 2 79 330 695 230 120 -1 -1
18 3 79 282 567 141 64 -1 -1
18 0 80 1716 1181 221 122 -1 -1
18 1 80 196 655 177 80 -1 -1
18 2 80 330 695 230 120 -1 -1
18 3 80 282 567 141 64 -1 -1
18 0 81 1716 1181 221 122 -1 -1
18 1 81 196 655 177 80 -1 -1
18 2 81 330 695 230 120 -1 -1
18 3 81 282 568 140 63 -1 -1
18 0 82 1716 1181 221 122 -1 -1
18 1 82 196 655 177 80 -1 -1
18 2 82 330 695 230 120 -1 -1
18 3 82 282 568 140 64 -1 -1
18 0 83 1717 1181 220 122 -1 -1
18 1 83 196 655 177 80 -1 -1
18 2 83 330 695 230 121 -1 -1
18 3 83 283 569 140 63 -1 -1
18 0 84 1717 1181 220 122 -1 -1
18 1 84 196 655 177 80 -1 -1
18 2 84 330 695 230 121 -1 -1
18 3 84 283 570 139 61 -1 -1
18 0 85 1717 1181 220 122 -1 -1
18 1 85 196 655 177 80 -1 -1
18 2 85 330 696 230 120 -1 -1
18 3 85 281 570 141 61 -1 -1
18 6 85 2347 1346 138 88 -1 -1
18 0 86 1716 1181 221 122 -1 -1
18 1 86 196 655 178 80 -1 -1
18 2 86 330 696 230 120 -1 -1
18 3 86 281 569 141 62 -1 -1
18 6 86 2335 1337 141 96 -1 -1
18 0 87 1716 1181 221 122 -1 -1
18 1 87 196 655 178 80 -1 -1
18 2 87 330 696 230 120 -1 -1
18 3 87 281 570 140 61 -1 -1
18 6 87 2316 1335 149 95 -1 -1
18 0 88 1716 1181 221 122 -1 -1
18 1 88 196 655 178 80 -1 -1
18 2 88 330 696 230 120 -1 -1
18 3 88 281 570 141 62 -1 -1
18 6 88 2302 1330 149 96 -1 -1
18 0 89 1716 1180 221 123 -1 -1
18 1 89 196 655 178 80 -1 -1
18 2 89 330 696 230 120 -1 -1
18 3 89 281 570 140 62 -1 -1
18 6 89 2280 1321 155 103 -1 -1
18 0 90 1716 1180 221 123 -1 -1
18 1 90 196 655 178 80 -1 -1
18 2 90 330 696 230 120 -1 -1
18 3 90 281 569 140 63 -1 -1
18 6 90 2266 1315 163 109 -1 -1
18 0 91 1716 1181 221 122 -1 -1
18 1 91 196 655 178 80 -1 -1
18 2 91 330 696 230 120 -1 -1
18 3 91 281 569 140 63 -1 -1
18 6 91 2243 1314 165 109 -1 -1
18 7 91 2239 1313 168 111 -1 -1
18 0 92 1716 1181 221 122 -1 -1
18 1 92 196 655 178 80 -1 -1
18 2 92 330 696 230 120 -1 -1
18 3 92 281 569 141 62 -1 -1
18 6 92 2219 1308 174 112 -1 -1
18 7 92 2239 1313 168 111 -1 -1
18 0 93 1716 1181 221 122 -1 -1
18 1 93 196 655 178 80 -1 -1
18 2 93 330 696 230 120 -1 -1
18 3 93 281 569 140 63 -1 -1
18 6 93 2217 1310 158 110 -1 -1
18 7 93 2239 1313 168 111 -1 -1
18 0 94 1717 1182 220 121 -1 -1
18 1 94 196 655 177 80 -1 -1
18 2 94 330 696 230 120 -1 -1
18 3 94 281 570 140 62 -1 -1
18 6 94 2217 1310 158 110 -1 -1
18 7 94 2239 1313 168 111 -1 -1
18 0 95 1717 1182 220 121 -1 -1
18 1 95 196 655 178 80 -1 -1
18 2 95 330 695 230 121 -1 -1
18 3 95 281 569 140 63 -1 -1
18 6 95 2217 1310 158 110 -1 -1
18 0 96 1717 1183 220 120 -1 -1
18 1 96 196 655 178 80 -1 -1
18 2 96 330 695 230 120 -1 -1
18 3 96 281 568 141 64 -1 -1
18 6 96 2217 1310 158 110 -1 -1
18 0 97 1717 1182 220 120 -1 -1
18 1 97 196 655 178 80 -1 -1
18 2 97 330 695 231 121 -1 -1
18 3 97 281 569 138 64 -1 -1
18 0 98 1717 1183 219 119 -1 -1
18 1 98 196 655 178 80 -1 -1
18 2 98 330 695 230 121 -1 -1
18 3 98 282 569 138 64 -1 -1
18 0 99 1718 1185 218 117 -1 -1
18 1 99 196 655 178 80 -1 -1
18 2 99 330 695 230 121 -1 -1
18 3 99 281 569 139 63 -1 -1
18 0 100 1718 1185 219 117 -1 -1
18 1 100 196 655 178 80 -1 -1
18 2 100 330 695 230 121 -1 -1
18 3 100 282 569 138 63 -1 -1
18 0 101 1723 1194 213 108 -1 -1
18 1 101 196 655 178 80 -1 -1
18 2 101 330 696 230 120 -1 -1
18 3 101 280 568 139 64 -1 -1
18 0 102 1721 1195 214 107 -1 -1
18 1 102 196 655 178 80 -1 -1
18 2 102 330 696 230 120 -1 -1
18 3 102 280 568 140 64 -1 -1
18 8 102 1965 1248 223 138 -1 -1
18 0 103 1719 1193 218 109 -1 -1
18 1 103 196 655 178 80 -1 -1
18 2 103 330 696 230 120 -1 -1
18 3 103 279 569 141 63 -1 -1
18 8 103 1931 1240 228 140 -1 -1
18 0 104 1721 1202 213 99 -1 -1
18 1 104 196 655 178 80 -1 -1
18 2 104 330 696 230 120 -1 -1
18 3 104 280 568 141 64 -1 -1
18 8 104 1931 1240 228 140 -1 -1
18 0 105 1721 1202 213 99 -1 -1
18 1 105 196 655 178 80 -1 -1
18 2 105 330 696 230 120 -1 -1
18 3 105 280 568 141 64 -1 -1
18 8 105 1931 1240 228 140 -1 -1
18 0 106 1714 1177 170 109 -1 -1
18 1 106 196 655 178 80 -1 -1
18 2 106 330 696 230 120 -1 -1
18 3 106 279 566 142 66 -1 -1
18 8 106 1931 1240 228 140 -1 -1
18 0 107 1714 1177 170 109 -1 -1
18 1 107 196 655 178 80 -1 -1
18 2 107 330 696 230 120 -1 -1
18 3 107 279 567 142 65 -1 -1
18 0 108 1714 1177 170 109 -1 -1
18 1 108 196 655 178 80 -1 -1
18 2 108 330 696 230 120 -1 -1
18 3 108 279 568 142 64 -1 -1
18 0 109 1714 1177 170 109 -1 -1
18 1 109 196 655 178 80 -1 -1
18 2 109 330 697 231 118 -1 -1
18 3 109 279 566 142 66 -1 -1
18 9 109 1702 1177 291 173 -1 -1
18 1 110 196 655 178 80 -1 -1
18 2 110 330 697 231 118 -1 -1
18 3 110 280 565 141 67 -1 -1
18 9 110 1659 1177 299 168 -1 -1
18 10 110 633 1375 514 365 -1 -1
18 1 111 195 655 179 80 -1 -1
18 2 111 331 697 230 118 -1 -1
18 3 111 280 568 141 64 -1 -1
18 9 111 1616 1169 283 168 -1 -1
18 10 111 871 1377 390 299 -1 -1
18 11 111 1610 1395 448 387 -1 -1
18 1 112 195 655 179 80 -1 -1
18 2 112 331 697 230 118 -1 -1
18 3 112 280 568 141 64 -1 -1
18 9 112 1568 1161 324 172 -1 -1
18 10 112 871 1377 390 299 -1 -1
18 11 112 1610 1396 448 386 -1 -1
18 1 113 196 655 177 80 -1 -1
18 2 113 331 698 230 117 -1 -1
18 3 113 280 569 141 63 -1 -1
18 9 113 1523 1150 311 182 -1 -1
18 10 113 871 1377 390 299 -1 -1
18 11 113 1610 1395 449 388 -1 -1
18 1 114 196 655 177 80 -1 -1
18 2 114 331 698 230 117 -1 -1
18 3 114 280 569 141 63 -1 -1
18 9 114 1523 1150 311 182 -1 -1
18 10 114 913 1253 634 396 -1 -1
18 11 114 1609 1394 450 388 -1 -1
18 12 114 1806 1223 131 82 -1 -1
18 1 115 196 655 177 80 -1 -1
18 2 115 331 698 230 116 -1 -1
18 3 115 281 569 140 63 -1 -1
18 9 115 1424 1128 332 200 -1 -1
18 10 115 913 1253 634 396 -1 -1
18 11 115 1610 1395 449 387 -1 -1
18 12 115 1806 1223 131 82 -1 -1
18 1 116 196 655 177 80 -1 -1
18 2 116 331 698 230 116 -1 -1
18 3 116 280 568 141 63 -1 -1
18 9 116 1370 1125 349 204 -1 -1
18 10 116 1143 1282 504 302 -1 -1
18 11 116 1612 1395 446 387 -1 -1
18 12 116 1748 1211 186 92 -1 -1
18 1 117 196 655 177 80 -1 -1
18 2 117 331 698 230 116 -1 -1
18 3 117 280 568 141 64 -1 -1
18 9 117 1312 1111 383 212 -1 -1
18 10 117 1237 1278 460 283 -1 -1
18 11 117 1612 1394 447 388 -1 -1
18 12 117 1715 1191 221 111 -1 -1
18 1 118 195 655 178 80 -1 -1
18 2 118 331 698 230 116 -1 -1
18 3 118 281 569 140 63 -1 -1
18 9 118 1249 1099 395 225 -1 -1
18 10 118 1319 1280 409 259 -1 -1
18 11 118 1612 1393 446 388 -1 -1
18 12 118 1715 1188 221 114 -1 -1
18 1 119 196 655 177 80 -1 -1
18 2 119 331 698 230 116 -1 -1
18 3 119 281 568 140 64 -1 -1
18 9 119 1183 1090 403 246 -1 -1
18 10 119 1391 1280 382 247 -1 -1
18 11 119 1611 1395 447 388 -1 -1
18 12 119 1715 1187 221 116 -1 -1
18 1 120 195 655 178 80 -1 -1
18 2 120 331 698 230 116 -1 -1
18 3 120 281 568 140 64 -1 -1
18 9 120 1108 1084 437 259 -1 -1
18 10 120 1458 1279 344 229 -1 -1
18 11 120 1611 1398 447 384 -1 -1
18 12 120 1715 1185 221 118 -1 -1
18 1 121 196 656 178 80 -1 -1
18 2 121 330 696 230 118 -1 -1
18 3 121 281 570 141 62 -1 -1
18 9 121 1023 1073 476 278 -1 -1
18 10 121 1518 1284 326 189 -1 -1
18 11 121 1611 1398 447 384 -1 -1
18 12 121 1716 1188 220 116 -1 -1
18 1 122 196 656 178 80 -1 -1
18 2 122 330 696 230 118 -1 -1
18 3 122 282 570 140 62 -1 -1
18 9 122 928 1066 536 298 -1 -1
18 10 122 1575 1284 309 165 -1 -1
18 11 122 1611 1398 447 384 -1 -1
18 12 122 1719 1192 219 112 -1 -1
18 1 123 196 656 178 80 -1 -1
18 2 123 330 696 230 118 -1 -1
18 3 123 281 570 141 62 -1 -1
18 9 123 824 1059 585 324 -1 -1
18 10 123 1626 1286 296 153 -1 -1
18 11 123 1611 1400 441 376 -1 -1
18 12 123 1721 1193 217 112 -1 -1
18 1 124 196 656 178 80 -1 -1
18 2 124 330 697 230 117 -1 -1
18 3 124 281 569 140 63 -1 -1
18 9 124 824 1059 585 324 -1 -1
18 10 124 1670 1290 285 147 -1 -1
18 11 124 1611 1400 441 376 -1 -1
18 12 124 1716 1187 222 119 -1 -1
18 1 125 196 656 178 80 -1 -1
18 2 125 330 697 230 117 -1 -1
18 3 125 281 569 140 63 -1 -1
18 9 125 582 1087 564 273 -1 -1
18 10 125 1713 1293 271 160 -1 -1
18 11 125 1611 1400 441 376 -1 -1
18 12 125 1719 1189 218 114 -1 -1
18 1 126 196 656 178 80 -1 -1
18 2 126 330 697 230 117 -1 -1
18 3 126 280 569 141 63 -1 -1
18 9 126 425 1088 527 249 -1 -1
18 10 126 1757 1297 262 160 -1 -1
18 11 126 1611 1400 441 376 -1 -1
18 12 126 1717 1188 220 114 -1 -1
18 13 126 277 570 143 62 -1 -1
18 1 127 196 656 178 80 -1 -1
18 2 127 330 697 230 117 -1 -1
18 3 127 280 570 142 62 -1 -1
18 9 127 425 1088 527 249 -1 -1
18 10 127 1799 1300 250 158 -1 -1
18 12 127 1717 1189 221 115 -1 -1
18 13 127 277 570 143 62 -1 -1
18 1 128 196 656 178 80 -1 -1
18 2 128 330 697 230 117 -1 -1
18 3 128 281 570 141 62 -1 -1
18 9 128 425 1088 527 249 -1 -1
18 10 128 1834 1306 239 152 -1 -1
18 12 128 1717 1186 220 116 -1 -1
18 13 128 277 570 143 62 -1 -1
18 1 129 196 656 178 80 -1 -1
18 2 129 330 697 230 117 -1 -1
18 3 129 280 570 142 63 -1 -1
18 9 129 425 1088 527 249 -1 -1
18 10 129 1870 1312 230 146 -1 -1
18 12 129 1717 1189 219 113 -1 -1
18 13 129 277 570 143 62 -1 -1
18 1 130 196 656 178 80 -1 -1
18 2 130 330 696 231 118 -1 -1
18 3 130 280 570 142 62 -1 -1
18 10 130 1905 1316 223 141 -1 -1
18 12 130 1717 1188 221 115 -1 -1
18 1 131 197 656 176 79 -1 -1
18 2 131 331 696 230 119 -1 -1
18 3 131 282 567 139 65 -1 -1
18 10 131 1938 1318 214 139 -1 -1
18 12 131 1715 1189 221 114 -1 -1
18 1 132 197 655 176 80 -1 -1
18 2 132 331 696 230 119 -1 -1
18 3 132 282 567 139 65 -1 -1
18 10 132 1969 1318 220 138 -1 -1
18 12 132 1715 1189 221 114 -1 -1
18 14 132 2 1086 425 311 -1 -1
18 1 133 196 655 177 80 -1 -1
18 2 133 332 696 228 120 -1 -1
18 3 133 279 565 142 67 -1 -1
18 10 133 2001 1325 226 130 -1 -1
18 12 133 1718 1193 219 109 -1 -1
18 14 133 2 1086 425 311 -1 -1
18 1 134 196 655 177 80 -1 -1
18 2 134 332 696 228 120 -1 -1
18 3 134 279 565 142 67 -1 -1
18 10 134 2032 1332 208 123 -1 -1
18 12 134 1718 1193 219 109 -1 -1
18 14 134 2 1086 425 311 -1 -1
18 1 135 196 655 177 80 -1 -1
18 2 135 332 696 228 120 -1 -1
18 3 135 279 565 142 67 -1 -1
18 10 135 2062 1331 189 124 -1 -1
18 12 135 1719 1193 218 109 -1 -1
18 14 135 2 1086 425 311 -1 -1
18 1 136 196 655 177 80 -1 -1
18 2 136 332 696 228 120 -1 -1
18 3 136 279 565 142 67 -1 -1
18 10 136 2089 1341 186 116 -1 -1
18 12 136 1720 1194 217 108 -1 -1
18 15 136 1610 1391 448 391 -1 -1
18 1 137 196 655 177 80 -1 -1
18 2 137 332 696 228 120 -1 -1
18 3 137 279 565 142 67 -1 -1
18 10 137 2089 1341 186 116 -1 -1
18 12 137 1720 1194 217 108 -1 -1
18 15 137 1610 1391 449 391 -1 -1
18 1 138 196 655 177 80 -1 -1
18 2 138 332 696 228 120 -1 -1
18 3 138 279 565 142 67 -1 -1
18 10 138 2137 1344 181 118 -1 -1
18 12 138 1721 1194 216 108 -1 -1
18 15 138 1610 1391 449 391 -1 -1
18 1 139 196 655 177 80 -1 -1
18 2 139 332 696 228 120 -1 -1
18 3 139 279 565 143 67 -1 -1
18 10 139 2176 1352 164 111 -1 -1
18 12 139 1720 1193 217 109 -1 -1
18 15 139 1610 1391 452 392 -1 -1
18 1 140 196 655 177 80 -1 -1
18 2 140 332 696 228 120 -1 -1
18 3 140 279 565 142 67 -1 -1
18 10 140 2196 1347 161 119 -1 -1
18 12 140 1719 1193 218 109 -1 -1
18 15 140 1610 1391 453 392 -1 -1
18 1 141 197 655 177 80 -1 -1
18 2 141 331 694 229 121 -1 -1
18 3 141 279 568 142 65 -1 -1
18 10 141 2207 1356 172 113 -1 -1
18 12 141 1717 1195 219 108 -1 -1
18 15 141 1610 1391 453 392 -1 -1
18 1 142 197 655 177 80 -1 -1
18 2 142 331 694 229 121 -1 -1
18 3 142 279 568 142 65 -1 -1
18 10 142 2204 1352 194 118 -1 -1
18 12 142 1716 1195 220 108 -1 -1
18 15 142 1610 1391 453 392 -1 -1
18 1 143 197 655 176 80 -1 -1
18 2 143 331 694 229 122 -1 -1
18 3 143 279 568 142 65 -1 -1
18 10 143 2267 1369 154 101 -1 -1
18 12 143 1716 1195 220 108 -1 -1
18 15 143 1610 1391 453 392 -1 -1
18 1 144 197 655 176 80 -1 -1
18 2 144 331 694 229 122 -1 -1
18 3 144 279 568 142 65 -1 -1
18 10 144 2284 1374 154 99 -1 -1
18 12 144 1717 1196 219 107 -1 -1
18 1 145 196 655 177 80 -1 -1
18 2 145 330 694 231 120 -1 -1
18 3 145 284 569 138 64 -1 -1
18 10 145 2306 1375 148 98 -1 -1
18 12 145 1717 1192 219 111 -1 -1
18 16 145 1609 1391 454 393 -1 -1
18 1 146 196 655 177 80 -1 -1
18 2 146 330 694 231 120 -1 -1
18 3 146 284 569 138 64 -1 -1
18 10 146 2325 1384 146 91 -1 -1
18 12 146 1717 1193 219 110 -1 -1
18 16 146 1609 1391 453 393 -1 -1
18 1 147 196 655 177 80 -1 -1
18 2 147 330 694 231 120 -1 -1
18 3 147 284 569 138 64 -1 -1
18 10 147 2345 1391 140 85 -1 -1
18 12 147 1717 1193 219 110 -1 -1
18 16 147 1609 1392 453 393 -1 -1
18 1 148 196 655 177 80 -1 -1
18 2 148 330 694 231 121 -1 -1
18 3 148 284 569 138 64 -1 -1
18 10 148 2364 1394 138 84 -1 -1
18 12 148 1718 1194 217 108 -1 -1
18 16 148 1609 1392 453 393 -1 -1
18 1 149 196 655 177 80 -1 -1
18 2 149 330 694 231 120 -1 -1
18 3 149 284 569 138 64 -1 -1
18 10 149 2382 1396 131 85 -1 -1
18 12 149 1717 1193 218 110 -1 -1
18 16 149 1609 1392 453 393 -1 -1
18 1 150 196 655 177 80 -1 -1
18 2 150 330 694 231 121 -1 -1
18 3 150 284 569 138 64 -1 -1
18 10 150 2397 1398 128 84 -1 -1
18 12 150 1717 1192 219 111 -1 -1
18 16 150 1609 1392 453 393 -1 -1
18 1 151 196 655 178 80 -1 -1
18 2 151 330 693 231 121 -1 -1
18 3 151 280 568 142 66 -1 -1
18 10 151 2408 1401 125 83 -1 -1
18 12 151 1717 1189 219 113 -1 -1
18 16 151 1609 1393 452 391 -1 -1
18 1 152 196 655 178 80 -1 -1
18 2 152 330 693 231 120 -1 -1
18 3 152 280 568 142 66 -1 -1
18 10 152 2427 1403 127 83 -1 -1
18 12 152 1716 1188 220 114 -1 -1
18 16 152 1609 1392 453 393 -1 -1
18 1 153 196 655 178 80 -1 -1
18 2 153 330 693 231 121 -1 -1
18 3 153 279 568 143 66 -1 -1
18 10 153 2427 1403 127 83 -1 -1
18 12 153 1716 1187 221 115 -1 -1
18 16 153 1608 1392 454 394 -1 -1
18 1 154 196 655 178 80 -1 -1
18 2 154 330 693 231 120 -1 -1
18 3 154 278 568 144 66 -1 -1
18 10 154 2460 1405 98 84 -1 -1
18 12 154 1716 1187 220 115 -1 -1
18 16 154 1609 1392 452 393 -1 -1
18 1 155 196 655 178 80 -1 -1
18 2 155 330 693 231 120 -1 -1
18 3 155 278 568 144 66 -1 -1
18 10 155 2460 1405 98 84 -1 -1
18 12 155 1716 1187 220 115 -1 -1
18 16 155 1608 1392 453 393 -1 -1
18 1 156 196 655 178 80 -1 -1
18 2 156 330 693 231 120 -1 -1
18 3 156 278 568 144 66 -1 -1
18 10 156 2460 1405 98 84 -1 -1
18 12 156 1716 1187 220 115 -1 -1
18 16 156 1608 1392 453 393 -1 -1
18 1 157 196 655 178 80 -1 -1
18 2 157 331 692 230 121 -1 -1
18 3 157 276 567 146 66 -1 -1
18 10 157 2460 1405 98 84 -1 -1
18 12 157 1715 1187 221 115 -1 -1
18 16 157 1608 1392 453 393 -1 -1
18 1 158 196 655 179 80 -1 -1
18 2 158 331 692 230 121 -1 -1
18 3 158 276 567 146 66 -1 -1
18 12 158 1715 1187 221 115 -1 -1
18 16 158 1608 1392 453 393 -1 -1
18 1 159 196 655 179 80 -1 -1
18 2 159 331 692 230 122 -1 -1
18 3 159 276 567 146 66 -1 -1
18 12 159 1715 1187 221 115 -1 -1
18 16 159 1608 1392 453 393 -1 -1
18 1 160 196 655 179 80 -1 -1
18 2 160 331 693 230 120 -1 -1
18 3 160 276 567 146 66 -1 -1
18 12 160 1715 1187 221 115 -1 -1
18 1 161 196 655 176 80 -1 -1
18 2 161 331 692 230 122 -1 -1
18 3 161 276 568 145 65 -1 -1
18 12 161 1716 1186 221 116 -1 -1
18 1 162 196 655 176 80 -1 -1
18 2 162 331 692 230 122 -1 -1
18 3 162 276 568 145 65 -1 -1
18 12 162 1716 1186 221 116 -1 -1
18 1 163 196 655 176 80 -1 -1
18 2 163 330 692 231 122 -1 -1
18 3 163 276 568 145 65 -1 -1
18 12 163 1716 1186 221 116 -1 -1
18 1 164 196 655 176 80 -1 -1
18 2 164 330 692 231 122 -1 -1
18 3 164 276 568 145 65 -1 -1
18 12 164 1715 1186 222 116 -1 -1
18 1 165 196 655 176 80 -1 -1
18 2 165 330 692 231 123 -1 -1
18 3 165 276 568 145 65 -1 -1
18 12 165 1715 1187 222 115 -1 -1
18 1 166 196 655 176 80 -1 -1
18 2 166 330 692 231 123 -1 -1
18 3 166 276 568 145 65 -1 -1
18 12 166 1716 1187 221 115 -1 -1
18 1 167 196 655 176 80 -1 -1
18 2 167 330 693 231 122 -1 -1
18 3 167 276 567 145 66 -1 -1
18 12 167 1716 1187 221 115 -1 -1
18 1 168 196 655 176 80 -1 -1
18 2 168 330 693 231 122 -1 -1
18 3 168 276 568 145 65 -1 -1
18 12 168 1716 1187 221 115 -1 -1
18 1 169 196 655 175 80 -1 -1
18 2 169 330 694 230 120 -1 -1
18 3 169 277 568 144 65 -1 -1
18 12 169 1715 1186 222 116 -1 -1
18 17 169 1609 1393 452 392 -1 -1
18 1 170 196 655 175 80 -1 -1
18 2 170 330 694 230 120 -1 -1
18 3 170 277 568 144 65 -1 -1
18 12 170 1715 1186 222 116 -1 -1
18 17 170 1609 1393 452 392 -1 -1
18 1 171 196 655 175 80 -1 -1
18 2 171 330 693 231 120 -1 -1
18 3 171 280 564 143 69 -1 -1
18 12 171 1715 1183 221 119 -1 -1
18 17 171 1594 1398 471 394 -1 -1
18 1 172 196 655 175 80 -1 -1
18 2 172 330 693 231 120 -1 -1
18 3 172 281 564 142 69 -1 -1
18 12 172 1715 1183 221 119 -1 -1
18 17 172 1594 1398 471 394 -1 -1
18 1 173 196 655 175 80 -1 -1
18 2 173 330 693 231 120 -1 -1
18 3 173 281 564 142 70 -1 -1
18 12 173 1715 1183 221 119 -1 -1
18 17 173 1594 1398 472 394 -1 -1
18 1 174 196 655 175 80 -1 -1
18 2 174 330 693 231 120 -1 -1
18 3 174 281 564 142 70 -1 -1
18 12 174 1715 1183 221 119 -1 -1
18 17 174 1594 1398 472 394 -1 -1
18 1 175 196 655 175 80 -1 -1
18 2 175 330 693 231 120 -1 -1
18 3 175 281 564 142 70 -1 -1
18 12 175 1716 1184 220 118 -1 -1
18 17 175 1594 1398 471 394 -1 -1
18 1 176 196 655 176 80 -1 -1
18 2 176 330 692 231 120 -1 -1
18 3 176 282 564 141 70 -1 -1
18 12 176 1716 1183 220 120 -1 -1
18 17 176 1594 1398 471 394 -1 -1
18 1 177 196 655 175 80 -1 -1
18 2 177 330 692 231 121 -1 -1
18 3 177 282 564 141 70 -1 -1
18 12 177 1715 1183 221 120 -1 -1
18 17 177 1594 1398 470 394 -1 -1
18 1 178 196 655 175 80 -1 -1
18 2 178 330 692 231 121 -1 -1
18 3 178 282 564 141 70 -1 -1
18 12 178 1715 1183 221 120 -1 -1
18 17 178 1594 1398 470 393 -1 -1
18 1 179 195 655 176 80 -1 -1
18 2 179 330 692 231 121 -1 -1
18 3 179 282 564 141 70 -1 -1
18 12 179 1715 1183 221 120 -1 -1
18 17 179 1594 1398 470 393 -1 -1
18 1 180 195 655 176 80 -1 -1
18 2 180 330 692 231 120 -1 -1
18 3 180 282 564 141 70 -1 -1
18 12 180 1716 1183 220 120 -1 -1
18 17 180 1594 1399 470 392 -1 -1
18 1 181 195 655 177 80 -1 -1
18 2 181 330 693 231 120 -1 -1
18 3 181 282 565 141 68 -1 -1
18 12 181 1716 1187 219 115 -1 -1
18 17 181 1594 1399 470 392 -1 -1
18 1 182 195 655 177 80 -1 -1
18 2 182 330 693 231 120 -1 -1
18 3 182 282 565 141 68 -1 -1
18 12 182 1716 1187 219 115 -1 -1
18 17 182 1594 1399 470 392 -1 -1
18 1 183 195 655 177 80 -1 -1
18 2 183 330 693 231 120 -1 -1
18 3 183 282 565 141 68 -1 -1
18 12 183 1716 1187 219 115 -1 -1
18 17 183 1594 1399 470 392 -1 -1
18 18 183 2374 1353 122 81 -1 -1
18 1 184 195 655 177 80 -1 -1
18 2 184 330 693 231 120 -1 -1
18 3 184 282 565 141 68 -1 -1
18 12 184 1716 1187 219 115 -1 -1
18 18 184 2365 1349 120 83 -1 -1
18 19 184 954 683 101 62 -1 -1
18 20 184 2353 1303 70 56 -1 -1
18 1 185 195 655 177 80 -1 -1
18 2 185 330 693 232 120 -1 -1
18 3 185 282 565 141 69 -1 -1
18 12 185 1716 1187 219 115 -1 -1
18 18 185 2351 1349 123 80 -1 -1
18 19 185 951 682 102 62 -1 -1
18 20 185 2353 1303 70 56 -1 -1
18 1 186 195 655 177 80 -1 -1
18 2 186 330 693 232 120 -1 -1
18 3 186 282 565 141 69 -1 -1
18 12 186 1716 1187 220 115 -1 -1
18 18 186 2337 1346 128 82 -1 -1
18 19 186 946 682 102 62 -1 -1
18 20 186 2353 1303 70 56 -1 -1
18 1 187 195 655 177 80 -1 -1
18 2 187 330 693 232 120 -1 -1
18 3 187 282 565 141 68 -1 -1
18 12 187 1716 1187 220 115 -1 -1
18 18 187 2322 1342 132 83 -1 -1
18 19 187 950 681 98 61 -1 -1
18 20 187 2353 1303 70 56 -1 -1
18 1 188 195 655 177 80 -1 -1
18 2 188 330 693 232 120 -1 -1
18 3 188 282 565 141 69 -1 -1
18 12 188 1716 1187 220 115 -1 -1
18 18 188 2308 1341 127 81 -1 -1
18 19 188 950 681 98 61 -1 -1
18 1 189 195 655 177 80 -1 -1
18 2 189 330 693 232 120 -1 -1
18 3 189 282 565 141 69 -1 -1
18 12 189 1716 1187 220 115 -1 -1
18 18 189 2290 1338 141 83 -1 -1
18 19 189 950 681 98 61 -1 -1
18 21 189 1594 1399 473 393 -1 -1
18 1 190 195 655 177 80 -1 -1
18 2 190 330 693 232 120 -1 -1
18 3 190 282 565 141 69 -1 -1
18 12 190 1716 1186 220 116 -1 -1
18 18 190 2290 1338 141 83 -1 -1
18 19 190 950 681 98 61 -1 -1
18 21 190 1593 1400 474 392 -1 -1
18 1 191 195 655 177 80 -1 -1
18 2 191 330 693 231 120 -1 -1
18 3 191 282 565 141 69 -1 -1
18 12 191 1716 1187 220 116 -1 -1
18 18 191 2255 1329 145 89 -1 -1
18 19 191 909 682 126 58 -1 -1
18 21 191 1593 1399 474 394 -1 -1
18 1 192 195 655 177 80 -1 -1
18 2 192 330 693 231 120 -1 -1
18 3 192 282 565 141 68 -1 -1
18 12 192 1716 1186 220 116 -1 -1
18 18 192 2255 1329 145 89 -1 -1
18 19 192 909 682 126 58 -1 -1
18 21 192 1593 1400 474 392 -1 -1
18 1 193 195 655 177 80 -1 -1
18 2 193 330 693 231 119 -1 -1
18 3 193 283 565 140 68 -1 -1
18 12 193 1716 1187 220 116 -1 -1
18 18 193 2219 1317 150 98 -1 -1
18 19 193 902 683 108 57 -1 -1
18 21 193 1593 1399 473 395 -1 -1
18 1 194 195 655 177 80 -1 -1
18 2 194 330 693 231 119 -1 -1
18 3 194 283 565 140 68 -1 -1
18 12 194 1716 1187 220 116 -1 -1
18 18 194 2219 1317 150 98 -1 -1
18 19 194 897 681 120 59 -1 -1
18 21 194 1593 1400 473 393 -1 -1
18 1 195 195 655 177 80 -1 -1
18 2 195 330 692 231 120 -1 -1
18 3 195 283 565 140 68 -1 -1
18 12 195 1716 1186 220 117 -1 -1
18 18 195 2183 1303 158 109 -1 -1
18 19 195 897 681 120 59 -1 -1
18 21 195 1593 1400 473 393 -1 -1
18 1 196 195 655 177 80 -1 -1
18 2 196 330 692 231 120 -1 -1
18 3 196 282 565 141 68 -1 -1
18 12 196 1717 1187 219 116 -1 -1
18 18 196 2183 1303 158 109 -1 -1
18 19 196 897 681 120 59 -1 -1
18 21 196 1593 1399 473 394 -1 -1
18 1 197 195 655 177 80 -1 -1
18 2 197 330 692 231 120 -1 -1
18 3 197 283 565 140 68 -1 -1
18 12 197 1717 1187 219 115 -1 -1
18 18 197 2183 1303 158 109 -1 -1
18 19 197 897 681 120 59 -1 -1
18 21 197 1594 1400 470 393 -1 -1
18 1 198 195 655 177 80 -1 -1
18 2 198 330 692 231 120 -1 -1
18 3 198 283 565 140 68 -1 -1
18 12 198 1717 1187 219 115 -1 -1
18 18 198 2183 1303 158 109 -1 -1
18 21 198 1594 1400 470 392 -1 -1
18 1 199 195 655 177 80 -1 -1
18 2 199 330 692 231 120 -1 -1
18 3 199 283 565 140 68 -1 -1
18 12 199 1717 1188 218 114 -1 -1
18 21 199 1594 1400 470 392 -1 -1
18 1 200 195 655 177 80 -1 -1
18 2 200 330 692 231 120 -1 -1
18 3 200 283 565 140 68 -1 -1
18 12 200 1717 1188 218 114 -1 -1
18 21 200 1594 1399 470 393 -1 -1
18 22 200 2078 1286 168 104 -1 -1
18 1 201 195 655 178 79 -1 -1
18 2 201 331 693 229 122 -1 -1
18 3 201 283 568 139 65 -1 -1
18 12 201 1716 1183 220 119 -1 -1
18 21 201 1611 1393 448 389 -1 -1
18 22 201 2078 1286 168 104 -1 -1
18 1 202 195 655 178 79 -1 -1
18 2 202 331 693 229 122 -1 -1
18 3 202 283 568 139 65 -1 -1
18 12 202 1717 1185 219 117 -1 -1
18 21 202 1611 1393 448 389 -1 -1
18 22 202 2027 1275 207 111 -1 -1
18 1 203 195 655 178 79 -1 -1
18 2 203 331 693 229 122 -1 -1
18 3 203 283 568 139 65 -1 -1
18 12 203 1717 1185 218 117 -1 -1
18 21 203 1610 1392 449 390 -1 -1
18 22 203 2000 1274 197 113 -1 -1
18 1 204 195 655 178 79 -1 -1
18 2 204 331 693 229 122 -1 -1
18 3 204 283 568 139 65 -1 -1
18 12 204 1717 1184 217 118 -1 -1
18 21 204 1610 1392 449 390 -1 -1
18 22 204 1971 1264 195 121 -1 -1
18 1 205 196 655 178 79 -1 -1
18 2 205 331 694 229 121 -1 -1
18 3 205 284 569 138 64 -1 -1
18 12 205 1718 1187 215 114 -1 -1
18 21 205 1610 1392 449 390 -1 -1
18 22 205 1945 1251 198 128 -1 -1
18 1 206 195 655 179 79 -1 -1
18 2 206 331 694 230 121 -1 -1
18 3 206 284 569 138 64 -1 -1
18 12 206 1719 1185 219 115 -1 -1
18 21 206 1610 1392 449 390 -1 -1
18 22 206 1914 1245 203 128 -1 -1
18 1 207 195 655 179 79 -1 -1
18 2 207 331 694 229 121 -1 -1
18 3 207 284 569 138 64 -1 -1
18 12 207 1721 1194 213 100 -1 -1
18 21 207 1610 1392 449 390 -1 -1
18 22 207 1882 1239 209 132 -1 -1
18 1 208 195 655 179 79 -1 -1
18 2 208 331 694 230 121 -1 -1
18 3 208 284 568 138 65 -1 -1
18 12 208 1730 1208 177 81 -1 -1
18 22 208 1847 1232 215 135 -1 -1
18 1 209 195 655 179 79 -1 -1
18 2 209 331 694 230 121 -1 -1
18 3 209 284 568 138 65 -1 -1
18 12 209 1716 1176 167 99 -1 -1
18 22 209 1806 1223 229 139 -1 -1
18 1 210 196 655 178 79 -1 -1
18 2 210 331 694 230 121 -1 -1
18 3 210 284 568 138 65 -1 -1
18 12 210 1716 1176 167 99 -1 -1
18 22 210 1776 1215 229 142 -1 -1
18 1 211 196 655 178 79 -1 -1
18 2 211 331 694 229 121 -1 -1
18 3 211 283 568 139 65 -1 -1
18 12 211 1716 1176 167 99 -1 -1
18 22 211 1723 1186 257 169 -1 -1
18 23 211 1610 1391 449 391 -1 -1
18 1 212 196 655 178 79 -1 -1
18 2 212 331 694 229 122 -1 -1
18 3 212 284 568 138 65 -1 -1
18 12 212 1716 1176 167 99 -1 -1
18 22 212 1698 1185 249 164 -1 -1
18 23 212 1610 1391 449 391 -1 -1
18 24 212 776 656 128 64 -1 -1
18 1 213 196 655 178 79 -1 -1
18 2 213 331 694 229 122 -1 -1
18 3 213 284 568 138 65 -1 -1
18 22 213 1660 1184 279 162 -1 -1
18 23 213 1610 1392 449 390 -1 -1
18 24 213 769 652 136 67 -1 -1
18 1 214 196 655 178 79 -1 -1
18 2 214 331 693 229 123 -1 -1
18 3 214 284 568 138 65 -1 -1
18 22 214 1616 1181 314 158 -1 -1
18 23 214 1610 1392 449 391 -1 -1
18 24 214 769 652 136 67 -1 -1
18 1 215 196 655 178 79 -1 -1
18 2 215 331 694 229 122 -1 -1
18 3 215 284 568 138 65 -1 -1
18 22 215 1569 1174 345 163 -1 -1
18 23 215 1610 1392 450 391 -1 -1
18 24 215 769 652 136 67 -1 -1
18 1 216 196 655 178 79 -1 -1
18 2 216 331 694 229 122 -1 -1
18 3 216 284 569 138 64 -1 -1
18 22 216 1524 1163 313 171 -1 -1
18 23 216 1610 1391 450 392 -1 -1
18 24 216 769 652 136 67 -1 -1
18 1 217 195 655 179 79 -1 -1
18 2 217 331 694 229 121 -1 -1
18 3 217 285 569 137 64 -1 -1
18 22 217 1474 1156 284 173 -1 -1
18 23 217 1610 1391 449 392 -1 -1
18 25 217 1766 1213 170 90 -1 -1
18 1 218 195 655 179 79 -1 -1
18 2 218 331 694 229 121 -1 -1
18 3 218 285 569 137 64 -1 -1
18 22 218 1424 1148 309 179 -1 -1
18 23 218 1610 1391 450 392 -1 -1
18 25 218 1746 1199 190 104 -1 -1
18 1 219 195 655 179 79 -1 -1
18 2 219 331 694 229 121 -1 -1
18 3 219 285 569 137 64 -1 -1
18 22 219 1369 1140 333 185 -1 -1
18 23 219 1610 1392 449 391 -1 -1
18 25 219 1715 1182 222 120 -1 -1
18 1 220 195 655 179 79 -1 -1
18 2 220 331 694 229 121 -1 -1
18 3 220 285 569 137 64 -1 -1
18 22 220 1310 1128 347 196 -1 -1
18 23 220 1610 1392 449 391 -1 -1
18 25 220 1716 1183 221 119 -1 -1
18 1 221 195 656 180 79 -1 -1
18 2 221 329 695 232 119 -1 -1
18 3 221 285 567 137 66 -1 -1
18 22 221 1242 1122 368 202 -1 -1
18 23 221 1610 1393 448 390 -1 -1
18 25 221 1719 1188 219 114 -1 -1
18 1 222 195 656 180 79 -1 -1
18 2 222 329 695 232 119 -1 -1
18 3 222 285 567 137 66 -1 -1
18 22 222 1173 1116 390 211 -1 -1
18 23 222 1610 1393 448 390 -1 -1
18 25 222 1717 1185 221 117 -1 -1
18 1 223 195 656 180 79 -1 -1
18 2 223 329 695 232 119 -1 -1
18 3 223 285 567 137 66 -1 -1
18 22 223 1100 1105 401 223 -1 -1
18 23 223 1610 1393 449 389 -1 -1
18 25 223 1717 1185 221 117 -1 -1
18 1 224 195 656 179 79 -1 -1
18 2 224 329 695 232 119 -1 -1
18 3 224 285 567 137 66 -1 -1
18 22 224 1013 1094 439 239 -1 -1
18 23 224 1609 1393 449 390 -1 -1
18 25 224 1716 1183 222 119 -1 -1
18 1 225 195 656 179 79 -1 -1
18 2 225 330 695 231 119 -1 -1
18 3 225 285 567 137 66 -1 -1
18 22 225 924 1085 467 257 -1 -1
18 23 225 1609 1393 448 389 -1 -1
18 25 225 1716 1182 222 120 -1 -1
18 1 226 195 656 179 79 -1 -1
18 2 226 329 695 232 120 -1 -1
18 3 226 285 567 137 66 -1 -1
18 22 226 813 1070 521 283 -1 -1
18 23 226 1609 1393 448 389 -1 -1
18 25 226 1716 1181 222 121 -1 -1
18 1 227 195 656 179 79 -1 -1
18 2 227 329 695 232 120 -1 -1
18 3 227 285 567 137 66 -1 -1
18 22 227 701 1057 552 295 -1 -1
18 23 227 1609 1393 448 389 -1 -1
18 25 227 1717 1183 221 119 -1 -1
18 1 228 195 656 179 79 -1 -1
18 2 228 329 695 232 120 -1 -1
18 3 228 284 567 138 66 -1 -1
18 22 228 572 1048 532 314 -1 -1
18 23 228 1609 1393 448 389 -1 -1
18 25 228 1717 1183 221 119 -1 -1
18 1 229 195 655 178 80 -1 -1
18 2 229 331 696 230 118 -1 -1
18 3 229 284 568 138 65 -1 -1
18 22 229 572 1048 532 314 -1 -1
18 25 229 1716 1182 222 120 -1 -1
18 1 230 195 655 178 80 -1 -1
18 2 230 331 696 230 118 -1 -1
18 3 230 284 567 138 66 -1 -1
18 22 230 231 1039 539 338 -1 -1
18 25 230 1716 1182 222 120 -1 -1
18 1 231 196 655 178 80 -1 -1
18 2 231 331 695 231 120 -1 -1
18 3 231 283 567 139 67 -1 -1
18 22 231 231 1039 539 338 -1 -1
18 25 231 1718 1187 219 115 -1 -1
18 26 231 381 1065 512 315 -1 -1
18 1 232 196 655 178 80 -1 -1
18 2 232 331 695 231 119 -1 -1
18 3 232 283 567 139 67 -1 -1
18 22 232 0 1073 408 350 -1 -1
18 25 232 1717 1186 220 116 -1 -1
18 26 232 381 1065 512 315 -1 -1
18 1 233 196 655 178 80 -1 -1
18 2 233 330 695 232 119 -1 -1
18 3 233 283 567 139 67 -1 -1
18 22 233 0 1073 408 350 -1 -1
18 25 233 1717 1187 220 115 -1 -1
18 26 233 381 1065 512 315 -1 -1
18 27 233 0 994 556 420 -1 -1
18 1 234 196 655 178 80 -1 -1
18 2 234 330 695 232 120 -1 -1
18 3 234 283 567 139 67 -1 -1
18 22 234 0 1073 408 350 -1 -1
18 25 234 1717 1187 220 115 -1 -1
18 26 234 381 1065 512 315 -1 -1
18 27 234 0 1014 420 402 -1 -1
18 1 235 196 655 178 80 -1 -1
18 2 235 331 694 231 120 -1 -1
18 3 235 283 567 139 67 -1 -1
18 22 235 0 1073 408 350 -1 -1
18 25 235 1718 1187 219 115 -1 -1
18 27 235 0 1014 420 402 -1 -1
18 1 236 196 655 178 80 -1 -1
18 2 236 331 695 231 119 -1 -1
18 3 236 282 567 140 66 -1 -1
18 25 236 1718 1187 219 115 -1 -1
18 27 236 0 1014 420 402 -1 -1
18 1 237 197 655 177 80 -1 -1
18 2 237 331 695 231 119 -1 -1
18 3 237 282 567 140 67 -1 -1
18 25 237 1718 1187 219 115 -1 -1
18 27 237 0 1014 420 402 -1 -1
18 1 238 196 655 177 80 -1 -1
18 2 238 331 695 231 119 -1 -1
18 3 238 281 567 141 67 -1 -1
18 25 238 1717 1187 220 115 -1 -1
18 1 239 196 655 178 80 -1 -1
18 2 239 331 695 231 119 -1 -1
18 3 239 281 567 141 67 -1 -1
18 25 239 1717 1187 220 115 -1 -1
18 1 240 197 655 177 80 -1 -1
18 2 240 331 695 231 119 -1 -1
18 3 240 281 567 141 67 -1 -1
18 25 240 1717 1187 220 115 -1 -1
18 1 241 197 655 175 80 -1 -1
18 2 241 330 693 231 122 -1 -1
18 3 241 283 568 139 65 -1 -1
18 25 241 1717 1187 221 116 -1 -1
18 1 242 197 655 175 80 -1 -1
18 2 242 330 693 231 122 -1 -1
18 3 242 283 568 139 65 -1 -1
18 25 242 1717 1187 221 116 -1 -1
18 1 243 197 655 175 80 -1 -1
18 2 243 330 693 231 122 -1 -1
18 3 243 283 568 139 65 -1 -1
18 25 243 1717 1187 221 116 -1 -1
18 1 244 197 655 175 80 -1 -1
18 2 244 330 693 231 122 -1 -1
18 3 244 283 568 139 65 -1 -1
18 25 244 1717 1188 221 115 -1 -1
18 1 245 197 655 175 80 -1 -1
18 2 245 330 693 231 122 -1 -1
18 3 245 283 568 139 65 -1 -1
18 25 245 1717 1187 221 116 -1 -1
18 1 246 197 655 175 80 -1 -1
18 2 246 330 693 231 122 -1 -1
18 3 246 283 568 139 65 -1 -1
18 25 246 1717 1188 221 115 -1 -1
18 1 247 197 655 175 80 -1 -1
18 2 247 330 693 231 123 -1 -1
18 3 247 283 568 139 65 -1 -1
18 25 247 1717 1187 221 116 -1 -1
18 1 248 197 655 175 80 -1 -1
18 2 248 330 693 231 122 -1 -1
18 3 248 283 568 139 65 -1 -1
18 25 248 1717 1188 221 115 -1 -1
18 1 249 197 655 175 80 -1 -1
18 2 249 330 693 231 122 -1 -1
18 3 249 283 568 139 65 -1 -1
18 25 249 1717 1188 221 115 -1 -1
18 1 250 197 655 175 80 -1 -1
18 2 250 330 693 231 122 -1 -1
18 3 250 283 568 139 65 -1 -1
18 25 250 1717 1188 221 115 -1 -1
18 1 251 196 655 177 80 -1 -1
18 2 251 330 694 232 121 -1 -1
18 3 251 283 569 139 64 -1 -1
18 25 251 1718 1190 219 112 -1 -1
18 1 252 196 655 178 80 -1 -1
18 2 252 330 694 232 121 -1 -1
18 3 252 283 569 138 64 -1 -1
18 25 252 1718 1190 219 112 -1 -1
18 1 253 196 655 177 80 -1 -1
18 2 253 331 693 231 121 -1 -1
18 3 253 281 568 140 66 -1 -1
18 25 253 1718 1191 219 112 -1 -1
18 28 253 1595 1401 472 393 -1 -1
18 1 254 196 655 177 80 -1 -1
18 2 254 331 693 231 121 -1 -1
18 3 254 281 568 140 66 -1 -1
18 25 254 1718 1190 219 113 -1 -1
18 28 254 1595 1401 473 393 -1 -1
18 1 255 196 655 177 80 -1 -1
18 2 255 331 693 231 121 -1 -1
18 3 255 281 568 140 66 -1 -1
18 25 255 1718 1192 219 111 -1 -1
18 28 255 1595 1401 472 393 -1 -1
18 1 256 196 655 177 80 -1 -1
18 2 256 331 693 231 121 -1 -1
18 3 256 280 568 141 66 -1 -1
18 25 256 1718 1191 219 112 -1 -1
18 28 256 1595 1400 471 395 -1 -1
18 1 257 196 655 177 80 -1 -1
18 2 257 331 693 231 121 -1 -1
18 3 257 280 568 141 66 -1 -1
18 25 257 1718 1192 219 111 -1 -1
18 28 257 1595 1400 472 394 -1 -1
18 1 258 196 655 177 80 -1 -1
18 2 258 331 693 231 121 -1 -1
18 3 258 280 568 141 66 -1 -1
18 25 258 1718 1191 219 112 -1 -1
18 28 258 1595 1400 471 394 -1 -1
18 1 259 196 655 176 80 -1 -1
18 2 259 331 693 231 121 -1 -1
18 3 259 280 569 142 65 -1 -1
18 25 259 1718 1191 219 112 -1 -1
18 28 259 1595 1400 471 394 -1 -1
18 1 260 196 655 176 80 -1 -1
18 2 260 331 693 231 121 -1 -1
18 3 260 280 568 141 66 -1 -1
18 25 260 1718 1191 219 112 -1 -1
18 28 260 1595 1400 471 394 -1 -1
18 1 261 196 655 176 80 -1 -1
18 2 261 331 693 231 121 -1 -1
18 3 261 280 568 141 66 -1 -1
18 25 261 1718 1191 219 112 -1 -1
18 28 261 1595 1400 470 393 -1 -1
18 1 262 196 655 176 80 -1 -1
18 2 262 331 693 231 121 -1 -1
18 3 262 280 568 141 66 -1 -1
18 25 262 1717 1190 220 113 -1 -1
18 28 262 1595 1400 470 393 -1 -1
18 1 263 196 655 176 80 -1 -1
18 2 263 331 693 231 121 -1 -1
18 3 263 280 568 141 66 -1 -1
18 25 263 1717 1190 220 113 -1 -1
18 28 263 1595 1400 470 393 -1 -1
18 1 264 196 655 176 80 -1 -1
18 2 264 331 693 231 121 -1 -1
18 3 264 280 568 141 66 -1 -1
18 25 264 1717 1190 220 113 -1 -1
18 28 264 1595 1400 471 393 -1 -1
18 1 265 196 655 177 80 -1 -1
18 2 265 331 693 231 121 -1 -1
18 3 265 279 569 143 65 -1 -1
18 25 265 1718 1191 219 112 -1 -1
18 28 265 1595 1400 471 393 -1 -1
18 1 266 196 655 178 80 -1 -1
18 2 266 331 693 231 121 -1 -1
18 3 266 279 569 143 65 -1 -1
18 25 266 1718 1191 219 112 -1 -1
18 28 266 1595 1400 471 393 -1 -1
18 1 267 196 655 178 80 -1 -1
18 2 267 331 693 231 121 -1 -1
18 3 267 280 569 142 65 -1 -1
18 25 267 1718 1190 219 113 -1 -1
18 28 267 1595 1400 471 393 -1 -1
18 1 268 196 655 177 80 -1 -1
18 2 268 331 693 231 121 -1 -1
18 3 268 280 569 142 65 -1 -1
18 25 268 1718 1190 219 113 -1 -1
18 1 269 196 655 177 80 -1 -1
18 2 269 331 693 231 121 -1 -1
18 3 269 280 568 142 66 -1 -1
18 25 269 1718 1190 219 113 -1 -1
18 1 270 196 655 178 80 -1 -1
18 2 270 331 693 231 121 -1 -1
18 3 270 280 568 142 66 -1 -1
18 25 270 1718 1191 219 112 -1 -1
18 1 271 196 655 179 80 -1 -1
18 2 271 330 694 231 120 -1 -1
18 3 271 277 566 144 66 -1 -1
18 25 271 1716 1189 221 113 -1 -1
18 29 271 2398 1370 112 66 -1 -1
18 1 272 196 655 179 80 -1 -1
18 2 272 330 693 231 121 -1 -1
18 3 272 276 566 145 67 -1 -1
18 25 272 1716 1190 221 112 -1 -1
18 29 272 2398 1370 112 66 -1 -1
18 1 273 196 655 179 80 -1 -1
18 2 273 330 694 232 120 -1 -1
18 3 273 276 566 145 67 -1 -1
18 25 273 1716 1190 221 112 -1 -1
18 29 273 2373 1368 117 66 -1 -1
18 30 273 1610 1391 453 392 -1 -1
18 1 274 196 655 179 80 -1 -1
18 2 274 330 694 232 120 -1 -1
18 3 274 277 566 144 67 -1 -1
18 25 274 1716 1190 221 112 -1 -1
18 29 274 2373 1368 117 66 -1 -1
18 30 274 1610 1391 453 393 -1 -1
18 1 275 196 655 179 80 -1 -1
18 2 275 330 694 232 120 -1 -1
18 3 275 276 567 145 66 -1 -1
18 25 275 1716 1189 221 113 -1 -1
18 29 275 2373 1368 117 66 -1 -1
18 30 275 1610 1391 453 393 -1 -1
18 1 276 196 655 179 80 -1 -1
18 2 276 330 694 232 120 -1 -1
18 3 276 276 567 145 66 -1 -1
18 25 276 1716 1189 221 113 -1 -1
18 29 276 2329 1352 129 76 -1 -1
18 30 276 1610 1391 453 393 -1 -1
18 1 277 195 655 179 80 -1 -1
18 2 277 331 695 230 119 -1 -1
18 3 277 277 567 144 66 -1 -1
18 25 277 1716 1188 221 114 -1 -1
18 29 277 2315 1351 127 73 -1 -1
18 30 277 1610 1392 453 393 -1 -1
18 1 278 195 655 179 80 -1 -1
18 2 278 331 695 230 119 -1 -1
18 3 278 277 567 144 66 -1 -1
18 25 278 1716 1188 221 114 -1 -1
18 29 278 2298 1352 132 71 -1 -1
18 30 278 1610 1392 453 393 -1 -1
18 1 279 195 655 179 80 -1 -1
18 2 279 331 695 230 119 -1 -1
18 3 279 277 567 144 66 -1 -1
18 25 279 1715 1187 222 115 -1 -1
18 29 279 2283 1345 136 77 -1 -1
18 30 279 1610 1392 453 393 -1 -1
18 1 280 195 655 179 80 -1 -1
18 2 280 331 695 230 119 -1 -1
18 3 280 277 567 144 65 -1 -1
18 25 280 1715 1187 222 115 -1 -1
18 29 280 2269 1344 132 74 -1 -1
18 30 280 1610 1392 453 393 -1 -1
18 1 281 195 655 179 80 -1 -1
18 2 281 331 695 230 119 -1 -1
18 3 281 277 567 144 66 -1 -1
18 25 281 1715 1187 222 115 -1 -1
18 29 281 2248 1341 140 77 -1 -1
18 30 281 1610 1392 453 393 -1 -1
18 1 282 195 655 179 80 -1 -1
18 2 282 331 695 230 119 -1 -1
18 3 282 277 567 144 66 -1 -1
18 25 282 1715 1187 222 115 -1 -1
18 29 282 2229 1334 145 83 -1 -1
18 30 282 1610 1392 453 393 -1 -1
18 1 283 195 655 179 80 -1 -1
18 2 283 331 695 230 119 -1 -1
18 3 283 277 567 144 66 -1 -1
18 25 283 1715 1187 222 115 -1 -1
18 29 283 2202 1324 156 88 -1 -1
18 30 283 1610 1392 453 393 -1 -1
18 1 284 195 655 179 80 -1 -1
18 2 284 331 695 230 119 -1 -1
18 3 284 277 567 144 66 -1 -1
18 25 284 1715 1188 222 114 -1 -1
18 29 284 2202 1324 156 88 -1 -1
18 30 284 1610 1392 453 393 -1 -1
18 1 285 195 655 179 80 -1 -1
18 2 285 331 695 230 119 -1 -1
18 3 285 277 567 144 66 -1 -1
18 25 285 1716 1188 221 114 -1 -1
18 29 285 2168 1308 158 102 -1 -1
18 30 285 1610 1392 452 392 -1 -1
18 1 286 195 655 179 80 -1 -1
18 2 286 331 695 230 120 -1 -1
18 3 286 277 567 144 66 -1 -1
18 25 286 1716 1188 221 114 -1 -1
18 29 286 2168 1308 158 102 -1 -1
18 30 286 1610 1392 452 393 -1 -1
18 1 287 195 655 179 80 -1 -1
18 2 287 331 695 230 119 -1 -1
18 3 287 277 567 144 66 -1 -1
18 25 287 1716 1189 221 113 -1 -1
18 29 287 2168 1308 158 102 -1 -1
18 30 287 1610 1392 452 392 -1 -1
18 1 288 195 655 179 80 -1 -1
18 2 288 331 695 230 119 -1 -1
18 3 288 277 567 144 66 -1 -1
18 25 288 1716 1189 221 113 -1 -1
18 29 288 2168 1308 158 102 -1 -1
18 30 288 1610 1392 451 392 -1 -1
18 1 289 195 655 179 80 -1 -1
18 2 289 331 695 230 119 -1 -1
18 3 289 278 567 143 65 -1 -1
18 25 289 1716 1188 221 114 -1 -1
18 30 289 1610 1392 451 393 -1 -1
18 1 290 195 655 179 80 -1 -1
18 2 290 331 695 230 119 -1 -1
18 3 290 277 567 143 65 -1 -1
18 25 290 1716 1189 220 113 -1 -1
18 30 290 1610 1392 451 393 -1 -1
18 31 290 2060 1294 163 91 -1 -1
18 1 291 195 655 179 80 -1 -1
18 2 291 331 695 230 119 -1 -1
18 3 291 277 567 144 65 -1 -1
18 25 291 1716 1189 220 113 -1 -1
18 30 291 1610 1391 452 394 -1 -1
18 31 291 2034 1287 169 98 -1 -1
18 1 292 195 655 179 80 -1 -1
18 2 292 330 695 231 119 -1 -1
18 3 292 277 567 144 65 -1 -1
18 25 292 1716 1190 220 112 -1 -1
18 30 292 1610 1391 452 394 -1 -1
18 31 292 2008 1283 184 99 -1 -1
18 1 293 195 655 180 80 -1 -1
18 2 293 330 694 231 122 -1 -1
18 3 293 279 566 142 67 -1 -1
18 25 293 1716 1186 219 116 -1 -1
18 30 293 1609 1390 456 396 -1 -1
18 31 293 1980 1278 186 101 -1 -1
18 32 293 0 1530 514 390 -1 -1
18 1 294 195 655 180 80 -1 -1
18 2 294 330 694 232 121 -1 -1
18 3 294 279 566 142 67 -1 -1
18 25 294 1716 1187 218 115 -1 -1
18 30 294 1609 1390 457 395 -1 -1
18 31 294 1951 1271 194 104 -1 -1
18 32 294 0 1530 514 390 -1 -1
18 1 295 195 655 180 80 -1 -1
18 2 295 330 694 232 121 -1 -1
18 3 295 279 566 142 67 -1 -1
18 25 295 1716 1185 221 117 -1 -1
18 30 295 1610 1390 457 395 -1 -1
18 31 295 1924 1265 197 106 -1 -1
18 32 295 0 1530 514 390 -1 -1
18 1 296 195 655 180 80 -1 -1
18 2 296 330 694 232 121 -1 -1
18 3 296 279 566 142 67 -1 -1
18 25 296 1716 1185 221 117 -1 -1
18 30 296 1609 1389 459 397 -1 -1
18 31 296 1897 1257 200 109 -1 -1
18 32 296 0 1530 514 390 -1 -1
18 1 297 195 655 180 80 -1 -1
18 2 297 330 694 232 121 -1 -1
18 3 297 278 565 143 68 -1 -1
18 25 297 1720 1198 216 91 -1 -1
18 30 297 1609 1389 459 397 -1 -1
18 31 297 1897 1257 200 109 -1 -1
18 1 298 195 655 180 80 -1 -1
18 2 298 330 694 232 121 -1 -1
18 3 298 279 565 142 68 -1 -1
18 25 298 1720 1198 216 91 -1 -1
18 30 298 1609 1389 459 397 -1 -1
18 31 298 1837 1245 204 112 -1 -1
18 1 299 195 655 180 80 -1 -1
18 2 299 330 694 232 121 -1 -1
18 3 299 279 565 142 68 -1 -1
18 25 299 1720 1198 216 91 -1 -1
18 30 299 1609 1389 459 397 -1 -1
18 31 299 1802 1233 213 120 -1 -1
18 1 300 195 655 179 80 -1 -1
18 2 300 330 694 232 121 -1 -1
18 3 300 279 565 142 68 -1 -1
18 25 300 1720 1198 216 91 -1 -1
18 31 300 1745 1214 241 132 -1 -1
18 1 301 196 655 180 80 -1 -1
18 2 301 330 694 231 121 -1 -1
18 3 301 280 566 141 67 -1 -1
18 25 301 1712 1179 240 166 -1 -1
18 31 301 1745 1214 241 132 -1 -1
18 1 302 196 655 180 80 -1 -1
18 2 302 330 694 231 121 -1 -1
18 3 302 280 566 141 67 -1 -1
18 25 302 1678 1177 256 161 -1 -1
18 31 302 1745 1214 241 132 -1 -1
18 33 302 1048 1250 560 364 -1 -1
18 1 303 197 655 178 79 -1 -1
18 2 303 330 694 231 121 -1 -1
18 3 303 280 567 141 65 -1 -1
18 25 303 1639 1197 273 136 -1 -1
18 31 303 1745 1214 241 132 -1 -1
18 33 303 1138 1261 530 323 -1 -1
18 34 303 1612 1392 453 392 -1 -1
18 1 304 197 655 178 79 -1 -1
18 2 304 330 694 231 121 -1 -1
18 3 304 280 567 141 65 -1 -1
18 25 304 1600 1199 260 130 -1 -1
18 33 304 1233 1259 471 309 -1 -1
18 34 304 1611 1392 453 392 -1 -1
18 1 305 197 655 177 79 -1 -1
18 2 305 330 694 231 121 -1 -1
18 3 305 280 567 141 65 -1 -1
18 25 305 1558 1193 260 135 -1 -1
18 33 305 1315 1260 434 285 -1 -1
18 34 305 1611 1390 454 393 -1 -1
18 1 306 197 655 177 79 -1 -1
18 2 306 330 694 231 121 -1 -1
18 3 306 280 567 141 65 -1 -1
18 25 306 1514 1183 273 137 -1 -1
18 33 306 1382 1272 390 262 -1 -1
18 34 306 1611 1388 454 396 -1 -1
18 1 307 197 655 177 79 -1 -1
18 2 307 330 694 231 121 -1 -1
18 3 307 280 567 141 65 -1 -1
18 25 307 1466 1166 291 134 -1 -1
18 33 307 1447 1275 363 249 -1 -1
18 34 307 1610 1394 454 390 -1 -1
18 35 307 1736 1194 201 109 -1 -1
18 1 308 197 655 177 79 -1 -1
18 2 308 330 694 231 121 -1 -1
18 3 308 280 567 141 66 -1 -1
18 25 308 1414 1162 309 145 -1 -1
18 33 308 1508 1274 344 195 -1 -1
18 34 308 1611 1392 453 392 -1 -1
18 35 308 1713 1181 224 123 -1 -1
18 1 309 197 655 177 79 -1 -1
18 2 309 330 694 231 121 -1 -1
18 3 309 280 567 141 66 -1 -1
18 25 309 1364 1156 323 157 -1 -1
18 33 309 1564 1275 328 193 -1 -1
18 34 309 1610 1395 454 390 -1 -1
18 35 309 1717 1185 220 119 -1 -1
18 36 309 2350 1354 117 77 -1 -1
18 1 310 197 655 177 79 -1 -1
18 2 310 330 693 231 122 -1 -1
18 3 310 280 567 141 66 -1 -1
18 25 310 1309 1149 335 165 -1 -1
18 33 310 1564 1275 328 193 -1 -1
18 34 310 1609 1397 455 388 -1 -1
18 35 310 1718 1189 219 115 -1 -1
18 36 310 2333 1350 118 76 -1 -1
18 1 311 196 655 178 79 -1 -1
18 2 311 330 693 231 122 -1 -1
18 3 311 280 567 141 66 -1 -1
18 25 311 1246 1140 355 173 -1 -1
18 33 311 1662 1285 257 147 -1 -1
18 34 311 1610 1391 451 393 -1 -1
18 35 311 1718 1191 218 114 -1 -1
18 36 311 2333 1350 118 76 -1 -1
18 1 312 196 655 178 79 -1 -1
18 2 312 330 693 231 122 -1 -1
18 3 312 279 567 142 66 -1 -1
18 25 312 1182 1132 379 182 -1 -1
18 33 312 1701 1288 283 151 -1 -1
18 34 312 1609 1395 450 389 -1 -1
18 35 312 1718 1191 219 113 -1 -1
18 36 312 2301 1344 128 76 -1 -1
18 1 313 196 655 177 80 -1 -1
18 2 313 331 696 230 119 -1 -1
18 3 313 281 566 141 66 -1 -1
18 25 313 1115 1126 394 190 -1 -1
18 33 313 1701 1288 283 151 -1 -1
18 34 313 1610 1396 455 388 -1 -1
18 35 313 1717 1182 221 119 -1 -1
18 36 313 2282 1344 124 74 -1 -1
18 37 313 1715 1179 223 118 -1 -1
18 1 314 196 655 177 80 -1 -1
18 2 314 331 696 230 119 -1 -1
18 3 314 281 565 141 67 -1 -1
18 25 314 1040 1124 420 196 -1 -1
18 33 314 1701 1288 283 151 -1 -1
18 34 314 1610 1394 455 390 -1 -1
18 35 314 1715 1183 223 117 -1 -1
18 36 314 2266 1340 124 76 -1 -1
18 37 314 1715 1179 223 118 -1 -1
18 1 315 196 655 177 80 -1 -1
18 2 315 331 697 230 118 -1 -1
18 3 315 281 566 141 66 -1 -1
18 25 315 949 1113 460 209 -1 -1
18 33 315 1701 1288 283 151 -1 -1
18 34 315 1609 1392 457 392 -1 -1
18 35 315 1715 1183 223 120 -1 -1
18 36 315 2244 1335 129 80 -1 -1
18 37 315 1715 1179 223 118 -1 -1
18 1 316 196 655 176 80 -1 -1
18 2 316 331 696 230 119 -1 -1
18 3 316 281 566 141 66 -1 -1
18 25 316 863 1104 484 226 -1 -1
18 34 316 1609 1391 456 393 -1 -1
18 35 316 1716 1187 221 116 -1 -1
18 36 316 2244 1335 129 80 -1 -1
18 37 316 1715 1179 223 118 -1 -1
18 38 316 1864 1310 243 151 -1 -1
18 1 317 196 655 176 80 -1 -1
18 2 317 331 696 230 119 -1 -1
18 3 317 281 566 141 66 -1 -1
18 25 317 769 1098 521 241 -1 -1
18 34 317 1609 1391 456 393 -1 -1
18 35 317 1716 1187 223 116 -1 -1
18 36 317 2244 1335 129 80 -1 -1
18 38 317 1890 1315 250 166 -1 -1
18 1 318 197 655 175 80 -1 -1
18 2 318 331 696 230 119 -1 -1
18 3 318 280 566 142 66 -1 -1
18 25 318 651 1098 589 254 -1 -1
18 34 318 1609 1391 456 393 -1 -1
18 35 318 1716 1188 222 115 -1 -1
18 36 318 2244 1335 129 80 -1 -1
18 38 318 1921 1319 238 159 -1 -1
18 1 319 196 655 176 79 -1 -1
18 2 319 331 696 230 119 -1 -1
18 3 319 280 566 142 66 -1 -1
18 25 319 515 1087 621 271 -1 -1
18 34 319 1609 1391 456 393 -1 -1
18 35 319 1716 1188 222 115 -1 -1
18 38 319 1950 1322 282 156 -1 -1
18 1 320 196 655 176 79 -1 -1
18 2 320 330 696 231 119 -1 -1
18 3 320 281 566 141 66 -1 -1
18 25 320 374 1108 582 259 -1 -1
18 35 320 1716 1188 222 115 -1 -1
18 38 320 1985 1326 252 154 -1 -1
18 1 321 197 655 175 80 -1 -1
18 2 321 331 697 230 118 -1 -1
18 3 321 280 566 142 66 -1 -1
18 25 321 194 1069 590 310 -1 -1
18 35 321 1716 1186 222 117 -1 -1
18 38 321 1985 1326 252 154 -1 -1
18 1 322 197 655 175 80 -1 -1
18 2 322 331 696 230 119 -1 -1
18 3 322 280 566 142 66 -1 -1
18 25 322 0 1099 516 262 -1 -1
18 35 322 1716 1185 222 118 -1 -1
18 38 322 2042 1335 209 140 -1 -1
18 1 323 196 655 176 81 -1 -1
18 2 323 331 697 231 117 -1 -1
18 3 323 282 567 139 65 -1 -1
18 25 323 0 1043 395 377 -1 -1
18 35 323 1715 1185 224 118 -1 -1
18 38 323 2064 1337 210 141 -1 -1
18 1 324 196 655 176 81 -1 -1
18 2 324 331 697 231 117 -1 -1
18 3 324 282 567 139 65 -1 -1
18 25 324 0 1043 395 377 -1 -1
18 35 324 1716 1187 222 116 -1 -1
18 38 324 2102 1341 188 138 -1 -1
18 39 324 2025 1286 183 82 -1 -1
18 1 325 196 655 175 81 -1 -1
18 2 325 331 695 231 119 -1 -1
18 3 325 284 567 137 66 -1 -1
18 25 325 0 1043 395 377 -1 -1
18 35 325 1716 1184 222 118 -1 -1
18 38 325 2102 1341 188 138 -1 -1
18 39 325 1994 1279 182 94 -1 -1
18 40 325 0 1044 420 370 -1 -1
18 1 326 196 655 175 81 -1 -1
18 2 326 331 695 231 119 -1 -1
18 3 326 284 567 137 66 -1 -1
18 25 326 0 1043 395 377 -1 -1
18 35 326 1716 1185 221 117 -1 -1
18 38 326 2137 1348 190 135 -1 -1
18 39 326 1961 1274 179 100 -1 -1
18 40 326 0 1044 420 370 -1 -1
18 1 327 196 655 175 81 -1 -1
18 2 327 331 695 231 119 -1 -1
18 3 327 284 567 137 66 -1 -1
18 35 327 1716 1185 223 116 -1 -1
18 38 327 2155 1348 190 136 -1 -1
18 39 327 1930 1266 184 105 -1 -1
18 40 327 0 1044 420 370 -1 -1
18 1 328 196 655 175 80 -1 -1
18 2 328 331 696 231 119 -1 -1
18 3 328 284 567 137 66 -1 -1
18 35 328 1716 1188 222 112 -1 -1
18 38 328 2194 1345 167 139 -1 -1
18 39 328 1896 1255 191 112 -1 -1
18 40 328 0 1044 420 370 -1 -1
18 1 329 196 655 175 80 -1 -1
18 2 329 331 696 231 119 -1 -1
18 3 329 284 567 137 65 -1 -1
18 35 329 1723 1199 212 91 -1 -1
18 38 329 2200 1351 176 136 -1 -1
18 39 329 1858 1248 196 115 -1 -1
18 1 330 196 655 175 81 -1 -1
18 2 330 331 696 231 119 -1 -1
18 3 330 284 567 137 65 -1 -1
18 35 330 1723 1199 212 91 -1 -1
18 38 330 2194 1354 195 134 -1 -1
18 39 330 1822 1244 200 115 -1 -1
18 1 331 196 655 175 80 -1 -1
18 2 331 331 696 231 119 -1 -1
18 3 331 284 567 137 66 -1 -1
18 35 331 1714 1184 170 84 -1 -1
18 38 331 2203 1363 209 124 -1 -1
18 39 331 1780 1231 209 121 -1 -1
18 1 332 196 655 175 80 -1 -1
18 2 332 331 695 231 120 -1 -1
18 3 332 284 567 137 66 -1 -1
18 35 332 1714 1184 170 84 -1 -1
18 38 332 2203 1363 209 124 -1 -1
18 39 332 1735 1227 221 121 -1 -1
18 1 333 197 655 176 79 -1 -1
18 2 333 331 694 230 121 -1 -1
18 3 333 275 567 147 66 -1 -1
18 35 333 1714 1184 170 84 -1 -1
18 38 333 2272 1372 161 116 -1 -1
18 39 333 1694 1190 235 154 -1 -1
18 1 334 197 655 176 79 -1 -1
18 2 334 331 694 230 121 -1 -1
18 3 334 275 567 147 66 -1 -1
18 35 334 1714 1184 170 84 -1 -1
18 38 334 2284 1373 161 116 -1 -1
18 39 334 1651 1201 254 137 -1 -1
18 41 334 1610 1391 449 391 -1 -1
18 1 335 197 655 176 79 -1 -1
18 2 335 331 694 230 121 -1 -1
18 3 335 275 567 147 66 -1 -1
18 38 335 2302 1379 154 109 -1 -1
18 39 335 1606 1199 254 134 -1 -1
18 41 335 1610 1391 448 391 -1 -1
18 1 336 197 655 176 79 -1 -1
18 2 336 331 694 230 121 -1 -1
18 3 336 275 567 147 66 -1 -1
18 38 336 2314 1382 153 106 -1 -1
18 39 336 1558 1192 252 138 -1 -1
18 41 336 1610 1391 448 391 -1 -1
18 1 337 196 655 177 79 -1 -1
18 2 337 330 694 230 122 -1 -1
18 3 337 277 567 145 66 -1 -1
18 38 337 2328 1380 148 110 -1 -1
18 39 337 1503 1181 265 147 -1 -1
18 41 337 1610 1391 450 393 -1 -1
18 1 338 196 655 177 79 -1 -1
18 2 338 330 694 230 122 -1 -1
18 3 338 277 567 145 66 -1 -1
18 38 338 2328 1380 148 110 -1 -1
18 39 338 1449 1172 274 155 -1 -1
18 41 338 1610 1391 450 393 -1 -1
18 42 338 1725 1191 211 112 -1 -1
18 1 339 196 655 177 79 -1 -1
18 2 339 330 694 230 122 -1 -1
18 3 339 277 567 145 66 -1 -1
18 38 339 2328 1380 148 110 -1 -1
18 39 339 1392 1168 286 159 -1 -1
18 41 339 1610 1391 449 393 -1 -1
18 42 339 1717 1188 219 115 -1 -1
18 1 340 196 655 177 79 -1 -1
18 2 340 330 694 230 122 -1 -1
18 3 340 277 568 145 65 -1 -1
18 38 340 2370 1391 140 101 -1 -1
18 39 340 1327 1162 308 165 -1 -1
18 41 340 1610 1391 449 392 -1 -1
18 42 340 1718 1191 219 111 -1 -1
18 1 341 196 655 177 79 -1 -1
18 2 341 330 694 230 122 -1 -1
18 3 341 277 568 145 65 -1 -1
18 38 341 2378 1392 138 99 -1 -1
18 39 341 1256 1162 327 168 -1 -1
18 41 341 1610 1391 450 392 -1 -1
18 42 341 1717 1188 220 114 -1 -1
18 1 342 196 655 177 79 -1 -1
18 2 342 330 694 230 122 -1 -1
18 3 342 277 567 145 66 -1 -1
18 38 342 2378 1392 138 99 -1 -1
18 39 342 1182 1146 360 188 -1 -1
18 41 342 1609 1390 451 394 -1 -1
18 42 342 1716 1187 221 115 -1 -1
18 1 343 196 655 177 79 -1 -1
18 2 343 331 696 229 120 -1 -1
18 3 343 280 567 142 66 -1 -1
18 38 343 2378 1392 138 99 -1 -1
18 39 343 1099 1135 382 204 -1 -1
18 41 343 1609 1390 451 394 -1 -1
18 42 343 1715 1182 223 121 -1 -1
18 1 344 196 655 177 79 -1 -1
18 2 344 331 696 229 120 -1 -1
18 3 344 280 567 142 66 -1 -1
18 38 344 2378 1392 138 99 -1 -1
18 39 344 1004 1126 403 222 -1 -1
18 41 344 1609 1390 451 394 -1 -1
18 42 344 1715 1182 223 121 -1 -1
18 1 345 196 655 177 79 -1 -1
18 2 345 331 696 229 120 -1 -1
18 3 345 280 567 142 66 -1 -1
18 39 345 889 1119 461 234 -1 -1
18 41 345 1609 1390 451 394 -1 -1
18 42 345 1715 1182 223 121 -1 -1
18 1 346 196 655 177 79 -1 -1
18 2 346 331 696 230 120 -1 -1
18 3 346 280 567 142 65 -1 -1
18 39 346 771 1116 492 249 -1 -1
18 42 346 1716 1183 222 120 -1 -1
18 1 347 196 655 177 79 -1 -1
18 2 347 331 696 230 120 -1 -1
18 3 347 280 567 142 65 -1 -1
18 39 347 617 1092 594 295 -1 -1
18 42 347 1716 1182 222 121 -1 -1
18 1 348 196 655 177 79 -1 -1
18 2 348 331 695 230 121 -1 -1
18 3 348 281 567 141 65 -1 -1
18 39 348 617 1092 594 295 -1 -1
18 42 348 1716 1183 222 120 -1 -1
18 1 349 194 655 177 80 -1 -1
18 2 349 330 697 231 119 -1 -1
18 3 349 283 567 139 65 -1 -1
18 39 349 617 1092 594 295 -1 -1
18 42 349 1715 1184 221 119 -1 -1
18 43 349 239 1126 500 272 -1 -1
18 1 350 194 655 177 80 -1 -1
18 2 350 331 697 230 119 -1 -1
18 3 350 283 567 139 65 -1 -1
18 39 350 617 1092 594 295 -1 -1
18 42 350 1715 1183 222 120 -1 -1
18 43 350 2 1126 421 287 -1 -1
18 1 351 195 655 176 80 -1 -1
18 2 351 331 697 230 119 -1 -1
18 3 351 283 567 138 65 -1 -1
18 42 351 1715 1183 222 120 -1 -1
18 43 351 2 1126 421 287 -1 -1
18 1 352 195 655 176 80 -1 -1
18 2 352 331 697 230 119 -1 -1
18 3 352 283 566 138 66 -1 -1
18 42 352 1715 1183 222 120 -1 -1
18 43 352 2 1126 421 287 -1 -1
18 44 352 0 1083 486 354 -1 -1
18 1 353 196 655 177 80 -1 -1
18 2 353 330 695 231 119 -1 -1
18 3 353 281 568 140 65 -1 -1
18 42 353 1715 1183 222 120 -1 -1
18 43 353 2 1126 421 287 -1 -1
18 44 353 0 1083 486 354 -1 -1
18 45 353 1609 1391 454 393 -1 -1
18 1 354 196 655 176 80 -1 -1
18 2 354 330 695 231 118 -1 -1
18 3 354 282 568 139 64 -1 -1
18 42 354 1715 1183 221 120 -1 -1
18 44 354 0 1083 486 354 -1 -1
18 45 354 1609 1392 453 391 -1 -1
18 1 355 196 655 176 80 -1 -1
18 2 355 330 695 231 118 -1 -1
18 3 355 282 568 139 64 -1 -1
18 42 355 1715 1184 221 119 -1 -1
18 44 355 0 1083 486 354 -1 -1
18 45 355 1609 1392 453 391 -1 -1
18 1 356 196 655 176 80 -1 -1
18 2 356 330 695 231 119 -1 -1
18 3 356 282 568 139 64 -1 -1
18 42 356 1715 1183 222 120 -1 -1
18 45 356 1609 1392 454 391 -1 -1
18 1 357 196 655 176 80 -1 -1
18 2 357 330 695 231 119 -1 -1
18 3 357 281 568 140 64 -1 -1
18 42 357 1715 1184 222 119 -1 -1
18 45 357 1609 1392 453 391 -1 -1
18 1 358 196 655 176 80 -1 -1
18 2 358 330 695 231 119 -1 -1
18 3 358 281 568 140 64 -1 -1
18 42 358 1715 1184 222 119 -1 -1
18 45 358 1609 1392 453 391 -1 -1
18 1 359 196 655 176 80 -1 -1
18 2 359 330 695 231 119 -1 -1
18 3 359 281 568 140 65 -1 -1
18 42 359 1715 1184 222 119 -1 -1
18 45 359 1609 1392 453 391 -1 -1
18 1 360 196 655 176 80 -1 -1
18 2 360 330 695 231 119 -1 -1
18 3 360 281 568 140 65 -1 -1
18 42 360 1715 1184 222 119 -1 -1
18 45 360 1609 1392 453 391 -1 -1
18 1 361 196 655 176 80 -1 -1
18 2 361 330 695 230 119 -1 -1
18 3 361 282 569 139 63 -1 -1
18 42 361 1716 1186 221 116 -1 -1
18 45 361 1609 1392 453 391 -1 -1
18 1 362 196 655 176 80 -1 -1
18 2 362 329 695 231 120 -1 -1
18 3 362 282 569 139 63 -1 -1
18 42 362 1716 1186 221 116 -1 -1
18 1 363 196 655 176 80 -1 -1
18 2 363 329 695 231 119 -1 -1
18 3 363 282 569 139 63 -1 -1
18 42 363 1716 1185 221 117 -1 -1
18 1 364 196 655 176 80 -1 -1
18 2 364 329 695 231 119 -1 -1
18 3 364 282 569 139 63 -1 -1
18 42 364 1716 1185 221 117 -1 -1
18 1 365 196 655 176 80 -1 -1
18 2 365 329 696 231 118 -1 -1
18 3 365 282 569 139 63 -1 -1
18 42 365 1716 1186 221 116 -1 -1
18 1 366 196 655 176 80 -1 -1
18 2 366 329 695 231 119 -1 -1
18 3 366 282 569 139 63 -1 -1
18 42 366 1716 1186 221 116 -1 -1
18 1 367 196 655 176 80 -1 -1
18 2 367 329 696 231 118 -1 -1
18 3 367 282 569 139 63 -1 -1
18 42 367 1716 1186 221 116 -1 -1
18 1 368 196 655 176 80 -1 -1
18 2 368 329 696 231 118 -1 -1
18 3 368 282 569 139 63 -1 -1
18 42 368 1716 1186 221 116 -1 -1
18 1 369 195 655 177 80 -1 -1
18 2 369 329 696 231 118 -1 -1
18 3 369 282 569 139 63 -1 -1
18 42 369 1716 1185 221 117 -1 -1
18 1 370 195 655 177 80 -1 -1
18 2 370 329 696 231 118 -1 -1
18 3 370 282 569 139 63 -1 -1
18 42 370 1716 1185 221 117 -1 -1
18 1 371 195 655 177 80 -1 -1
18 2 371 329 696 231 118 -1 -1
18 3 371 282 569 139 63 -1 -1
18 42 371 1716 1185 221 117 -1 -1
18 1 372 195 655 177 80 -1 -1
18 2 372 329 696 231 118 -1 -1
18 3 372 282 569 139 63 -1 -1
18 42 372 1716 1185 221 117 -1 -1
18 1 373 195 655 177 80 -1 -1
18 2 373 329 695 231 119 -1 -1
18 3 373 280 569 141 64 -1 -1
18 42 373 1716 1186 222 116 -1 -1
18 1 374 195 655 177 80 -1 -1
18 2 374 329 695 231 119 -1 -1
18 3 374 280 569 141 64 -1 -1
18 42 374 1716 1186 222 116 -1 -1
18 1 375 195 655 177 80 -1 -1
18 2 375 329 695 231 119 -1 -1
18 3 375 280 569 141 64 -1 -1
18 42 375 1716 1186 222 116 -1 -1
18 1 376 195 655 177 80 -1 -1
18 2 376 329 695 231 119 -1 -1
18 3 376 280 569 141 64 -1 -1
18 42 376 1716 1186 222 116 -1 -1
18 1 377 195 655 177 80 -1 -1
18 2 377 329 695 231 119 -1 -1
18 3 377 280 569 141 64 -1 -1
18 42 377 1716 1186 221 116 -1 -1
18 46 377 0 919 161 273 -1 -1
18 1 378 195 655 177 80 -1 -1
18 2 378 329 695 231 119 -1 -1
18 3 378 280 569 141 64 -1 -1
18 42 378 1716 1186 221 116 -1 -1
18 46 378 0 877 241 340 -1 -1
18 1 379 197 655 174 80 -1 -1
18 2 379 330 694 232 121 -1 -1
18 3 379 277 569 144 65 -1 -1
18 42 379 1715 1185 223 117 -1 -1
18 46 379 0 877 241 340 -1 -1
18 1 380 197 655 174 80 -1 -1
18 2 380 330 694 232 121 -1 -1
18 3 380 277 569 144 65 -1 -1
18 42 380 1715 1185 223 117 -1 -1
18 46 380 0 877 241 340 -1 -1
18 1 381 197 655 174 81 -1 -1
18 2 381 330 694 232 121 -1 -1
18 3 381 277 569 144 65 -1 -1
18 42 381 1715 1185 223 117 -1 -1
18 46 381 0 911 483 371 -1 -1
18 1 382 197 655 174 81 -1 -1
18 2 382 330 694 232 121 -1 -1
18 3 382 278 569 142 65 -1 -1
18 42 382 1715 1184 223 118 -1 -1
18 46 382 0 911 483 371 -1 -1
18 1 383 197 655 174 81 -1 -1
18 2 383 330 694 232 121 -1 -1
18 3 383 278 569 142 65 -1 -1
18 42 383 1715 1184 223 118 -1 -1
18 46 383 0 911 483 371 -1 -1
18 1 384 197 655 174 81 -1 -1
18 2 384 330 694 232 121 -1 -1
18 3 384 278 569 142 65 -1 -1
18 42 384 1716 1184 222 118 -1 -1
18 46 384 0 911 483 371 -1 -1
18 1 385 196 655 175 81 -1 -1
18 2 385 330 695 232 121 -1 -1
18 3 385 278 568 142 66 -1 -1
18 42 385 1715 1184 222 118 -1 -1
18 47 385 281 567 141 66 -1 -1
18 1 386 196 655 175 81 -1 -1
18 2 386 330 695 232 121 -1 -1
18 3 386 278 568 142 66 -1 -1
18 42 386 1715 1184 222 118 -1 -1
18 47 386 281 567 141 66 -1 -1
18 1 387 196 655 175 81 -1 -1
18 2 387 330 695 232 121 -1 -1
18 3 387 278 568 142 66 -1 -1
18 42 387 1715 1185 222 117 -1 -1
18 47 387 281 567 141 66 -1 -1
18 1 388 196 655 175 81 -1 -1
18 2 388 330 695 232 121 -1 -1
18 3 388 278 568 142 66 -1 -1
18 42 388 1715 1184 222 118 -1 -1
18 47 388 281 567 141 66 -1 -1
18 1 389 196 655 174 81 -1 -1
18 2 389 330 695 231 121 -1 -1
18 3 389 282 567 140 65 -1 -1
18 42 389 1715 1187 222 115 -1 -1
18 47 389 281 567 141 66 -1 -1
18 48 389 1609 1392 449 388 -1 -1
18 1 390 196 655 174 81 -1 -1
18 2 390 330 695 231 121 -1 -1
18 3 390 282 568 140 64 -1 -1
18 42 390 1715 1186 222 116 -1 -1
18 47 390 281 567 141 66 -1 -1
18 48 390 1609 1392 449 388 -1 -1
18 1 391 196 655 174 80 -1 -1
18 2 391 330 695 231 121 -1 -1
18 3 391 281 568 141 64 -1 -1
18 42 391 1715 1186 222 116 -1 -1
18 47 391 281 567 141 66 -1 -1
18 48 391 1609 1392 449 390 -1 -1
18 1 392 196 655 174 80 -1 -1
18 2 392 330 695 231 121 -1 -1
18 3 392 281 568 141 64 -1 -1
18 42 392 1715 1185 222 117 -1 -1
18 48 392 1609 1392 449 390 -1 -1
18 1 393 196 655 174 80 -1 -1
18 2 393 330 695 231 121 -1 -1
18 3 393 281 568 141 64 -1 -1
18 42 393 1714 1184 223 118 -1 -1
18 48 393 1609 1392 450 390 -1 -1
18 1 394 196 655 174 80 -1 -1
18 2 394 330 695 231 121 -1 -1
18 3 394 281 568 141 64 -1 -1
18 42 394 1714 1184 223 118 -1 -1
18 48 394 1609 1391 450 392 -1 -1
18 1 395 196 655 174 80 -1 -1
18 2 395 330 695 231 121 -1 -1
18 3 395 281 568 141 64 -1 -1
18 42 395 1714 1185 223 117 -1 -1
18 48 395 1609 1392 450 390 -1 -1
18 49 395 747 1055 607 305 -1 -1
18 50 395 757 1061 333 247 -1 -1
18 1 396 196 655 174 80 -1 -1
18 2 396 330 695 231 121 -1 -1
18 3 396 281 568 141 64 -1 -1
18 42 396 1714 1185 223 117 -1 -1
18 48 396 1609 1392 450 391 -1 -1
18 49 396 836 1075 363 225 -1 -1
18 50 396 757 1061 333 247 -1 -1
18 1 397 196 656 175 80 -1 -1
18 2 397 330 695 231 120 -1 -1
18 3 397 282 567 140 65 -1 -1
18 42 397 1715 1186 222 116 -1 -1
18 48 397 1609 1393 449 391 -1 -1
18 49 397 914 1089 408 253 -1 -1
18 50 397 757 1061 333 247 -1 -1
18 1 398 196 656 175 79 -1 -1
18 2 398 330 695 231 120 -1 -1
18 3 398 282 567 140 65 -1 -1
18 42 398 1715 1187 222 115 -1 -1
18 48 398 1609 1392 449 392 -1 -1
18 49 398 987 1099 534 245 -1 -1
18 50 398 757 1061 333 247 -1 -1
18 51 398 974 1097 603 273 -1 -1
18 1 399 196 655 176 80 -1 -1
18 2 399 330 695 232 121 -1 -1
18 3 399 278 566 143 66 -1 -1
18 42 399 1715 1186 222 117 -1 -1
18 48 399 1609 1392 449 392 -1 -1
18 49 399 1066 1092 556 281 -1 -1
18 51 399 974 1097 603 273 -1 -1
18 1 400 196 655 176 80 -1 -1
18 2 400 330 695 232 121 -1 -1
18 3 400 278 566 143 66 -1 -1
18 42 400 1716 1186 221 117 -1 -1
18 48 400 1595 1397 468 398 -1 -1
18 49 400 1134 1125 514 251 -1 -1
18 51 400 974 1097 603 273 -1 -1
18 1 401 196 655 176 80 -1 -1
18 2 401 330 694 232 122 -1 -1
18 3 401 278 566 143 66 -1 -1
18 42 401 1715 1185 222 118 -1 -1
18 48 401 1595 1397 468 398 -1 -1
18 49 401 1185 1133 528 247 -1 -1
18 51 401 1189 1128 513 242 -1 -1
18 1 402 196 655 176 80 -1 -1
18 2 402 329 695 233 121 -1 -1
18 3 402 278 566 143 66 -1 -1
18 42 402 1714 1185 223 118 -1 -1
18 48 402 1595 1397 468 398 -1 -1
18 49 402 1269 1133 462 252 -1 -1
18 51 402 1189 1128 513 242 -1 -1
18 1 403 196 655 176 80 -1 -1
18 2 403 330 695 232 121 -1 -1
18 3 403 278 566 143 66 -1 -1
18 42 403 1714 1186 222 117 -1 -1
18 48 403 1595 1397 468 398 -1 -1
18 49 403 1311 1142 450 248 -1 -1
18 51 403 1189 1128 513 242 -1 -1
18 1 404 196 655 176 80 -1 -1
18 2 404 330 695 232 121 -1 -1
18 3 404 278 566 143 66 -1 -1
18 42 404 1750 1213 185 89 -1 -1
18 49 404 1371 1167 442 229 -1 -1
18 51 404 1189 1128 513 242 -1 -1
18 1 405 196 655 176 80 -1 -1
18 2 405 329 695 233 121 -1 -1
18 3 405 278 566 143 67 -1 -1
18 42 405 1771 1205 164 96 -1 -1
18 49 405 1429 1167 419 231 -1 -1
18 52 405 1610 1397 448 384 -1 -1
18 1 406 196 655 176 79 -1 -1
18 2 406 329 695 233 121 -1 -1
18 3 406 278 566 143 67 -1 -1
18 42 406 1771 1205 164 96 -1 -1
18 49 406 1471 1173 439 230 -1 -1
18 52 406 1610 1397 448 384 -1 -1
18 1 407 196 655 176 80 -1 -1
18 2 407 329 695 233 121 -1 -1
18 3 407 278 566 143 67 -1 -1
18 42 407 1771 1205 164 96 -1 -1
18 49 407 1526 1184 399 223 -1 -1
18 52 407 1610 1397 448 384 -1 -1
18 1 408 196 655 176 80 -1 -1
18 2 408 329 695 233 121 -1 -1
18 3 408 278 566 143 67 -1 -1
18 42 408 1771 1205 164 96 -1 -1
18 49 408 1576 1190 370 222 -1 -1
18 52 408 1610 1397 448 384 -1 -1
18 1 409 196 655 176 80 -1 -1
18 2 409 330 696 230 119 -1 -1
18 3 409 280 566 141 66 -1 -1
18 49 409 1621 1197 348 222 -1 -1
18 1 410 196 655 176 80 -1 -1
18 2 410 330 696 230 119 -1 -1
18 3 410 280 566 141 66 -1 -1
18 49 410 1664 1188 340 232 -1 -1
18 1 411 196 655 176 80 -1 -1
18 2 411 330 697 230 118 -1 -1
18 3 411 281 566 140 66 -1 -1
18 49 411 1706 1181 322 243 -1 -1
18 1 412 196 655 176 80 -1 -1
18 2 412 330 697 230 118 -1 -1
18 3 412 281 566 140 66 -1 -1
18 49 412 1745 1214 318 213 -1 -1
18 1 413 196 655 176 80 -1 -1
18 2 413 330 697 230 118 -1 -1
18 3 413 280 566 141 66 -1 -1
18 49 413 1788 1224 299 205 -1 -1
18 1 414 196 655 176 80 -1 -1
18 2 414 330 697 230 118 -1 -1
18 3 414 280 566 141 66 -1 -1
18 49 414 1823 1235 292 197 -1 -1
18 53 414 1717 1178 218 111 -1 -1
18 1 415 196 655 176 80 -1 -1
18 2 415 330 697 230 118 -1 -1
18 3 415 280 566 141 66 -1 -1
18 49 415 1857 1250 280 184 -1 -1
18 53 415 1716 1178 221 113 -1 -1
18 1 416 196 655 176 80 -1 -1
18 2 416 330 697 230 118 -1 -1
18 3 416 280 566 141 66 -1 -1
18 49 416 1890 1253 271 183 -1 -1
18 53 416 1716 1181 221 120 -1 -1
18 1 417 196 655 176 80 -1 -1
18 2 417 330 696 230 119 -1 -1
18 3 417 281 566 140 66 -1 -1
18 49 417 1924 1262 266 176 -1 -1
18 53 417 1716 1185 223 117 -1 -1
18 1 418 196 655 176 80 -1 -1
18 2 418 330 697 230 118 -1 -1
18 3 418 281 566 140 66 -1 -1
18 49 418 1924 1262 266 176 -1 -1
18 53 418 1715 1186 222 116 -1 -1
