37 0 0 408 117 198 155 -1 -1
37 1 0 1658 204 262 243 -1 -1
37 0 1 400 117 201 157 -1 -1
37 1 1 1644 191 276 246 -1 -1
37 0 2 394 117 204 160 -1 -1
37 1 2 1625 184 295 250 -1 -1
37 0 3 388 118 204 160 -1 -1
37 1 3 1604 185 316 245 -1 -1
37 2 3 1319 34 134 60 -1 -1
37 0 4 383 119 204 161 -1 -1
37 1 4 1590 181 325 251 -1 -1
37 2 4 1319 34 134 60 -1 -1
37 0 5 383 119 204 161 -1 -1
37 1 5 1590 181 325 251 -1 -1
37 2 5 1319 34 134 60 -1 -1
37 0 6 377 120 207 161 -1 -1
37 1 6 1577 177 331 244 -1 -1
37 2 6 1319 32 133 62 -1 -1
37 0 7 372 120 208 162 -1 -1
37 1 7 1562 180 327 226 -1 -1
37 2 7 1319 32 133 62 -1 -1
37 0 8 365 121 213 163 -1 -1
37 1 8 1548 177 324 218 -1 -1
37 2 8 1320 37 132 57 -1 -1
37 0 9 361 123 211 163 -1 -1
37 1 9 1530 174 314 207 -1 -1
37 2 9 1318 32 135 63 -1 -1
37 0 10 356 123 212 166 -1 -1
37 1 10 1516 168 315 213 -1 -1
37 2 10 1321 30 131 65 -1 -1
37 3 10 1322 170 98 51 -1 -1
37 0 11 351 123 213 168 -1 -1
37 1 11 1507 164 306 218 -1 -1
37 2 11 1322 33 130 61 -1 -1
37 3 11 1322 170 98 51 -1 -1
37 0 12 345 125 217 169 -1 -1
37 1 12 1490 161 307 228 -1 -1
37 2 12 1322 33 130 61 -1 -1
37 3 12 1322 170 98 51 -1 -1
37 0 13 340 124 217 172 -1 -1
37 1 13 1479 163 292 222 -1 -1
37 2 13 1322 31 130 63 -1 -1
37 3 13 1322 170 98 51 -1 -1
37 0 14 334 124 222 174 -1 -1
37 1 14 1466 160 295 220 -1 -1
37 2 14 1322 31 130 63 -1 -1
37 4 14 1529 491 391 328 -1 -1
37 0 15 329 126 225 174 -1 -1
37 1 15 1450 156 291 227 -1 -1
37 2 15 1322 31 130 63 -1 -1
37 4 15 1529 491 391 328 -1 -1
37 0 16 322 126 227 179 -1 -1
37 1 16 1439 157 290 224 -1 -1
37 2 16 1322 31 130 63 -1 -1
37 4 16 1529 491 391 328 -1 -1
37 0 17 318 127 226 179 -1 -1
37 1 17 1428 153 289 227 -1 -1
37 4 17 1529 491 391 328 -1 -1
37 0 18 314 124 227 182 -1 -1
37 1 18 1417 153 291 220 -1 -1
37 0 19 309 126 229 182 -1 -1
37 1 19 1405 147 288 226 -1 -1
37 0 20 305 128 227 181 -1 -1
37 1 20 1394 152 284 215 -1 -1
37 0 21 305 128 227 181 -1 -1
37 1 21 1394 152 284 215 -1 -1
37 0 22 305 128 227 181 -1 -1
37 1 22 1394 152 284 214 -1 -1
37 0 23 305 128 227 181 -1 -1
37 1 23 1394 152 284 215 -1 -1
37 0 24 304 128 227 181 -1 -1
37 1 24 1394 152 284 214 -1 -1
37 0 25 304 128 227 181 -1 -1
37 1 25 1394 152 284 215 -1 -1
37 0 26 304 128 227 181 -1 -1
37 1 26 1394 152 284 214 -1 -1
37 0 27 304 128 227 181 -1 -1
37 1 27 1394 152 284 214 -1 -1
37 0 28 304 128 227 181 -1 -1
37 1 28 1394 152 284 214 -1 -1
37 0 29 304 128 227 181 -1 -1
37 1 29 1394 152 284 214 -1 -1
37 0 30 304 128 227 181 -1 -1
37 1 30 1394 152 284 214 -1 -1
37 0 31 268 139 254 204 -1 -1
37 1 31 1394 152 284 214 -1 -1
37 5 31 1289 138 258 201 -1 -1
37 6 31 1647 186 273 234 -1 -1
37 0 32 266 140 258 208 -1 -1
37 1 32 1394 152 284 214 -1 -1
37 5 32 1280 136 261 195 -1 -1
37 6 32 1647 186 273 234 -1 -1
37 7 32 1315 39 138 55 -1 -1
37 0 33 265 142 260 211 -1 -1
37 1 33 1394 152 284 214 -1 -1
37 5 33 1271 132 261 201 -1 -1
37 6 33 1607 178 311 257 -1 -1
37 7 33 1315 39 138 55 -1 -1
37 0 34 266 145 258 209 -1 -1
37 5 34 1263 137 251 193 -1 -1
37 6 34 1607 178 311 257 -1 -1
37 7 34 1315 39 138 55 -1 -1
37 0 35 264 147 259 212 -1 -1
37 5 35 1253 136 251 190 -1 -1
37 6 35 1578 173 334 261 -1 -1
37 7 35 1315 39 138 55 -1 -1
37 0 36 263 152 263 210 -1 -1
37 5 36 1245 134 247 190 -1 -1
37 6 36 1566 169 329 251 -1 -1
37 0 37 263 153 266 213 -1 -1
37 5 37 1238 134 248 188 -1 -1
37 6 37 1558 167 315 241 -1 -1
37 0 38 262 156 270 213 -1 -1
37 5 38 1228 133 242 188 -1 -1
37 6 38 1537 160 329 251 -1 -1
37 0 39 262 156 270 213 -1 -1
37 5 39 1228 133 242 188 -1 -1
37 6 39 1537 160 329 252 -1 -1
37 0 40 263 156 269 214 -1 -1
37 5 40 1229 133 241 188 -1 -1
37 6 40 1537 159 329 254 -1 -1
37 0 41 269 157 274 224 -1 -1
37 5 41 1206 127 237 189 -1 -1
37 6 41 1537 159 329 254 -1 -1
37 0 42 273 164 272 222 -1 -1
37 5 42 1198 120 239 195 -1 -1
37 6 42 1486 156 305 234 -1 -1
37 8 42 571 182 157 68 -1 -1
37 0 43 275 165 272 227 -1 -1
37 5 43 1190 127 237 185 -1 -1
37 6 43 1469 155 305 237 -1 -1
37 8 43 571 182 157 68 -1 -1
37 0 44 276 164 277 230 -1 -1
37 5 44 1177 131 238 179 -1 -1
37 6 44 1457 153 294 235 -1 -1
37 8 44 542 176 158 73 -1 -1
37 0 45 278 172 282 229 -1 -1
37 5 45 1171 127 233 184 -1 -1
37 6 45 1441 154 303 201 -1 -1
37 8 45 528 171 152 79 -1 -1
37 0 46 282 178 285 228 -1 -1
37 5 46 1164 121 236 188 -1 -1
37 6 46 1431 152 291 203 -1 -1
37 8 46 525 172 145 79 -1 -1
37 0 47 283 178 288 234 -1 -1
37 5 47 1164 121 236 188 -1 -1
37 6 47 1420 145 298 214 -1 -1
37 8 47 525 172 145 79 -1 -1
37 0 48 287 182 291 237 -1 -1
37 5 48 1151 121 229 182 -1 -1
37 6 48 1420 145 298 214 -1 -1
37 8 48 495 163 154 88 -1 -1
37 0 49 289 183 297 240 -1 -1
37 5 49 1147 121 225 179 -1 -1
37 6 49 1394 139 296 225 -1 -1
37 8 49 486 154 146 95 -1 -1
37 0 50 291 182 299 250 -1 -1
37 5 50 1139 115 223 181 -1 -1
37 6 50 1384 136 289 231 -1 -1
37 8 50 481 153 140 95 -1 -1
37 0 51 292 182 299 249 -1 -1
37 5 51 1139 115 223 181 -1 -1
37 6 51 1384 136 289 231 -1 -1
37 8 51 481 153 140 95 -1 -1
37 0 52 292 182 299 249 -1 -1
37 5 52 1139 115 223 182 -1 -1
37 6 52 1385 136 288 231 -1 -1
37 8 52 481 153 140 95 -1 -1
37 0 53 292 182 299 249 -1 -1
37 5 53 1139 115 223 182 -1 -1
37 6 53 1384 137 289 230 -1 -1
37 8 53 481 153 140 95 -1 -1
37 0 54 292 182 299 249 -1 -1
37 5 54 1139 116 223 181 -1 -1
37 6 54 1384 137 289 230 -1 -1
37 8 54 481 153 140 95 -1 -1
37 0 55 292 182 299 249 -1 -1
37 5 55 1139 115 223 181 -1 -1
37 6 55 1384 137 289 229 -1 -1
37 0 56 292 182 299 249 -1 -1
37 5 56 1138 115 224 181 -1 -1
37 6 56 1384 137 289 229 -1 -1
37 0 57 292 182 299 249 -1 -1
37 5 57 1138 115 224 181 -1 -1
37 6 57 1384 137 289 229 -1 -1
37 0 58 292 182 299 249 -1 -1
37 5 58 1139 115 223 182 -1 -1
37 6 58 1384 137 289 229 -1 -1
37 9 58 481 153 140 95 -1 -1
37 0 59 292 182 299 249 -1 -1
37 5 59 1139 115 223 182 -1 -1
37 6 59 1384 137 289 229 -1 -1
37 9 59 481 153 140 95 -1 -1
37 0 60 292 182 299 249 -1 -1
37 5 60 1139 116 222 181 -1 -1
37 6 60 1384 137 289 229 -1 -1
37 9 60 481 153 140 95 -1 -1
37 0 61 326 228 350 285 -1 -1
37 5 61 1070 114 219 172 -1 -1
37 6 61 1384 137 289 229 -1 -1
37 9 61 481 153 140 95 -1 -1
37 10 61 358 121 175 113 -1 -1
37 11 61 1273 133 264 199 -1 -1
37 0 62 328 232 354 286 -1 -1
37 5 62 1064 114 223 171 -1 -1
37 6 62 1384 137 289 229 -1 -1
37 9 62 481 153 140 95 -1 -1
37 10 62 351 118 181 125 -1 -1
37 11 62 1260 133 268 199 -1 -1
37 0 63 331 247 354 281 -1 -1
37 5 63 1064 114 223 171 -1 -1
37 6 63 1384 137 289 229 -1 -1
37 10 63 343 114 182 131 -1 -1
37 11 63 1250 131 265 200 -1 -1
37 12 63 1856 290 62 234 -1 -1
37 0 64 332 247 355 287 -1 -1
37 5 64 1052 110 221 170 -1 -1
37 10 64 338 112 182 133 -1 -1
37 11 64 1238 132 263 198 -1 -1
37 12 64 1835 262 82 255 -1 -1
37 13 64 1129 79 79 41 -1 -1
37 0 65 334 248 357 296 -1 -1
37 5 65 1046 110 219 170 -1 -1
37 10 65 333 111 182 133 -1 -1
37 11 65 1234 131 255 197 -1 -1
37 12 65 1812 245 106 276 -1 -1
37 13 65 1130 79 83 46 -1 -1
37 0 66 335 246 368 305 -1 -1
37 5 66 1040 112 214 165 -1 -1
37 10 66 327 107 182 140 -1 -1
37 11 66 1228 130 252 194 -1 -1
37 12 66 1797 241 121 278 -1 -1
37 13 66 1130 79 83 46 -1 -1
37 0 67 335 246 368 305 -1 -1
37 5 67 1034 110 211 164 -1 -1
37 10 67 320 106 184 142 -1 -1
37 11 67 1218 129 254 195 -1 -1
37 12 67 1776 239 144 262 -1 -1
37 13 67 1140 79 69 37 -1 -1
37 0 68 348 265 373 303 -1 -1
37 5 68 1028 109 211 165 -1 -1
37 10 68 315 105 186 143 -1 -1
37 11 68 1212 129 254 193 -1 -1
37 12 68 1757 235 163 272 -1 -1
37 13 68 1140 80 65 36 -1 -1
37 0 69 350 261 378 315 -1 -1
37 5 69 1020 110 217 162 -1 -1
37 10 69 313 102 185 147 -1 -1
37 11 69 1204 129 249 189 -1 -1
37 12 69 1739 228 181 261 -1 -1
37 13 69 1139 79 61 36 -1 -1
37 0 70 353 282 386 307 -1 -1
37 5 70 1015 111 215 160 -1 -1
37 10 70 307 102 190 149 -1 -1
37 11 70 1194 129 247 190 -1 -1
37 12 70 1720 223 200 260 -1 -1
37 13 70 1139 79 61 36 -1 -1
37 0 71 355 271 397 330 -1 -1
37 5 71 1010 113 211 157 -1 -1
37 10 71 302 103 192 149 -1 -1
37 11 71 1188 129 244 187 -1 -1
37 12 71 1702 218 218 250 -1 -1
37 13 71 1139 79 61 36 -1 -1
37 0 72 358 267 402 349 -1 -1
37 5 72 1004 113 204 155 -1 -1
37 10 72 297 104 196 150 -1 -1
37 11 72 1180 129 247 187 -1 -1
37 12 72 1685 213 235 205 -1 -1
37 13 72 1139 79 61 36 -1 -1
37 0 73 358 267 402 349 -1 -1
37 5 73 999 115 205 154 -1 -1
37 10 73 294 104 194 150 -1 -1
37 11 73 1172 128 243 186 -1 -1
37 12 73 1667 211 253 209 -1 -1
37 0 74 357 300 409 322 -1 -1
37 5 74 999 115 205 154 -1 -1
37 10 74 294 104 193 150 -1 -1
37 11 74 1172 128 243 186 -1 -1
37 12 74 1666 211 254 209 -1 -1
37 0 75 357 300 409 322 -1 -1
37 5 75 999 115 205 154 -1 -1
37 10 75 294 104 193 150 -1 -1
37 11 75 1172 128 243 186 -1 -1
37 12 75 1666 211 254 211 -1 -1
37 0 76 357 300 409 322 -1 -1
37 5 76 999 115 205 154 -1 -1
37 10 76 294 104 193 150 -1 -1
37 11 76 1172 128 243 186 -1 -1
37 12 76 1666 211 254 211 -1 -1
37 0 77 357 300 409 322 -1 -1
37 5 77 999 115 205 154 -1 -1
37 10 77 294 104 193 150 -1 -1
37 11 77 1172 128 243 186 -1 -1
37 12 77 1666 211 254 211 -1 -1
37 5 78 999 115 205 154 -1 -1
37 10 78 294 104 193 150 -1 -1
37 11 78 1172 128 243 186 -1 -1
37 12 78 1666 211 254 210 -1 -1
37 5 79 999 115 205 154 -1 -1
37 10 79 294 104 193 150 -1 -1
37 11 79 1172 128 243 186 -1 -1
37 12 79 1666 211 254 211 -1 -1
37 5 80 999 115 206 153 -1 -1
37 10 80 294 104 193 151 -1 -1
37 11 80 1172 127 243 187 -1 -1
37 12 80 1666 211 254 208 -1 -1
37 14 80 357 299 410 324 -1 -1
37 5 81 999 116 206 152 -1 -1
37 10 81 294 104 193 151 -1 -1
37 11 81 1172 127 243 187 -1 -1
37 12 81 1667 211 253 208 -1 -1
37 14 81 357 299 410 324 -1 -1
37 5 82 999 116 206 152 -1 -1
37 10 82 294 104 193 151 -1 -1
37 11 82 1172 127 243 187 -1 -1
37 12 82 1667 211 253 209 -1 -1
37 14 82 357 299 410 324 -1 -1
37 5 83 999 115 206 153 -1 -1
37 10 83 294 104 193 151 -1 -1
37 11 83 1172 127 243 187 -1 -1
37 12 83 1666 211 254 209 -1 -1
37 14 83 357 299 410 324 -1 -1
37 5 84 998 116 206 152 -1 -1
37 10 84 294 103 193 152 -1 -1
37 11 84 1173 128 241 185 -1 -1
37 12 84 1667 211 253 211 -1 -1
37 14 84 357 299 410 324 -1 -1
37 5 85 998 116 206 153 -1 -1
37 10 85 294 103 193 152 -1 -1
37 11 85 1173 128 241 185 -1 -1
37 12 85 1667 211 253 211 -1 -1
37 14 85 357 299 410 324 -1 -1
37 5 86 998 116 206 153 -1 -1
37 10 86 294 103 193 152 -1 -1
37 11 86 1173 128 241 185 -1 -1
37 12 86 1667 211 253 211 -1 -1
37 14 86 357 299 410 324 -1 -1
37 5 87 998 116 206 153 -1 -1
37 10 87 294 103 193 152 -1 -1
37 11 87 1173 128 241 185 -1 -1
37 12 87 1667 211 253 211 -1 -1
37 14 87 357 299 410 324 -1 -1
37 5 88 998 116 206 153 -1 -1
37 10 88 294 103 193 152 -1 -1
37 11 88 1173 128 241 185 -1 -1
37 12 88 1667 211 253 211 -1 -1
37 14 88 357 299 410 324 -1 -1
37 5 89 998 116 206 153 -1 -1
37 10 89 294 103 193 152 -1 -1
37 11 89 1173 128 241 185 -1 -1
37 12 89 1667 211 253 211 -1 -1
37 14 89 357 299 410 324 -1 -1
37 5 90 998 116 206 153 -1 -1
37 10 90 294 103 193 152 -1 -1
37 11 90 1173 128 241 185 -1 -1
37 12 90 1667 211 253 211 -1 -1
37 14 90 357 299 410 323 -1 -1
37 5 91 1075 118 196 125 -1 -1
37 10 91 247 121 220 180 -1 -1
37 11 91 1173 128 241 185 -1 -1
37 12 91 1667 211 253 211 -1 -1
37 14 91 357 299 410 323 -1 -1
37 15 91 1427 164 287 220 -1 -1
37 5 92 1062 117 205 169 -1 -1
37 10 92 247 121 221 183 -1 -1
37 11 92 1173 128 241 185 -1 -1
37 12 92 1667 211 253 211 -1 -1
37 14 92 357 299 410 323 -1 -1
37 15 92 1414 162 293 221 -1 -1
37 16 92 1862 292 56 218 -1 -1
37 17 92 460 469 438 330 -1 -1
37 5 93 1057 115 204 168 -1 -1
37 10 93 246 123 223 182 -1 -1
37 11 93 1173 128 241 185 -1 -1
37 12 93 1667 211 253 211 -1 -1
37 14 93 357 299 410 323 -1 -1
37 15 93 1398 159 289 216 -1 -1
37 16 93 1847 273 71 232 -1 -1
37 17 93 460 469 438 330 -1 -1
37 5 94 1054 115 201 168 -1 -1
37 10 94 244 123 226 183 -1 -1
37 15 94 1392 159 282 217 -1 -1
37 16 94 1827 258 90 248 -1 -1
37 17 94 483 488 442 351 -1 -1
37 18 94 1392 160 278 215 -1 -1
37 5 95 1053 116 199 165 -1 -1
37 10 95 245 123 227 186 -1 -1
37 15 95 1374 157 288 216 -1 -1
37 16 95 1808 252 108 254 -1 -1
37 17 95 483 488 442 351 -1 -1
37 18 95 1392 160 278 215 -1 -1
37 19 95 921 146 171 123 -1 -1
37 5 96 1053 116 199 165 -1 -1
37 10 96 244 123 229 190 -1 -1
37 15 96 1364 157 283 209 -1 -1
37 16 96 1795 248 123 254 -1 -1
37 17 96 502 542 451 344 -1 -1
37 18 96 1392 160 278 215 -1 -1
37 19 96 921 146 171 123 -1 -1
37 5 97 1045 115 192 165 -1 -1
37 10 97 243 126 231 191 -1 -1
37 15 97 1355 157 283 208 -1 -1
37 16 97 1775 248 145 247 -1 -1
37 17 97 502 542 451 344 -1 -1
37 18 97 1392 160 278 215 -1 -1
37 19 97 921 146 171 123 -1 -1
37 5 98 1045 113 187 164 -1 -1
37 10 98 244 126 236 194 -1 -1
37 15 98 1344 157 278 206 -1 -1
37 16 98 1762 244 158 246 -1 -1
37 17 98 502 542 451 344 -1 -1
37 19 98 921 146 171 123 -1 -1
37 5 99 1040 113 189 162 -1 -1
37 10 99 244 126 239 196 -1 -1
37 15 99 1333 156 281 205 -1 -1
37 16 99 1748 239 172 249 -1 -1
37 17 99 502 542 451 344 -1 -1
37 20 99 456 193 159 59 -1 -1
37 5 100 1041 113 183 161 -1 -1
37 10 100 244 129 242 196 -1 -1
37 15 100 1322 156 277 204 -1 -1
37 16 100 1729 236 191 239 -1 -1
37 17 100 557 635 449 327 -1 -1
37 20 100 456 193 159 59 -1 -1
37 5 101 1035 113 184 160 -1 -1
37 10 101 246 128 241 202 -1 -1
37 15 101 1315 154 273 200 -1 -1
37 16 101 1719 236 201 225 -1 -1
37 17 101 557 635 449 327 -1 -1
37 20 101 456 193 159 59 -1 -1
37 5 102 1037 113 178 150 -1 -1
37 10 102 245 129 245 204 -1 -1
37 15 102 1307 152 268 201 -1 -1
37 16 102 1705 232 215 226 -1 -1
37 17 102 557 635 449 327 -1 -1
37 20 102 456 193 159 59 -1 -1
37 5 103 1028 113 180 159 -1 -1
37 10 103 246 129 247 211 -1 -1
37 15 103 1296 152 272 197 -1 -1
37 16 103 1688 228 232 232 -1 -1
37 17 103 557 635 449 327 -1 -1
37 21 103 926 159 126 101 -1 -1
37 5 104 1028 114 177 157 -1 -1
37 10 104 246 129 248 199 -1 -1
37 15 104 1288 150 264 196 -1 -1
37 16 104 1675 224 245 233 -1 -1
37 21 104 926 159 126 101 -1 -1
37 5 105 1028 114 173 150 -1 -1
37 10 105 250 132 250 216 -1 -1
37 15 105 1281 150 263 195 -1 -1
37 16 105 1659 219 260 233 -1 -1
37 21 105 926 159 126 101 -1 -1
37 5 106 1020 114 177 148 -1 -1
37 10 106 248 134 256 214 -1 -1
37 15 106 1271 147 262 194 -1 -1
37 16 106 1652 216 268 222 -1 -1
37 21 106 926 159 126 101 -1 -1
37 5 107 1014 114 179 148 -1 -1
37 10 107 251 135 258 219 -1 -1
37 15 107 1263 147 261 194 -1 -1
37 16 107 1636 213 284 225 -1 -1
37 22 107 935 199 82 60 -1 -1
37 23 107 1316 35 137 58 -1 -1
37 5 108 1007 114 182 150 -1 -1
37 10 108 252 136 258 222 -1 -1
37 15 108 1255 146 254 192 -1 -1
37 16 108 1621 210 292 228 -1 -1
37 22 108 934 200 80 59 -1 -1
37 23 108 1318 36 134 57 -1 -1
37 5 109 1007 113 179 148 -1 -1
37 10 109 251 141 265 220 -1 -1
37 15 109 1247 145 250 189 -1 -1
37 16 109 1621 210 292 228 -1 -1
37 22 109 934 200 80 59 -1 -1
37 23 109 1316 33 136 59 -1 -1
37 5 110 989 112 197 153 -1 -1
37 10 110 251 141 268 222 -1 -1
37 15 110 1239 145 250 185 -1 -1
37 16 110 1597 204 294 227 -1 -1
37 22 110 934 200 80 59 -1 -1
37 23 110 1316 33 136 59 -1 -1
37 5 111 990 112 195 153 -1 -1
37 10 111 251 141 268 222 -1 -1
37 15 111 1239 145 250 185 -1 -1
37 16 111 1597 204 294 227 -1 -1
37 22 111 934 200 80 59 -1 -1
37 23 111 1316 33 136 59 -1 -1
37 5 112 990 113 195 152 -1 -1
37 10 112 251 141 268 222 -1 -1
37 15 112 1239 145 250 185 -1 -1
37 16 112 1597 204 294 227 -1 -1
37 23 112 1316 33 136 59 -1 -1
37 5 113 990 113 195 152 -1 -1
37 10 113 251 141 268 222 -1 -1
37 15 113 1239 145 250 185 -1 -1
37 16 113 1597 204 294 227 -1 -1
37 5 114 991 113 194 152 -1 -1
37 10 114 251 141 268 221 -1 -1
37 15 114 1239 145 250 185 -1 -1
37 16 114 1597 204 294 227 -1 -1
37 5 115 993 113 192 152 -1 -1
37 10 115 251 141 268 221 -1 -1
37 15 115 1239 145 250 185 -1 -1
37 16 115 1597 204 294 227 -1 -1
37 5 116 994 113 191 152 -1 -1
37 10 116 251 141 268 221 -1 -1
37 15 116 1239 145 250 185 -1 -1
37 16 116 1597 204 294 227 -1 -1
37 5 117 994 113 191 152 -1 -1
37 10 117 252 141 267 221 -1 -1
37 15 117 1239 145 250 185 -1 -1
37 16 117 1597 204 294 227 -1 -1
37 5 118 994 113 191 152 -1 -1
37 10 118 252 141 268 222 -1 -1
37 15 118 1239 145 250 185 -1 -1
37 16 118 1597 204 294 227 -1 -1
37 5 119 993 113 192 152 -1 -1
37 10 119 252 141 267 222 -1 -1
37 15 119 1239 145 250 185 -1 -1
37 16 119 1597 204 294 227 -1 -1
37 5 120 988 113 197 151 -1 -1
37 10 120 251 141 268 221 -1 -1
37 15 120 1239 144 250 186 -1 -1
37 16 120 1596 204 295 227 -1 -1
37 5 121 958 122 189 144 -1 -1
37 10 121 272 175 298 258 -1 -1
37 15 121 1169 140 226 175 -1 -1
37 16 121 1714 197 206 266 -1 -1
37 24 121 1479 183 267 200 -1 -1
37 25 121 212 122 188 133 -1 -1
37 5 122 952 120 190 145 -1 -1
37 10 122 275 176 304 267 -1 -1
37 15 122 1160 138 227 175 -1 -1
37 16 122 1714 197 206 266 -1 -1
37 24 122 1470 182 261 199 -1 -1
37 25 122 212 119 187 132 -1 -1
37 5 123 949 124 189 141 -1 -1
37 10 123 275 182 309 268 -1 -1
37 15 123 1155 137 224 174 -1 -1
37 16 123 1673 190 247 258 -1 -1
37 24 123 1458 180 264 200 -1 -1
37 25 123 212 119 187 132 -1 -1
37 5 124 949 127 184 137 -1 -1
37 10 124 277 185 310 275 -1 -1
37 15 124 1147 137 227 170 -1 -1
37 16 124 1661 191 258 250 -1 -1
37 24 124 1445 180 266 198 -1 -1
37 25 124 215 114 186 140 -1 -1
37 26 124 562 207 186 50 -1 -1
37 5 125 948 129 185 136 -1 -1
37 10 125 279 187 314 267 -1 -1
37 15 125 1141 134 225 172 -1 -1
37 16 125 1643 187 277 250 -1 -1
37 24 125 1437 178 252 196 -1 -1
37 25 125 213 111 192 137 -1 -1
37 26 125 562 207 186 50 -1 -1
37 27 125 212 110 191 138 -1 -1
37 5 126 948 129 185 136 -1 -1
37 10 126 280 187 313 267 -1 -1
37 15 126 1141 134 225 172 -1 -1
37 16 126 1643 187 277 250 -1 -1
37 24 126 1437 179 252 195 -1 -1
37 25 126 213 111 192 137 -1 -1
37 26 126 562 207 186 50 -1 -1
37 27 126 212 110 191 138 -1 -1
37 5 127 948 129 185 136 -1 -1
37 10 127 280 188 313 266 -1 -1
37 15 127 1141 134 225 172 -1 -1
37 16 127 1643 187 277 250 -1 -1
37 24 127 1437 179 252 195 -1 -1
37 25 127 213 111 192 137 -1 -1
37 26 127 562 207 186 50 -1 -1
37 27 127 212 110 191 139 -1 -1
37 5 128 948 129 185 136 -1 -1
37 10 128 280 187 313 267 -1 -1
37 15 128 1141 134 225 172 -1 -1
37 16 128 1643 187 277 250 -1 -1
37 24 128 1437 179 252 194 -1 -1
37 25 128 213 111 192 137 -1 -1
37 27 128 212 110 191 139 -1 -1
37 5 129 948 130 185 135 -1 -1
37 10 129 280 187 313 268 -1 -1
37 15 129 1141 134 225 172 -1 -1
37 16 129 1643 187 277 250 -1 -1
37 24 129 1437 179 252 195 -1 -1
37 25 129 212 110 191 139 -1 -1
37 27 129 212 110 191 139 -1 -1
37 5 130 949 129 184 136 -1 -1
37 10 130 279 187 314 267 -1 -1
37 15 130 1141 134 225 173 -1 -1
37 16 130 1642 187 275 249 -1 -1
37 24 130 1437 178 252 195 -1 -1
37 25 130 211 110 193 139 -1 -1
37 27 130 212 110 191 139 -1 -1
37 5 131 932 130 198 135 -1 -1
37 10 131 300 218 346 289 -1 -1
37 15 131 1110 133 218 164 -1 -1
37 16 131 1573 174 298 243 -1 -1
37 24 131 1384 171 241 191 -1 -1
37 25 131 216 100 202 148 -1 -1
37 27 131 212 110 191 139 -1 -1
37 5 132 933 134 193 131 -1 -1
37 10 132 302 224 360 287 -1 -1
37 15 132 1102 131 218 163 -1 -1
37 16 132 1562 168 293 243 -1 -1
37 24 132 1377 168 241 185 -1 -1
37 25 132 216 100 203 150 -1 -1
37 5 133 932 135 190 134 -1 -1
37 10 133 311 246 356 298 -1 -1
37 15 133 1099 131 208 162 -1 -1
37 16 133 1549 170 293 239 -1 -1
37 24 133 1368 167 230 185 -1 -1
37 25 133 215 101 204 152 -1 -1
37 5 134 929 136 189 135 -1 -1
37 10 134 314 242 365 304 -1 -1
37 15 134 1095 132 205 161 -1 -1
37 16 134 1540 164 291 243 -1 -1
37 24 134 1362 167 229 185 -1 -1
37 25 134 214 101 206 156 -1 -1
37 5 135 928 138 217 133 -1 -1
37 10 135 320 237 368 313 -1 -1
37 15 135 1089 130 208 162 -1 -1
37 16 135 1533 161 287 232 -1 -1
37 24 135 1350 166 234 185 -1 -1
37 25 135 214 101 206 161 -1 -1
37 28 135 444 173 136 63 -1 -1
37 5 136 926 131 184 140 -1 -1
37 10 136 320 230 379 307 -1 -1
37 15 136 1084 131 205 160 -1 -1
37 16 136 1520 161 289 239 -1 -1
37 24 136 1343 165 233 186 -1 -1
37 25 136 215 102 206 162 -1 -1
37 28 136 437 171 141 66 -1 -1
37 5 137 923 136 189 138 -1 -1
37 10 137 324 259 382 317 -1 -1
37 15 137 1080 131 199 159 -1 -1
37 16 137 1509 160 288 239 -1 -1
37 24 137 1335 164 230 182 -1 -1
37 25 137 215 103 206 164 -1 -1
37 28 137 438 170 141 69 -1 -1
37 5 138 923 142 188 130 -1 -1
37 10 138 332 302 396 290 -1 -1
37 15 138 1075 130 202 159 -1 -1
37 16 138 1496 159 286 235 -1 -1
37 24 138 1322 162 227 183 -1 -1
37 25 138 217 106 203 163 -1 -1
37 28 138 438 167 139 78 -1 -1
37 5 139 924 137 167 132 -1 -1
37 10 139 325 267 406 341 -1 -1
37 15 139 1067 130 204 158 -1 -1
37 16 139 1485 157 283 235 -1 -1
37 24 139 1315 162 224 180 -1 -1
37 25 139 217 106 204 166 -1 -1
37 28 139 434 163 148 86 -1 -1
37 5 140 922 141 164 128 -1 -1
37 10 140 335 278 404 331 -1 -1
37 15 140 1065 131 197 157 -1 -1
37 16 140 1474 158 284 230 -1 -1
37 24 140 1304 162 230 178 -1 -1
37 25 140 215 108 208 166 -1 -1
37 28 140 437 160 149 91 -1 -1
37 29 140 1483 159 275 225 -1 -1
37 5 141 923 141 155 126 -1 -1
37 10 141 335 278 404 331 -1 -1
37 15 141 1065 131 189 156 -1 -1
37 16 141 1471 156 275 228 -1 -1
37 24 141 1292 160 229 179 -1 -1
37 25 141 216 108 211 168 -1 -1
37 28 141 439 158 149 93 -1 -1
37 29 141 1483 159 275 225 -1 -1
37 5 142 923 144 162 126 -1 -1
37 10 142 332 350 442 281 -1 -1
37 15 142 1058 129 192 157 -1 -1
37 16 142 1471 156 275 228 -1 -1
37 24 142 1288 160 224 177 -1 -1
37 25 142 217 109 215 169 -1 -1
37 28 142 440 155 148 97 -1 -1
37 29 142 1483 159 275 225 -1 -1
37 5 143 922 139 164 130 -1 -1
37 10 143 333 335 442 334 -1 -1
37 15 143 1049 129 200 156 -1 -1
37 16 143 1451 156 273 223 -1 -1
37 24 143 1283 159 220 177 -1 -1
37 25 143 218 111 219 169 -1 -1
37 28 143 442 153 149 98 -1 -1
37 29 143 1483 159 275 225 -1 -1
37 5 144 923 136 164 133 -1 -1
37 10 144 333 335 442 335 -1 -1
37 15 144 1048 128 202 157 -1 -1
37 16 144 1451 155 273 224 -1 -1
37 24 144 1282 159 221 178 -1 -1
37 25 144 218 111 219 169 -1 -1
37 28 144 442 153 151 98 -1 -1
37 5 145 923 136 164 133 -1 -1
37 10 145 333 335 442 334 -1 -1
37 15 145 1048 128 202 157 -1 -1
37 16 145 1451 155 273 224 -1 -1
37 24 145 1282 159 221 178 -1 -1
37 25 145 218 111 219 169 -1 -1
37 28 145 442 153 150 98 -1 -1
37 5 146 923 136 163 132 -1 -1
37 10 146 333 335 442 333 -1 -1
37 15 146 1048 128 202 156 -1 -1
37 16 146 1451 155 273 224 -1 -1
37 24 146 1282 159 221 178 -1 -1
37 25 146 218 111 219 169 -1 -1
37 28 146 442 153 150 98 -1 -1
37 5 147 923 136 163 133 -1 -1
37 10 147 333 335 442 333 -1 -1
37 15 147 1048 128 202 157 -1 -1
37 16 147 1451 155 273 224 -1 -1
37 24 147 1282 159 221 178 -1 -1
37 25 147 218 111 219 169 -1 -1
37 28 147 442 153 150 98 -1 -1
37 5 148 923 137 163 132 -1 -1
37 10 148 333 335 442 334 -1 -1
37 15 148 1048 128 201 157 -1 -1
37 16 148 1451 155 273 224 -1 -1
37 24 148 1282 159 221 178 -1 -1
37 25 148 218 111 219 169 -1 -1
37 28 148 442 153 151 98 -1 -1
37 5 149 923 137 163 131 -1 -1
37 10 149 333 335 442 334 -1 -1
37 15 149 1048 128 201 157 -1 -1
37 16 149 1451 155 273 224 -1 -1
37 24 149 1282 159 221 178 -1 -1
37 25 149 218 111 219 169 -1 -1
37 28 149 442 153 150 98 -1 -1
37 5 150 923 135 164 134 -1 -1
37 10 150 333 335 442 334 -1 -1
37 15 150 1049 129 200 155 -1 -1
37 16 150 1452 155 271 223 -1 -1
37 24 150 1283 159 220 177 -1 -1
37 25 150 218 111 219 169 -1 -1
37 28 150 442 153 150 98 -1 -1
37 5 151 932 155 115 110 -1 -1
37 10 151 333 335 442 334 -1 -1
37 15 151 1020 123 185 152 -1 -1
37 16 151 1373 149 266 212 -1 -1
37 24 151 1222 155 220 170 -1 -1
37 25 151 225 116 231 185 -1 -1
37 28 151 454 137 162 114 -1 -1
37 5 152 933 155 118 109 -1 -1
37 10 152 333 335 442 334 -1 -1
37 15 152 1015 123 189 150 -1 -1
37 16 152 1365 146 264 211 -1 -1
37 24 152 1217 156 222 170 -1 -1
37 25 152 227 116 237 185 -1 -1
37 28 152 456 136 164 115 -1 -1
37 30 152 1374 142 254 215 -1 -1
37 5 153 937 149 128 117 -1 -1
37 15 153 1012 122 195 151 -1 -1
37 16 153 1356 147 262 207 -1 -1
37 24 153 1212 152 196 167 -1 -1
37 25 153 229 118 237 184 -1 -1
37 28 153 457 135 167 117 -1 -1
37 30 153 1374 142 254 215 -1 -1
37 5 154 937 149 128 117 -1 -1
37 15 154 1009 122 197 151 -1 -1
37 16 154 1343 147 263 206 -1 -1
37 24 154 1202 151 196 165 -1 -1
37 25 154 232 118 236 189 -1 -1
37 28 154 461 135 168 117 -1 -1
37 30 154 1374 142 254 215 -1 -1
37 5 155 932 155 115 108 -1 -1
37 15 155 1006 122 192 150 -1 -1
37 16 155 1336 143 258 209 -1 -1
37 24 155 1190 148 312 169 -1 -1
37 25 155 234 119 235 185 -1 -1
37 28 155 465 135 168 117 -1 -1
37 30 155 1374 142 254 215 -1 -1
37 31 155 416 392 371 316 -1 -1
37 5 156 934 148 110 115 -1 -1
37 15 156 1006 121 188 149 -1 -1
37 16 156 1331 142 252 208 -1 -1
37 24 156 1185 148 335 168 -1 -1
37 25 156 235 119 238 194 -1 -1
37 28 156 468 135 169 119 -1 -1
37 31 156 416 392 371 316 -1 -1
37 5 157 933 156 106 107 -1 -1
37 15 157 1003 122 188 149 -1 -1
37 16 157 1320 141 252 208 -1 -1
37 24 157 1182 148 201 167 -1 -1
37 25 157 236 119 245 198 -1 -1
37 28 157 474 134 167 121 -1 -1
37 31 157 416 392 371 316 -1 -1
37 5 158 934 153 101 109 -1 -1
37 15 158 1001 122 186 147 -1 -1
37 16 158 1310 140 253 206 -1 -1
37 24 158 1168 147 215 168 -1 -1
37 25 158 237 120 250 200 -1 -1
37 28 158 473 135 174 121 -1 -1
37 31 158 444 425 422 334 -1 -1
37 32 158 1317 35 135 58 -1 -1
37 5 159 936 149 102 113 -1 -1
37 15 159 997 123 188 145 -1 -1
37 16 159 1311 139 240 205 -1 -1
37 24 159 1165 147 248 172 -1 -1
37 25 159 239 120 252 205 -1 -1
37 28 159 475 134 176 124 -1 -1
37 31 159 444 425 422 334 -1 -1
37 32 159 1316 36 136 57 -1 -1
37 5 160 936 149 102 113 -1 -1
37 15 160 993 123 191 146 -1 -1
37 16 160 1294 139 249 203 -1 -1
37 24 160 1160 146 275 171 -1 -1
37 25 160 241 124 252 203 -1 -1
37 28 160 478 136 178 125 -1 -1
37 31 160 444 425 422 334 -1 -1
37 32 160 1318 36 134 58 -1 -1
37 33 160 1304 140 237 178 -1 -1
37 5 161 936 149 102 113 -1 -1
37 15 161 993 123 191 145 -1 -1
37 16 161 1294 139 249 203 -1 -1
37 24 161 1160 146 271 172 -1 -1
37 25 161 241 124 252 203 -1 -1
37 28 161 478 136 178 125 -1 -1
37 31 161 444 425 422 334 -1 -1
37 32 161 1318 36 134 58 -1 -1
37 33 161 1304 140 237 178 -1 -1
37 5 162 936 149 102 113 -1 -1
37 15 162 993 123 191 145 -1 -1
37 16 162 1294 139 249 203 -1 -1
37 24 162 1160 146 273 171 -1 -1
37 25 162 241 124 252 203 -1 -1
37 28 162 478 136 178 125 -1 -1
37 32 162 1318 36 134 58 -1 -1
37 33 162 1304 139 237 178 -1 -1
37 15 163 993 123 191 145 -1 -1
37 16 163 1294 139 249 203 -1 -1
37 24 163 1160 146 270 171 -1 -1
37 25 163 241 124 252 203 -1 -1
37 28 163 478 136 178 125 -1 -1
37 32 163 1317 36 135 58 -1 -1
37 33 163 1305 139 236 178 -1 -1
37 15 164 993 123 191 145 -1 -1
37 16 164 1294 139 249 203 -1 -1
37 24 164 1159 146 270 170 -1 -1
37 25 164 241 124 252 203 -1 -1
37 28 164 478 136 178 125 -1 -1
37 32 164 1317 36 135 58 -1 -1
37 33 164 1305 139 236 178 -1 -1
37 15 165 993 123 191 145 -1 -1
37 16 165 1294 139 249 203 -1 -1
37 24 165 1159 146 270 170 -1 -1
37 25 165 241 124 252 203 -1 -1
37 28 165 478 136 178 125 -1 -1
37 32 165 1317 36 135 58 -1 -1
37 33 165 1305 139 236 178 -1 -1
37 15 166 993 123 191 145 -1 -1
37 16 166 1294 139 249 203 -1 -1
37 24 166 1159 146 270 170 -1 -1
37 25 166 241 124 252 203 -1 -1
37 28 166 478 136 178 125 -1 -1
37 32 166 1317 36 135 58 -1 -1
37 33 166 1304 139 237 179 -1 -1
37 15 167 993 123 191 145 -1 -1
37 16 167 1294 139 249 203 -1 -1
37 24 167 1159 146 270 170 -1 -1
37 25 167 241 124 252 203 -1 -1
37 28 167 478 136 178 125 -1 -1
37 32 167 1317 36 135 58 -1 -1
37 33 167 1304 139 237 179 -1 -1
37 15 168 993 124 191 144 -1 -1
37 16 168 1295 139 248 203 -1 -1
37 24 168 1160 146 263 170 -1 -1
37 25 168 240 124 253 203 -1 -1
37 28 168 478 136 178 125 -1 -1
37 32 168 1318 37 134 57 -1 -1
37 33 168 1305 140 236 178 -1 -1
37 15 169 993 123 191 145 -1 -1
37 16 169 1294 139 249 203 -1 -1
37 24 169 1160 146 264 170 -1 -1
37 25 169 240 124 253 203 -1 -1
37 28 169 478 136 178 125 -1 -1
37 32 169 1318 36 134 57 -1 -1
37 33 169 1305 140 236 178 -1 -1
37 15 170 993 123 191 145 -1 -1
37 16 170 1294 139 249 203 -1 -1
37 24 170 1160 146 264 170 -1 -1
37 25 170 240 124 253 203 -1 -1
37 28 170 478 136 178 125 -1 -1
37 32 170 1318 37 134 57 -1 -1
37 33 170 1305 140 236 178 -1 -1
37 15 171 951 132 185 137 -1 -1
37 16 171 1228 138 220 181 -1 -1
37 24 171 1096 137 306 177 -1 -1
37 25 171 263 139 284 229 -1 -1
37 28 171 529 151 188 133 -1 -1
37 32 171 1318 37 134 57 -1 -1
37 33 171 1305 140 236 178 -1 -1
37 34 171 617 797 451 276 -1 -1
37 15 172 951 132 185 137 -1 -1
37 16 172 1218 137 219 180 -1 -1
37 24 172 1093 136 227 178 -1 -1
37 25 172 263 140 291 226 -1 -1
37 28 172 531 150 194 137 -1 -1
37 32 172 1318 37 134 57 -1 -1
37 33 172 1206 137 229 182 -1 -1
37 34 172 617 797 451 276 -1 -1
37 15 173 955 134 182 135 -1 -1
37 16 173 1212 136 216 181 -1 -1
37 24 173 1093 136 227 178 -1 -1
37 25 173 266 145 293 217 -1 -1
37 28 173 535 149 195 140 -1 -1
37 32 173 1318 37 134 57 -1 -1
37 33 173 1206 137 229 182 -1 -1
37 34 173 617 797 451 276 -1 -1
37 15 174 955 134 182 135 -1 -1
37 16 174 1212 137 207 177 -1 -1
37 24 174 1093 136 227 178 -1 -1
37 25 174 275 145 290 252 -1 -1
37 28 174 536 148 197 144 -1 -1
37 33 174 1206 137 229 182 -1 -1
37 34 174 617 797 451 276 -1 -1
37 15 175 945 135 180 134 -1 -1
37 16 175 1196 135 219 177 -1 -1
37 24 175 1093 136 227 178 -1 -1
37 25 175 279 148 294 255 -1 -1
37 28 175 544 149 191 144 -1 -1
37 33 175 1206 137 229 182 -1 -1
37 15 176 943 136 174 132 -1 -1
37 16 176 1196 135 219 177 -1 -1
37 24 176 1074 136 229 172 -1 -1
37 25 176 281 150 300 249 -1 -1
37 28 176 548 150 193 143 -1 -1
37 15 177 946 138 168 130 -1 -1
37 16 177 1194 134 204 170 -1 -1
37 24 177 1074 136 229 172 -1 -1
37 25 177 285 156 300 245 -1 -1
37 28 177 551 154 194 142 -1 -1
37 15 178 949 138 163 129 -1 -1
37 16 178 1194 134 204 170 -1 -1
37 24 178 1074 136 229 172 -1 -1
37 25 178 286 158 303 242 -1 -1
37 28 178 559 154 194 144 -1 -1
37 35 178 291 161 298 262 -1 -1
37 15 179 950 139 159 129 -1 -1
37 16 179 1179 132 209 179 -1 -1
37 24 179 1074 136 229 172 -1 -1
37 25 179 294 162 307 266 -1 -1
37 28 179 563 152 194 148 -1 -1
37 35 179 291 161 298 262 -1 -1
37 15 180 947 139 160 130 -1 -1
37 16 180 1172 133 209 178 -1 -1
37 25 180 291 167 315 262 -1 -1
37 28 180 565 155 199 147 -1 -1
37 35 180 291 161 298 262 -1 -1
37 15 181 945 140 161 127 -1 -1
37 16 181 1174 133 201 174 -1 -1
37 25 181 289 172 324 265 -1 -1
37 28 181 572 156 198 148 -1 -1
37 35 181 306 181 309 268 -1 -1
37 36 181 1063 136 167 163 -1 -1
37 15 182 942 140 162 127 -1 -1
37 16 182 1169 132 203 174 -1 -1
37 25 182 302 180 320 275 -1 -1
37 28 182 573 156 198 149 -1 -1
37 35 182 306 181 309 268 -1 -1
37 36 182 1063 136 167 163 -1 -1
37 15 183 942 140 162 127 -1 -1
37 16 183 1169 132 203 174 -1 -1
37 25 183 300 180 334 281 -1 -1
37 28 183 573 156 198 149 -1 -1
37 35 183 306 181 309 268 -1 -1
37 36 183 1063 136 167 163 -1 -1
37 15 184 931 140 156 126 -1 -1
37 16 184 1163 131 193 172 -1 -1
37 25 184 301 184 337 281 -1 -1
37 28 184 582 158 200 152 -1 -1
37 35 184 312 206 331 268 -1 -1
37 36 184 1063 136 167 163 -1 -1
37 37 184 1172 130 185 162 -1 -1
37 15 185 932 142 156 124 -1 -1
37 16 185 1149 129 202 174 -1 -1
37 25 185 303 187 338 279 -1 -1
37 28 185 583 160 201 154 -1 -1
37 35 185 310 204 339 276 -1 -1
37 36 185 1048 129 153 149 -1 -1
37 37 185 1172 130 185 162 -1 -1
37 15 186 934 142 153 125 -1 -1
37 16 186 1146 128 203 173 -1 -1
37 25 186 314 202 346 288 -1 -1
37 28 186 585 161 202 155 -1 -1
37 35 186 310 204 339 276 -1 -1
37 36 186 1048 129 153 149 -1 -1
37 37 186 1172 130 185 162 -1 -1
37 15 187 934 142 153 125 -1 -1
37 16 187 1146 126 199 166 -1 -1
37 25 187 324 224 343 278 -1 -1
37 28 187 590 163 198 157 -1 -1
37 35 187 310 204 339 276 -1 -1
37 36 187 1048 129 153 149 -1 -1
37 37 187 1172 130 185 162 -1 -1
37 15 188 934 142 153 125 -1 -1
37 16 188 1146 126 199 166 -1 -1
37 25 188 324 224 343 278 -1 -1
37 28 188 590 163 198 157 -1 -1
37 35 188 310 204 339 276 -1 -1
37 36 188 1048 129 153 149 -1 -1
37 15 189 934 142 153 125 -1 -1
37 16 189 1146 126 199 166 -1 -1
37 25 189 323 224 344 278 -1 -1
37 28 189 590 163 198 157 -1 -1
37 16 190 1146 126 200 166 -1 -1
37 25 190 324 224 342 278 -1 -1
37 28 190 592 162 196 158 -1 -1
37 16 191 1133 125 198 166 -1 -1
37 25 191 337 236 377 300 -1 -1
37 28 191 603 169 201 169 -1 -1
37 38 191 924 148 151 117 -1 -1
37 16 192 1128 124 199 166 -1 -1
37 25 192 348 245 373 304 -1 -1
37 28 192 603 169 201 169 -1 -1
37 38 192 924 148 151 117 -1 -1
37 39 192 334 208 393 336 -1 -1
37 16 193 1123 124 199 168 -1 -1
37 25 193 355 268 372 286 -1 -1
37 28 193 603 169 201 169 -1 -1
37 38 193 924 148 151 117 -1 -1
37 39 193 349 222 380 324 -1 -1
37 40 193 1859 424 59 272 -1 -1
37 41 193 1029 127 150 147 -1 -1
37 16 194 1122 124 196 168 -1 -1
37 25 194 362 304 386 261 -1 -1
37 28 194 603 169 201 169 -1 -1
37 38 194 923 151 131 112 -1 -1
37 39 194 349 222 380 324 -1 -1
37 40 194 1859 424 59 272 -1 -1
37 41 194 1029 127 150 147 -1 -1
37 16 195 1119 123 191 168 -1 -1
37 25 195 362 304 386 261 -1 -1
37 38 195 923 150 126 113 -1 -1
37 39 195 349 222 380 324 -1 -1
37 40 195 1859 424 59 272 -1 -1
37 41 195 1029 127 150 147 -1 -1
37 42 195 464 136 164 92 -1 -1
37 16 196 1118 124 188 166 -1 -1
37 25 196 367 318 401 271 -1 -1
37 38 196 928 151 125 112 -1 -1
37 39 196 382 319 386 272 -1 -1
37 40 196 1859 424 59 272 -1 -1
37 41 196 1029 127 150 147 -1 -1
37 42 196 449 132 175 107 -1 -1
37 43 196 606 181 216 154 -1 -1
37 16 197 1105 124 197 166 -1 -1
37 25 197 367 318 401 271 -1 -1
37 38 197 928 151 125 112 -1 -1
37 39 197 382 319 386 272 -1 -1
37 42 197 442 120 187 127 -1 -1
37 43 197 606 181 216 154 -1 -1
37 16 198 1103 123 190 164 -1 -1
37 25 198 379 324 419 289 -1 -1
37 38 198 923 152 124 110 -1 -1
37 39 198 382 319 386 272 -1 -1
37 42 198 442 120 187 127 -1 -1
37 43 198 606 181 216 154 -1 -1
37 16 199 1100 122 189 167 -1 -1
37 25 199 379 324 419 289 -1 -1
37 38 199 923 153 120 108 -1 -1
37 39 199 382 319 386 272 -1 -1
37 42 199 430 116 183 137 -1 -1
37 43 199 606 181 216 154 -1 -1
37 16 200 1098 122 185 167 -1 -1
37 25 200 388 350 437 271 -1 -1
37 38 200 921 155 122 108 -1 -1
37 42 200 425 112 186 143 -1 -1
37 44 200 1323 28 130 66 -1 -1
37 16 201 1098 122 185 167 -1 -1
37 25 201 388 349 436 274 -1 -1
37 38 201 921 155 122 108 -1 -1
37 42 201 425 112 186 144 -1 -1
37 44 201 1323 28 130 66 -1 -1
37 16 202 1098 122 185 167 -1 -1
37 25 202 388 349 436 275 -1 -1
37 38 202 921 155 122 108 -1 -1
37 42 202 425 112 186 144 -1 -1
37 44 202 1323 29 130 65 -1 -1
37 16 203 1098 122 185 167 -1 -1
37 25 203 388 349 437 273 -1 -1
37 38 203 921 155 122 108 -1 -1
37 42 203 425 112 186 143 -1 -1
37 44 203 1323 29 130 65 -1 -1
37 16 204 1098 121 185 168 -1 -1
37 25 204 388 352 437 259 -1 -1
37 38 204 920 155 122 108 -1 -1
37 42 204 425 112 186 143 -1 -1
37 44 204 1323 29 130 65 -1 -1
37 16 205 1098 122 185 167 -1 -1
37 25 205 388 354 437 255 -1 -1
37 38 205 920 155 122 108 -1 -1
37 42 205 425 111 186 144 -1 -1
37 44 205 1323 29 130 65 -1 -1
37 45 205 1608 288 312 303 -1 -1
37 16 206 1098 122 185 167 -1 -1
37 25 206 388 354 437 255 -1 -1
37 38 206 920 155 122 108 -1 -1
37 42 206 425 111 186 144 -1 -1
37 44 206 1323 29 130 65 -1 -1
37 45 206 1608 288 312 303 -1 -1
37 16 207 1098 122 185 167 -1 -1
37 25 207 388 355 437 248 -1 -1
37 38 207 920 155 122 108 -1 -1
37 42 207 425 111 186 144 -1 -1
37 45 207 1608 288 312 303 -1 -1
37 16 208 1098 122 185 167 -1 -1
37 25 208 388 355 437 249 -1 -1
37 38 208 920 155 122 108 -1 -1
37 42 208 425 111 186 144 -1 -1
37 45 208 1608 288 312 303 -1 -1
37 16 209 1098 122 185 167 -1 -1
37 25 209 388 355 437 249 -1 -1
37 38 209 920 155 122 108 -1 -1
37 42 209 425 111 186 144 -1 -1
37 45 209 1608 288 312 303 -1 -1
37 16 210 1098 122 185 167 -1 -1
37 25 210 388 355 437 249 -1 -1
37 38 210 920 155 121 108 -1 -1
37 42 210 425 111 186 144 -1 -1
37 16 211 1078 119 174 153 -1 -1
37 25 211 388 355 437 249 -1 -1
37 38 211 920 155 121 108 -1 -1
37 42 211 425 86 192 166 -1 -1
37 46 211 569 239 286 135 -1 -1
37 16 212 1072 120 177 162 -1 -1
37 25 212 388 355 437 249 -1 -1
37 38 212 919 161 111 101 -1 -1
37 42 212 427 88 189 164 -1 -1
37 46 212 568 249 289 139 -1 -1
37 47 212 1313 221 362 275 -1 -1
37 48 212 1853 447 64 255 -1 -1
37 16 213 1066 120 179 162 -1 -1
37 38 213 918 161 109 102 -1 -1
37 42 213 429 85 191 167 -1 -1
37 46 213 569 254 294 145 -1 -1
37 47 213 1291 211 354 275 -1 -1
37 48 213 1853 447 64 255 -1 -1
37 16 214 1066 120 179 162 -1 -1
37 38 214 917 161 105 100 -1 -1
37 42 214 429 86 194 164 -1 -1
37 46 214 573 257 293 158 -1 -1
37 47 214 1272 207 349 269 -1 -1
37 48 214 1853 447 64 255 -1 -1
37 16 215 1059 119 181 161 -1 -1
37 38 215 917 162 110 100 -1 -1
37 42 215 431 80 196 167 -1 -1
37 46 215 574 263 297 165 -1 -1
37 47 215 1256 206 339 260 -1 -1
37 48 215 1853 447 64 255 -1 -1
37 16 216 1059 119 181 161 -1 -1
37 38 216 917 163 107 98 -1 -1
37 42 216 433 83 196 168 -1 -1
37 46 216 574 272 305 214 -1 -1
37 47 216 1237 202 330 255 -1 -1
37 16 217 1064 118 171 158 -1 -1
37 38 217 915 162 117 99 -1 -1
37 42 217 436 80 196 172 -1 -1
37 46 217 576 279 305 195 -1 -1
37 47 217 1219 196 327 256 -1 -1
37 49 217 1219 198 330 252 -1 -1
37 50 217 998 139 112 130 -1 -1
37 16 218 1051 118 181 161 -1 -1
37 38 218 915 162 123 99 -1 -1
37 42 218 437 80 198 172 -1 -1
37 46 218 576 283 313 238 -1 -1
37 47 218 1203 194 323 250 -1 -1
37 49 218 1219 198 330 252 -1 -1
37 50 218 998 139 112 130 -1 -1
37 51 218 1643 348 274 284 -1 -1
37 16 219 1050 117 184 159 -1 -1
37 38 219 917 163 109 97 -1 -1
37 42 219 441 80 196 171 -1 -1
37 46 219 578 295 318 242 -1 -1
37 47 219 1184 188 319 249 -1 -1
37 49 219 1219 198 330 252 -1 -1
37 50 219 990 146 101 119 -1 -1
37 51 219 1610 334 310 281 -1 -1
37 16 220 1055 117 175 158 -1 -1
37 38 220 919 164 116 97 -1 -1
37 42 220 442 79 198 173 -1 -1
37 46 220 580 296 331 257 -1 -1
37 47 220 1169 185 314 246 -1 -1
37 49 220 1219 198 330 252 -1 -1
37 50 220 990 146 101 119 -1 -1
37 51 220 1580 327 340 277 -1 -1
37 16 221 1055 117 175 158 -1 -1
37 38 221 918 165 114 95 -1 -1
37 42 221 443 79 201 173 -1 -1
37 46 221 583 302 337 265 -1 -1
37 47 221 1153 181 312 244 -1 -1
37 49 221 1158 179 303 239 -1 -1
37 50 221 990 146 101 119 -1 -1
37 51 221 1554 321 366 278 -1 -1
37 16 222 1055 117 175 158 -1 -1
37 38 222 919 167 111 93 -1 -1
37 42 222 446 83 204 171 -1 -1
37 46 222 583 306 341 276 -1 -1
37 47 222 1143 179 299 235 -1 -1
37 49 222 1158 179 303 239 -1 -1
37 50 222 990 146 101 119 -1 -1
37 51 222 1526 315 367 275 -1 -1
37 16 223 1046 118 177 152 -1 -1
37 38 223 918 167 118 94 -1 -1
37 42 223 448 82 207 174 -1 -1
37 46 223 588 319 344 277 -1 -1
37 47 223 1128 175 296 231 -1 -1
37 49 223 1158 179 303 239 -1 -1
37 51 223 1504 307 365 271 -1 -1
37 16 224 1046 118 177 152 -1 -1
37 38 224 918 167 117 94 -1 -1
37 42 224 448 82 207 174 -1 -1
37 46 224 588 319 344 277 -1 -1
37 47 224 1128 175 296 231 -1 -1
37 49 224 1158 179 303 239 -1 -1
37 51 224 1504 307 365 270 -1 -1
37 16 225 1046 118 177 152 -1 -1
37 38 225 918 167 117 93 -1 -1
37 42 225 448 82 207 174 -1 -1
37 46 225 588 319 345 277 -1 -1
37 47 225 1128 175 296 231 -1 -1
37 51 225 1504 307 364 270 -1 -1
37 16 226 1046 118 177 152 -1 -1
37 38 226 918 167 118 93 -1 -1
37 42 226 448 82 207 174 -1 -1
37 46 226 588 319 345 277 -1 -1
37 47 226 1128 175 296 231 -1 -1
37 51 226 1504 307 364 270 -1 -1
37 16 227 1046 118 177 152 -1 -1
37 38 227 918 167 118 93 -1 -1
37 42 227 448 82 207 174 -1 -1
37 46 227 588 319 345 277 -1 -1
37 47 227 1128 175 296 231 -1 -1
37 51 227 1504 307 364 270 -1 -1
37 38 228 918 167 115 94 -1 -1
37 42 228 447 84 208 172 -1 -1
37 46 228 588 319 345 277 -1 -1
37 47 228 1128 175 296 231 -1 -1
37 51 228 1504 307 365 271 -1 -1
37 38 229 918 167 115 94 -1 -1
37 42 229 447 84 208 172 -1 -1
37 46 229 588 319 345 277 -1 -1
37 47 229 1128 175 296 231 -1 -1
37 51 229 1504 307 365 270 -1 -1
37 38 230 918 167 113 93 -1 -1
37 42 230 448 82 207 175 -1 -1
37 46 230 587 312 348 284 -1 -1
37 47 230 1128 175 296 231 -1 -1
37 51 230 1504 307 365 270 -1 -1
37 38 231 918 167 113 93 -1 -1
37 42 231 467 80 218 193 -1 -1
37 46 231 587 312 348 284 -1 -1
37 47 231 1128 175 296 231 -1 -1
37 51 231 1504 307 365 270 -1 -1
37 52 231 1336 257 308 236 -1 -1
37 53 231 1038 156 272 210 -1 -1
37 54 231 593 412 457 324 -1 -1
37 38 232 918 167 113 93 -1 -1
37 42 232 469 86 219 189 -1 -1
37 46 232 587 312 348 284 -1 -1
37 47 232 1128 175 296 231 -1 -1
37 51 232 1571 348 349 292 -1 -1
37 52 232 1319 253 303 228 -1 -1
37 53 232 1033 155 255 201 -1 -1
37 54 232 601 433 436 312 -1 -1
37 38 233 918 167 113 93 -1 -1
37 42 233 473 88 218 190 -1 -1
37 46 233 587 312 348 284 -1 -1
37 47 233 1128 175 296 231 -1 -1
37 51 233 1547 334 373 295 -1 -1
37 52 233 1297 245 301 228 -1 -1
37 53 233 1017 153 264 202 -1 -1
37 54 233 607 458 435 310 -1 -1
37 42 234 474 84 219 194 -1 -1
37 51 234 1539 328 372 280 -1 -1
37 52 234 1285 240 290 220 -1 -1
37 53 234 1010 146 253 206 -1 -1
37 54 234 608 485 436 306 -1 -1
37 42 235 477 87 225 193 -1 -1
37 51 235 1502 321 376 283 -1 -1
37 52 235 1268 235 288 220 -1 -1
37 53 235 1000 137 256 209 -1 -1
37 54 235 608 485 436 306 -1 -1
37 42 236 474 81 236 203 -1 -1
37 51 236 1476 319 375 276 -1 -1
37 52 236 1249 232 287 216 -1 -1
37 53 236 992 121 251 223 -1 -1
37 54 236 608 485 436 306 -1 -1
37 55 236 1490 327 366 257 -1 -1
37 42 237 477 85 234 202 -1 -1
37 51 237 1455 316 363 265 -1 -1
37 52 237 1234 229 280 213 -1 -1
37 53 237 986 120 246 211 -1 -1
37 54 237 608 485 436 306 -1 -1
37 55 237 1473 321 344 256 -1 -1
37 42 238 479 81 236 204 -1 -1
37 51 238 1435 305 358 267 -1 -1
37 52 238 1219 226 274 210 -1 -1
37 53 238 978 127 244 206 -1 -1
37 55 238 1473 321 344 256 -1 -1
37 42 239 482 87 235 204 -1 -1
37 51 239 1414 300 352 264 -1 -1
37 52 239 1205 222 273 207 -1 -1
37 53 239 959 131 248 198 -1 -1
37 55 239 1473 321 344 256 -1 -1
37 42 240 488 86 234 207 -1 -1
37 51 240 1389 296 354 257 -1 -1
37 52 240 1188 214 272 207 -1 -1
37 53 240 946 129 258 200 -1 -1
37 55 240 1473 321 344 256 -1 -1
37 42 241 488 86 234 207 -1 -1
37 51 241 1389 296 354 257 -1 -1
37 52 241 1188 214 272 207 -1 -1
37 53 241 946 129 258 200 -1 -1
37 42 242 488 86 234 207 -1 -1
37 51 242 1389 296 354 257 -1 -1
37 52 242 1188 214 272 207 -1 -1
37 53 242 946 129 258 200 -1 -1
37 42 243 488 86 234 207 -1 -1
37 51 243 1390 296 353 257 -1 -1
37 52 243 1188 214 272 207 -1 -1
37 53 243 946 129 258 200 -1 -1
37 42 244 488 86 234 207 -1 -1
37 51 244 1390 296 353 257 -1 -1
37 52 244 1188 214 273 207 -1 -1
37 53 244 946 129 258 200 -1 -1
37 42 245 488 86 234 207 -1 -1
37 51 245 1390 296 353 257 -1 -1
37 52 245 1188 214 273 207 -1 -1
37 53 245 946 129 258 200 -1 -1
37 42 246 488 86 234 207 -1 -1
37 51 246 1390 296 353 257 -1 -1
37 52 246 1188 214 273 207 -1 -1
37 53 246 946 129 258 200 -1 -1
37 42 247 488 86 234 207 -1 -1
37 51 247 1390 296 353 257 -1 -1
37 52 247 1188 214 273 207 -1 -1
37 53 247 946 129 258 200 -1 -1
37 42 248 488 86 234 207 -1 -1
37 51 248 1390 296 353 257 -1 -1
37 52 248 1188 214 273 207 -1 -1
37 53 248 946 129 258 200 -1 -1
37 42 249 488 86 234 207 -1 -1
37 51 249 1390 296 353 257 -1 -1
37 52 249 1188 214 273 207 -1 -1
37 53 249 946 129 258 200 -1 -1
37 42 250 488 86 234 207 -1 -1
37 51 250 1390 297 353 256 -1 -1
37 52 250 1188 214 273 207 -1 -1
37 53 250 946 129 258 200 -1 -1
37 42 251 539 73 256 243 -1 -1
37 51 251 1390 297 353 256 -1 -1
37 52 251 1224 239 297 220 -1 -1
37 53 251 873 132 230 170 -1 -1
37 56 251 1062 182 228 178 -1 -1
37 42 252 541 79 264 238 -1 -1
37 51 252 1390 297 353 256 -1 -1
37 52 252 1215 236 289 217 -1 -1
37 53 252 867 131 224 170 -1 -1
37 56 252 1053 180 227 174 -1 -1
37 57 252 1858 322 60 215 -1 -1
37 58 252 1223 236 277 185 -1 -1
37 42 253 546 82 266 236 -1 -1
37 51 253 1390 297 353 256 -1 -1
37 52 253 1199 235 291 212 -1 -1
37 53 253 861 130 220 167 -1 -1
37 56 253 1044 179 228 171 -1 -1
37 57 253 1833 295 85 236 -1 -1
37 58 253 1223 236 277 185 -1 -1
37 42 254 553 94 262 224 -1 -1
37 52 254 1188 233 286 207 -1 -1
37 53 254 854 129 213 165 -1 -1
37 56 254 1033 176 224 172 -1 -1
37 57 254 1801 282 116 245 -1 -1
37 58 254 1223 236 277 185 -1 -1
37 42 255 559 90 263 242 -1 -1
37 52 255 1180 232 280 201 -1 -1
37 53 255 849 129 214 163 -1 -1
37 56 255 1023 175 220 168 -1 -1
37 57 255 1801 282 116 245 -1 -1
37 58 255 1223 236 277 185 -1 -1
37 42 256 567 83 260 252 -1 -1
37 52 256 1169 229 279 201 -1 -1
37 53 256 842 129 207 163 -1 -1
37 56 256 1015 172 221 167 -1 -1
37 57 256 1756 275 164 235 -1 -1
37 42 257 568 89 264 249 -1 -1
37 52 257 1156 223 275 203 -1 -1
37 53 257 828 128 211 161 -1 -1
37 56 257 1006 168 221 169 -1 -1
37 57 257 1726 265 194 235 -1 -1
37 42 258 573 92 273 248 -1 -1
37 52 258 1151 215 266 187 -1 -1
37 53 258 829 126 212 160 -1 -1
37 56 258 996 167 215 167 -1 -1
37 57 258 1707 259 213 231 -1 -1
37 42 259 580 82 269 259 -1 -1
37 52 259 1139 211 268 197 -1 -1
37 53 259 827 127 206 158 -1 -1
37 56 259 989 164 214 168 -1 -1
37 57 259 1683 254 237 224 -1 -1
37 42 260 588 96 269 247 -1 -1
37 52 260 1130 209 268 197 -1 -1
37 53 260 829 122 192 163 -1 -1
37 56 260 981 162 210 165 -1 -1
37 57 260 1660 249 260 224 -1 -1
37 42 261 593 101 275 245 -1 -1
37 52 261 1122 208 262 196 -1 -1
37 53 261 826 120 191 160 -1 -1
37 56 261 971 156 220 169 -1 -1
37 57 261 1644 244 276 216 -1 -1
37 42 262 600 103 277 251 -1 -1
37 52 262 1111 206 263 194 -1 -1
37 53 262 826 120 191 160 -1 -1
37 56 262 971 143 212 165 -1 -1
37 57 262 1617 237 299 222 -1 -1
37 59 262 1109 209 267 190 -1 -1
37 42 263 606 105 282 260 -1 -1
37 52 263 1104 205 257 191 -1 -1
37 53 263 826 120 191 160 -1 -1
37 56 263 960 152 209 162 -1 -1
37 57 263 1597 233 306 220 -1 -1
37 59 263 1109 209 267 190 -1 -1
37 42 264 611 108 286 259 -1 -1
37 52 264 1094 201 260 190 -1 -1
37 53 264 826 120 191 160 -1 -1
37 56 264 948 159 217 156 -1 -1
37 57 264 1575 230 305 217 -1 -1
37 59 264 1109 209 267 190 -1 -1
37 42 265 619 99 285 272 -1 -1
37 52 265 1087 199 261 181 -1 -1
37 56 265 943 160 209 157 -1 -1
37 57 265 1554 227 300 210 -1 -1
37 59 265 1109 209 267 190 -1 -1
37 42 266 628 99 290 277 -1 -1
37 52 266 1077 195 255 182 -1 -1
37 56 266 933 159 206 152 -1 -1
37 57 266 1537 222 296 207 -1 -1
37 59 266 1073 197 260 189 -1 -1
37 42 267 634 96 295 286 -1 -1
37 52 267 1063 191 262 187 -1 -1
37 56 267 933 159 206 152 -1 -1
37 57 267 1518 214 293 211 -1 -1
37 59 267 1073 197 260 189 -1 -1
37 42 268 644 118 299 274 -1 -1
37 52 268 1045 189 261 188 -1 -1
37 56 268 933 159 206 152 -1 -1
37 57 268 1499 212 289 205 -1 -1
37 59 268 1073 197 260 189 -1 -1
37 42 269 646 116 301 275 -1 -1
37 52 269 1026 188 270 185 -1 -1
37 56 269 933 159 206 152 -1 -1
37 57 269 1480 209 285 202 -1 -1
37 59 269 1073 197 260 189 -1 -1
37 42 270 652 134 303 269 -1 -1
37 52 270 1000 187 277 183 -1 -1
37 57 270 1466 206 277 194 -1 -1
37 42 271 664 121 310 285 -1 -1
37 52 271 973 183 285 183 -1 -1
37 57 271 1448 202 278 196 -1 -1
37 60 271 1323 28 130 67 -1 -1
37 42 272 666 127 326 291 -1 -1
37 52 272 964 174 274 190 -1 -1
37 57 272 1432 199 278 192 -1 -1
37 60 272 1323 28 130 67 -1 -1
37 42 273 679 124 318 290 -1 -1
37 52 273 964 174 274 190 -1 -1
37 57 273 1415 196 272 191 -1 -1
37 60 273 1323 28 130 67 -1 -1
37 42 274 686 158 323 272 -1 -1
37 52 274 958 133 235 223 -1 -1
37 57 274 1401 193 268 189 -1 -1
37 60 274 1323 28 130 67 -1 -1
37 42 275 695 134 327 300 -1 -1
37 52 275 958 133 235 223 -1 -1
37 57 275 1388 191 264 185 -1 -1
37 42 276 699 157 346 286 -1 -1
37 52 276 958 133 235 223 -1 -1
37 57 276 1376 187 259 184 -1 -1
37 42 277 709 145 358 310 -1 -1
37 52 277 958 133 235 223 -1 -1
37 57 277 1359 184 260 182 -1 -1
37 42 278 714 177 355 288 -1 -1
37 57 278 1349 182 249 180 -1 -1
37 42 279 714 177 355 288 -1 -1
37 57 279 1349 182 249 181 -1 -1
37 42 280 715 178 355 287 -1 -1
37 57 280 1348 182 250 180 -1 -1
37 42 281 715 178 355 286 -1 -1
37 57 281 1348 182 250 180 -1 -1
37 42 282 715 179 355 286 -1 -1
37 57 282 1348 182 250 180 -1 -1
37 42 283 715 178 355 287 -1 -1
37 57 283 1348 182 250 181 -1 -1
37 42 284 715 178 355 287 -1 -1
37 57 284 1348 182 250 180 -1 -1
37 42 285 715 178 355 287 -1 -1
37 57 285 1348 182 250 180 -1 -1
37 42 286 715 178 355 287 -1 -1
37 57 286 1348 182 250 180 -1 -1
37 42 287 715 178 355 287 -1 -1
37 57 287 1348 182 250 181 -1 -1
37 42 288 715 178 355 287 -1 -1
37 57 288 1348 182 250 180 -1 -1
37 42 289 715 178 355 287 -1 -1
37 57 289 1348 182 250 180 -1 -1
37 42 290 715 178 355 287 -1 -1
37 57 290 1348 182 250 180 -1 -1
37 42 291 715 178 355 287 -1 -1
37 57 291 1348 182 250 180 -1 -1
37 61 291 1453 284 337 247 -1 -1
37 62 291 269 172 366 165 -1 -1
37 63 291 676 137 173 119 -1 -1
37 42 292 715 178 355 287 -1 -1
37 57 292 1348 182 250 180 -1 -1
37 61 292 1434 280 329 243 -1 -1
37 62 292 269 172 366 165 -1 -1
37 63 292 675 139 167 118 -1 -1
37 42 293 715 178 355 287 -1 -1
37 57 293 1348 182 250 180 -1 -1
37 61 293 1413 272 336 245 -1 -1
37 62 293 202 177 393 159 -1 -1
37 63 293 675 140 167 116 -1 -1
37 64 293 790 140 145 121 -1 -1
37 61 294 1396 260 331 247 -1 -1
37 62 294 171 177 411 160 -1 -1
37 63 294 674 140 169 115 -1 -1
37 64 294 790 140 148 122 -1 -1
37 65 294 200 173 371 166 -1 -1
37 61 295 1380 257 322 238 -1 -1
37 62 295 175 173 372 167 -1 -1
37 63 295 676 142 169 113 -1 -1
37 64 295 783 140 157 121 -1 -1
37 65 295 200 173 371 166 -1 -1
37 61 296 1384 252 298 232 -1 -1
37 62 296 148 174 399 165 -1 -1
37 63 296 677 145 166 109 -1 -1
37 64 296 780 139 157 121 -1 -1
37 65 296 200 173 371 166 -1 -1
37 61 297 1409 250 249 200 -1 -1
37 62 297 126 173 407 166 -1 -1
37 63 297 677 148 142 104 -1 -1
37 64 297 779 140 150 118 -1 -1
37 65 297 200 173 371 166 -1 -1
37 61 298 1409 250 249 200 -1 -1
37 62 298 128 176 368 164 -1 -1
37 63 298 679 149 134 104 -1 -1
37 64 298 769 139 154 119 -1 -1
