39 0 1 133 448 188 125 -1 -1
39 1 1 33 367 72 52 -1 -1
39 0 2 129 445 180 121 -1 -1
39 1 2 31 367 72 50 -1 -1
39 0 3 124 441 171 118 -1 -1
39 1 3 30 368 71 47 -1 -1
39 0 4 121 437 165 114 -1 -1
39 1 4 28 367 69 48 -1 -1
39 0 5 115 435 162 112 -1 -1
39 1 5 28 365 67 49 -1 -1
39 0 6 108 432 160 109 -1 -1
39 1 6 27 365 66 47 -1 -1
39 0 7 103 430 157 106 -1 -1
39 1 7 25 364 64 46 -1 -1
39 0 8 98 429 152 101 -1 -1
39 1 8 25 364 63 47 -1 -1
39 0 9 98 424 146 101 -1 -1
39 1 9 24 364 63 46 -1 -1
39 0 10 92 423 143 96 -1 -1
39 1 10 24 364 62 47 -1 -1
39 0 11 86 420 143 93 -1 -1
39 1 11 23 365 62 45 -1 -1
39 0 12 80 416 144 94 -1 -1
39 1 12 22 366 62 43 -1 -1
39 0 13 78 412 136 93 -1 -1
39 1 13 20 365 63 44 -1 -1
39 0 14 75 410 133 91 -1 -1
39 1 14 18 366 64 42 -1 -1
39 0 15 77 409 122 87 -1 -1
39 1 15 18 366 64 42 -1 -1
39 2 15 0 639 111 260 -1 -1
39 0 16 73 406 123 86 -1 -1
39 1 16 15 367 65 41 -1 -1
39 2 16 0 613 174 307 -1 -1
39 0 17 67 403 125 84 -1 -1
39 1 17 13 367 64 41 -1 -1
39 2 17 0 689 258 299 -1 -1
39 0 18 64 400 119 84 -1 -1
39 1 18 11 367 66 40 -1 -1
39 2 18 2 697 356 331 -1 -1
39 0 19 61 400 116 81 -1 -1
39 1 19 11 367 64 40 -1 -1
39 2 19 0 718 470 337 -1 -1
39 0 20 57 399 111 78 -1 -1
39 1 20 10 367 63 40 -1 -1
39 2 20 9 733 635 364 -1 -1
39 0 21 54 397 108 76 -1 -1
39 1 21 9 366 63 41 -1 -1
39 2 21 9 733 635 364 -1 -1
39 0 22 49 395 111 75 -1 -1
39 1 22 9 367 63 40 -1 -1
39 2 22 9 733 635 364 -1 -1
39 0 23 46 393 109 74 -1 -1
39 1 23 8 367 69 39 -1 -1
39 2 23 9 733 635 364 -1 -1
39 0 24 44 391 107 73 -1 -1
39 1 24 7 368 74 38 -1 -1
39 3 24 7 365 78 40 -1 -1
39 0 25 42 391 105 70 -1 -1
39 1 25 8 370 83 36 -1 -1
39 3 25 7 365 78 40 -1 -1
39 4 25 1723 628 457 341 -1 -1
39 0 26 39 392 103 66 -1 -1
39 1 26 8 371 76 36 -1 -1
39 3 26 7 365 78 40 -1 -1
39 4 26 1722 628 463 342 -1 -1
39 0 27 37 391 102 64 -1 -1
39 1 27 8 371 79 34 -1 -1
39 3 27 7 365 78 40 -1 -1
39 4 27 1723 628 451 326 -1 -1
39 0 28 35 387 99 65 -1 -1
39 1 28 8 371 79 34 -1 -1
39 4 28 1729 624 391 203 -1 -1
39 0 29 32 389 98 60 -1 -1
39 1 29 8 371 79 34 -1 -1
39 4 29 1729 624 391 203 -1 -1
39 0 30 31 385 96 62 -1 -1
39 1 30 8 371 79 34 -1 -1
39 4 30 1729 625 406 193 -1 -1
39 0 31 30 383 93 61 -1 -1
39 4 31 1726 631 442 265 -1 -1
39 0 32 27 385 93 58 -1 -1
39 4 32 1726 631 442 265 -1 -1
39 0 33 26 380 88 60 -1 -1
39 4 33 1726 631 442 265 -1 -1
39 0 34 25 381 87 57 -1 -1
39 4 34 1726 631 442 265 -1 -1
39 5 34 0 373 37 31 -1 -1
39 0 35 24 384 85 52 -1 -1
39 5 35 0 373 37 31 -1 -1
39 0 36 26 389 82 45 -1 -1
39 5 36 0 373 37 31 -1 -1
39 0 37 26 389 82 45 -1 -1
39 5 37 0 373 37 31 -1 -1
39 6 37 3 379 59 32 -1 -1
39 0 38 26 389 82 45 -1 -1
39 6 38 4 379 54 33 -1 -1
39 0 39 18 379 76 50 -1 -1
39 6 39 4 382 50 33 -1 -1
39 0 40 15 381 77 46 -1 -1
39 6 40 2 383 57 36 -1 -1
39 0 41 12 372 78 52 -1 -1
39 6 41 6 382 46 40 -1 -1
39 0 42 10 375 77 48 -1 -1
39 6 42 6 381 48 38 -1 -1
39 0 43 9 373 76 49 -1 -1
39 6 43 5 380 44 40 -1 -1
39 7 43 1712 630 421 338 -1 -1
39 0 44 7 374 77 47 -1 -1
39 6 44 5 380 44 40 -1 -1
39 7 44 1710 630 426 342 -1 -1
39 0 45 8 372 74 48 -1 -1
39 6 45 5 380 44 40 -1 -1
39 7 45 1710 630 426 342 -1 -1
39 0 46 8 375 73 43 -1 -1
39 6 46 5 380 44 40 -1 -1
39 7 46 1710 630 426 342 -1 -1
39 0 47 8 375 68 40 -1 -1
39 7 47 1710 630 426 342 -1 -1
39 0 48 9 376 67 39 -1 -1
39 0 49 7 370 68 44 -1 -1
39 0 50 5 367 67 45 -1 -1
39 8 50 1621 629 387 328 -1 -1
39 0 51 6 368 65 43 -1 -1
39 8 51 1621 629 387 328 -1 -1
39 0 52 6 368 64 43 -1 -1
39 8 52 1621 629 387 328 -1 -1
39 0 53 5 367 63 43 -1 -1
39 8 53 1621 629 387 328 -1 -1
39 0 54 5 368 62 41 -1 -1
39 0 55 6 368 60 41 -1 -1
39 0 56 5 368 61 40 -1 -1
39 0 57 5 368 61 40 -1 -1
39 0 58 6 368 59 40 -1 -1
39 0 59 6 369 58 38 -1 -1
39 0 60 5 369 60 39 -1 -1
39 0 61 6 372 58 36 -1 -1
39 0 62 1 372 56 36 -1 -1
39 9 62 2359 663 105 58 -1 -1
39 0 63 1 372 56 36 -1 -1
39 9 63 2360 663 104 57 -1 -1
39 0 64 1 372 56 36 -1 -1
39 9 64 2359 663 105 57 -1 -1
39 0 65 1 372 56 36 -1 -1
39 9 65 2357 663 107 57 -1 -1
39 9 66 2357 663 108 58 -1 -1
39 9 67 2358 663 107 57 -1 -1
39 9 68 2358 663 107 57 -1 -1
39 9 69 2358 663 107 57 -1 -1
39 9 70 2358 663 107 57 -1 -1
39 9 71 2358 664 106 57 -1 -1
39 10 71 0 546 562 437 -1 -1
39 9 72 2356 664 108 57 -1 -1
39 10 72 0 546 562 437 -1 -1
39 9 73 2356 664 108 57 -1 -1
39 10 73 0 546 562 437 -1 -1
39 11 73 2431 619 126 300 -1 -1
39 9 74 2356 664 108 57 -1 -1
39 10 74 0 546 562 437 -1 -1
39 11 74 2431 619 126 300 -1 -1
39 9 75 2356 664 108 57 -1 -1
39 11 75 2431 619 126 300 -1 -1
39 11 76 2431 619 126 300 -1 -1
39 12 76 2142 602 418 210 -1 -1
39 13 76 2124 610 436 368 -1 -1
39 12 77 2142 602 418 210 -1 -1
39 13 77 2124 610 436 368 -1 -1
39 12 78 2142 602 418 210 -1 -1
39 13 78 2124 610 436 368 -1 -1
39 14 78 1 373 52 33 -1 -1
39 12 79 2142 602 418 210 -1 -1
39 13 79 2124 610 436 368 -1 -1
39 14 79 1 370 50 36 -1 -1
39 14 80 1 371 46 35 -1 -1
39 14 81 0 371 45 34 -1 -1
39 14 82 0 371 45 34 -1 -1
39 14 83 0 371 45 34 -1 -1
39 14 84 0 371 45 34 -1 -1
39 15 86 2357 664 107 57 -1 -1
39 15 87 2358 664 106 57 -1 -1
39 15 88 2356 663 108 58 -1 -1
39 15 89 2357 663 107 57 -1 -1
39 15 90 2356 663 108 58 -1 -1
39 16 90 258 644 404 257 -1 -1
39 15 91 2356 663 108 58 -1 -1
39 16 91 258 644 404 257 -1 -1
39 15 92 2356 663 108 58 -1 -1
39 16 92 258 644 404 257 -1 -1
39 15 93 2356 663 108 58 -1 -1
39 16 93 0 555 497 423 -1 -1
39 16 94 0 540 525 418 -1 -1
39 17 94 2121 543 439 298 -1 -1
39 16 95 0 540 525 418 -1 -1
39 17 95 2121 543 439 298 -1 -1
39 16 96 0 540 525 418 -1 -1
39 17 96 1893 540 592 308 -1 -1
39 16 97 0 540 525 418 -1 -1
39 17 97 1785 567 443 275 -1 -1
39 16 98 0 623 390 265 -1 -1
39 17 98 1785 567 443 275 -1 -1
39 16 99 0 623 390 265 -1 -1
39 17 99 1586 540 556 300 -1 -1
39 16 100 0 623 390 265 -1 -1
39 17 100 1586 540 556 300 -1 -1
39 16 101 0 623 390 265 -1 -1
39 17 101 1382 531 567 307 -1 -1
39 17 102 1382 531 567 307 -1 -1
39 18 102 2355 664 109 57 -1 -1
39 17 103 1382 531 567 307 -1 -1
39 18 103 2354 664 110 57 -1 -1
39 17 104 1382 531 567 307 -1 -1
39 18 104 2354 664 110 56 -1 -1
39 18 105 2354 664 110 56 -1 -1
39 18 106 2354 664 110 57 -1 -1
39 19 106 1027 523 542 291 -1 -1
39 18 107 2354 663 110 58 -1 -1
39 19 107 942 526 529 287 -1 -1
39 18 108 2354 663 110 58 -1 -1
39 19 108 819 536 545 272 -1 -1
39 18 109 2355 664 109 57 -1 -1
39 19 109 736 537 507 270 -1 -1
39 18 110 2355 664 109 57 -1 -1
39 19 110 668 527 514 275 -1 -1
39 18 111 2359 663 105 57 -1 -1
39 19 111 594 536 573 251 -1 -1
39 18 112 2358 663 106 57 -1 -1
39 19 112 539 531 515 267 -1 -1
39 18 113 2358 663 106 57 -1 -1
39 19 113 475 526 561 266 -1 -1
39 18 114 2358 663 106 57 -1 -1
39 19 114 422 522 472 264 -1 -1
39 18 115 2358 663 106 57 -1 -1
39 19 115 422 522 472 264 -1 -1
39 18 116 2356 663 108 58 -1 -1
39 19 116 422 522 472 264 -1 -1
39 18 117 2357 664 107 56 -1 -1
39 19 117 422 522 472 264 -1 -1
39 18 118 2357 664 107 56 -1 -1
39 19 118 286 515 558 258 -1 -1
39 18 119 2357 664 107 56 -1 -1
39 19 119 262 515 513 246 -1 -1
39 18 120 2357 664 107 56 -1 -1
39 19 120 243 510 478 246 -1 -1
39 18 121 2359 664 105 56 -1 -1
39 19 121 226 507 440 239 -1 -1
39 18 122 2358 664 105 56 -1 -1
39 19 122 209 499 416 238 -1 -1
39 18 123 2358 664 105 56 -1 -1
39 19 123 194 487 404 244 -1 -1
39 20 123 193 492 370 232 -1 -1
39 18 124 2358 664 106 56 -1 -1
39 19 124 180 484 382 236 -1 -1
39 20 124 193 492 370 232 -1 -1
39 18 125 2358 664 105 56 -1 -1
39 19 125 167 483 361 223 -1 -1
39 20 125 193 492 370 232 -1 -1
39 18 126 2357 664 107 56 -1 -1
39 19 126 155 478 344 217 -1 -1
39 20 126 193 492 370 232 -1 -1
39 18 127 2357 664 107 56 -1 -1
39 19 127 148 470 322 219 -1 -1
39 18 128 2357 664 107 56 -1 -1
39 19 128 141 465 305 212 -1 -1
39 18 129 2357 664 107 56 -1 -1
39 19 129 132 461 293 205 -1 -1
39 18 130 2357 664 107 56 -1 -1
39 19 130 129 455 274 201 -1 -1
39 18 131 2357 664 107 56 -1 -1
39 19 131 126 453 259 192 -1 -1
39 18 132 2360 664 104 56 -1 -1
39 19 132 121 450 250 186 -1 -1
39 18 133 2356 664 108 57 -1 -1
39 19 133 121 446 235 179 -1 -1
39 18 134 2356 664 108 56 -1 -1
39 19 134 117 440 227 177 -1 -1
39 18 135 2356 664 108 56 -1 -1
39 19 135 108 435 223 171 -1 -1
39 18 136 2356 664 108 57 -1 -1
39 19 136 106 433 217 165 -1 -1
39 18 137 2355 664 109 57 -1 -1
39 19 137 103 431 209 159 -1 -1
39 18 138 2355 664 109 57 -1 -1
39 19 138 98 422 203 159 -1 -1
39 18 139 2356 664 108 57 -1 -1
39 19 139 95 416 198 157 -1 -1
39 18 140 2356 663 108 58 -1 -1
39 19 140 94 416 189 148 -1 -1
39 18 141 2356 663 107 57 -1 -1
39 19 141 93 411 183 147 -1 -1
39 18 142 2357 663 106 58 -1 -1
39 19 142 87 409 180 142 -1 -1
39 18 143 2357 663 106 57 -1 -1
39 19 143 87 409 174 135 -1 -1
39 18 144 2357 663 106 57 -1 -1
39 19 144 81 409 173 130 -1 -1
39 18 145 2355 664 109 56 -1 -1
39 19 145 80 406 168 127 -1 -1
39 18 146 2355 664 109 56 -1 -1
39 19 146 77 401 163 127 -1 -1
39 18 147 2355 664 109 56 -1 -1
39 19 147 76 402 156 120 -1 -1
39 18 148 2355 664 109 56 -1 -1
39 19 148 73 397 154 120 -1 -1
39 18 149 2355 664 109 56 -1 -1
39 19 149 71 395 149 116 -1 -1
39 18 150 2354 664 110 57 -1 -1
39 19 150 69 394 146 112 -1 -1
39 18 151 2354 664 110 57 -1 -1
39 19 151 68 391 141 111 -1 -1
39 21 151 2371 592 189 244 -1 -1
39 18 152 2354 664 110 57 -1 -1
39 19 152 66 391 134 106 -1 -1
39 21 152 2267 546 293 297 -1 -1
39 18 153 2354 664 110 57 -1 -1
39 19 153 62 388 134 105 -1 -1
39 21 153 2154 536 406 308 -1 -1
39 19 154 59 387 133 101 -1 -1
39 21 154 2154 536 406 308 -1 -1
39 19 155 56 382 134 104 -1 -1
39 21 155 1921 516 540 337 -1 -1
39 19 156 54 381 130 101 -1 -1
39 21 156 1810 509 530 348 -1 -1
39 19 157 53 377 125 101 -1 -1
39 21 157 1810 509 530 348 -1 -1
39 19 158 50 379 122 95 -1 -1
39 21 158 1579 585 505 265 -1 -1
39 19 159 47 375 121 96 -1 -1
39 21 159 1579 585 505 265 -1 -1
39 19 160 46 376 119 92 -1 -1
39 21 160 1358 537 509 307 -1 -1
39 19 161 43 372 116 93 -1 -1
39 21 161 1250 584 439 247 -1 -1
39 19 162 42 373 113 88 -1 -1
39 21 162 1250 584 439 247 -1 -1
39 22 162 2356 664 108 57 -1 -1
39 19 163 39 370 113 88 -1 -1
39 21 163 1040 568 390 273 -1 -1
39 22 163 2356 664 108 57 -1 -1
39 19 164 39 373 111 83 -1 -1
39 21 164 941 570 419 268 -1 -1
39 22 164 2355 664 109 57 -1 -1
39 19 165 36 370 110 81 -1 -1
39 21 165 844 567 436 270 -1 -1
39 22 165 2356 664 108 57 -1 -1
39 19 166 35 374 106 77 -1 -1
39 21 166 844 567 436 270 -1 -1
39 22 166 2355 664 109 57 -1 -1
39 19 167 32 372 104 75 -1 -1
39 21 167 844 567 436 270 -1 -1
39 22 167 2355 664 109 57 -1 -1
39 19 168 30 368 103 77 -1 -1
39 21 168 766 517 460 289 -1 -1
39 22 168 2355 664 109 57 -1 -1
39 19 169 30 367 98 76 -1 -1
39 21 169 681 520 458 269 -1 -1
39 22 169 2355 664 109 57 -1 -1
39 23 169 527 561 404 257 -1 -1
39 19 170 28 366 98 74 -1 -1
39 21 170 580 517 530 243 -1 -1
39 22 170 2355 664 109 57 -1 -1
39 23 170 527 561 404 257 -1 -1
39 19 171 26 367 98 71 -1 -1
39 21 171 529 514 477 233 -1 -1
39 22 171 2357 664 107 57 -1 -1
39 23 171 527 561 404 257 -1 -1
39 19 172 24 366 98 70 -1 -1
39 21 172 415 518 545 281 -1 -1
39 22 172 2358 664 106 57 -1 -1
39 23 172 527 561 404 257 -1 -1
39 19 173 22 363 96 72 -1 -1
39 21 173 331 512 525 259 -1 -1
39 22 173 2358 663 106 58 -1 -1
39 24 173 703 1077 580 376 -1 -1
39 19 174 22 359 94 73 -1 -1
39 21 174 279 517 538 263 -1 -1
39 22 174 2358 664 106 57 -1 -1
39 24 174 703 1077 580 376 -1 -1
39 25 174 303 513 545 259 -1 -1
39 19 175 21 361 92 70 -1 -1
39 21 175 249 514 524 258 -1 -1
39 22 175 2358 664 106 56 -1 -1
39 24 175 703 1077 580 376 -1 -1
39 25 175 303 513 545 259 -1 -1
39 19 176 19 363 90 65 -1 -1
39 21 176 249 514 524 258 -1 -1
39 22 176 2358 664 106 56 -1 -1
39 24 176 703 1077 580 376 -1 -1
39 25 176 303 513 545 259 -1 -1
39 19 177 17 364 91 63 -1 -1
39 21 177 195 495 618 279 -1 -1
39 22 177 2358 664 106 56 -1 -1
39 25 177 303 513 545 259 -1 -1
39 19 178 16 367 90 57 -1 -1
39 21 178 195 495 618 279 -1 -1
39 22 178 2358 664 106 56 -1 -1
39 19 179 15 366 88 57 -1 -1
39 21 179 159 492 557 279 -1 -1
39 22 179 2357 664 107 57 -1 -1
39 19 180 16 370 85 52 -1 -1
39 21 180 143 490 511 273 -1 -1
39 22 180 2357 664 107 57 -1 -1
39 19 181 16 360 81 59 -1 -1
39 21 181 132 487 476 266 -1 -1
39 22 181 2366 663 98 58 -1 -1
39 26 181 131 482 465 266 -1 -1
39 19 182 14 358 81 61 -1 -1
39 21 182 124 479 417 262 -1 -1
39 22 182 2364 663 100 58 -1 -1
39 26 182 122 482 396 257 -1 -1
39 19 183 10 355 82 62 -1 -1
39 21 183 116 476 388 258 -1 -1
39 22 183 2365 663 99 58 -1 -1
39 26 183 122 482 396 257 -1 -1
39 19 184 9 354 81 61 -1 -1
39 21 184 110 470 374 247 -1 -1
39 22 184 2366 663 98 58 -1 -1
39 26 184 122 482 396 257 -1 -1
39 19 185 10 354 79 61 -1 -1
39 21 185 104 463 351 227 -1 -1
39 22 185 2367 663 97 57 -1 -1
39 26 185 122 482 396 257 -1 -1
39 19 186 8 355 79 60 -1 -1
39 21 186 100 458 337 241 -1 -1
39 22 186 2367 663 97 57 -1 -1
39 19 187 6 353 80 60 -1 -1
39 21 187 98 452 315 229 -1 -1
39 22 187 2367 664 97 56 -1 -1
39 19 188 4 353 81 59 -1 -1
39 21 188 96 449 295 221 -1 -1
39 22 188 2366 664 98 56 -1 -1
39 19 189 3 354 80 57 -1 -1
39 21 189 93 444 278 210 -1 -1
39 22 189 2367 664 97 56 -1 -1
39 19 190 3 355 79 56 -1 -1
39 21 190 93 444 278 210 -1 -1
39 22 190 2366 664 98 56 -1 -1
39 19 191 4 356 76 55 -1 -1
39 21 191 90 434 252 205 -1 -1
39 22 191 2365 664 99 56 -1 -1
39 19 192 3 356 77 54 -1 -1
39 21 192 86 431 243 197 -1 -1
39 22 192 2365 664 99 56 -1 -1
39 19 193 3 358 75 52 -1 -1
39 21 193 85 427 233 191 -1 -1
39 22 193 2364 665 100 55 -1 -1
39 19 194 2 361 73 47 -1 -1
39 21 194 83 423 225 185 -1 -1
39 22 194 2365 664 99 56 -1 -1
39 19 195 2 361 79 48 -1 -1
39 21 195 87 417 212 183 -1 -1
39 22 195 2365 664 99 56 -1 -1
39 19 196 2 361 76 47 -1 -1
39 21 196 84 414 206 175 -1 -1
39 22 196 2367 664 97 56 -1 -1
39 27 196 2 356 63 52 -1 -1
39 19 197 1 361 73 47 -1 -1
39 21 197 83 409 198 172 -1 -1
39 22 197 2365 664 99 56 -1 -1
39 27 197 2 357 64 51 -1 -1
39 19 198 1 357 66 50 -1 -1
39 21 198 82 404 193 169 -1 -1
39 22 198 2366 664 98 56 -1 -1
39 27 198 2 357 64 51 -1 -1
39 19 199 1 357 62 49 -1 -1
39 21 199 81 403 188 161 -1 -1
39 22 199 2366 664 98 56 -1 -1
39 27 199 2 357 64 51 -1 -1
39 19 200 1 359 60 48 -1 -1
39 21 200 80 403 183 154 -1 -1
39 22 200 2366 664 98 56 -1 -1
39 27 200 2 357 64 51 -1 -1
39 19 201 2 361 61 45 -1 -1
39 21 201 78 402 181 147 -1 -1
39 22 201 2362 664 104 57 -1 -1
39 28 201 2470 575 88 242 -1 -1
39 29 201 85 390 101 47 -1 -1
39 19 202 2 363 61 43 -1 -1
39 21 202 76 403 176 141 -1 -1
39 22 202 2362 664 104 57 -1 -1
39 28 202 2470 575 88 242 -1 -1
39 29 202 85 390 101 47 -1 -1
39 30 202 2329 590 231 261 -1 -1
39 19 203 2 363 61 43 -1 -1
39 21 203 74 398 172 141 -1 -1
39 22 203 2362 664 104 57 -1 -1
39 28 203 2470 575 88 242 -1 -1
39 29 203 79 390 100 59 -1 -1
39 30 203 2329 590 231 261 -1 -1
39 19 204 3 368 71 37 -1 -1
39 21 204 72 394 167 138 -1 -1
39 22 204 2362 664 104 57 -1 -1
39 28 204 2470 575 88 242 -1 -1
39 29 204 83 391 82 49 -1 -1
39 30 204 2329 590 231 261 -1 -1
39 31 204 2046 520 514 333 -1 -1
39 19 205 3 368 71 37 -1 -1
39 21 205 70 395 163 131 -1 -1
39 29 205 83 391 82 49 -1 -1
39 30 205 2329 590 231 261 -1 -1
39 31 205 2046 520 514 333 -1 -1
39 19 206 3 368 71 37 -1 -1
39 21 206 69 390 159 130 -1 -1
39 29 206 83 391 82 49 -1 -1
39 31 206 2046 520 514 333 -1 -1
39 19 207 3 368 71 37 -1 -1
39 21 207 66 387 156 128 -1 -1
39 29 207 83 391 82 49 -1 -1
39 31 207 2046 520 514 333 -1 -1
39 32 207 1622 562 362 284 -1 -1
39 33 207 2453 678 107 165 -1 -1
39 21 208 63 388 155 123 -1 -1
39 32 208 1486 568 313 276 -1 -1
39 33 208 2453 678 107 165 -1 -1
39 21 209 63 384 149 121 -1 -1
39 32 209 1486 568 313 276 -1 -1
39 33 209 2453 678 107 165 -1 -1
39 34 209 1 363 79 42 -1 -1
39 21 210 60 386 144 113 -1 -1
39 32 210 1221 534 406 300 -1 -1
39 33 210 2453 678 107 165 -1 -1
39 34 210 1 363 79 42 -1 -1
39 21 211 55 378 142 117 -1 -1
39 32 211 1098 562 366 268 -1 -1
39 34 211 1 363 79 42 -1 -1
39 35 211 2369 663 95 58 -1 -1
39 21 212 55 383 139 107 -1 -1
39 32 212 983 550 316 273 -1 -1
39 34 212 1 363 79 42 -1 -1
39 35 212 2368 663 96 57 -1 -1
39 36 212 1167 491 446 286 -1 -1
39 21 213 51 377 137 109 -1 -1
39 32 213 983 550 316 273 -1 -1
39 35 213 2368 663 96 57 -1 -1
39 36 213 1051 495 420 279 -1 -1
39 21 214 47 382 135 100 -1 -1
39 32 214 931 501 397 272 -1 -1
39 35 214 2368 663 96 57 -1 -1
39 36 214 1051 495 420 279 -1 -1
39 21 215 47 380 129 99 -1 -1
39 32 215 818 501 448 262 -1 -1
39 35 215 2368 663 96 57 -1 -1
39 36 215 1051 495 420 279 -1 -1
39 21 216 43 375 127 101 -1 -1
39 32 216 730 506 374 262 -1 -1
39 35 216 2368 663 96 57 -1 -1
39 36 216 1051 495 420 279 -1 -1
39 21 217 42 375 123 97 -1 -1
39 32 217 636 507 366 256 -1 -1
39 35 217 2368 663 96 57 -1 -1
39 21 218 39 371 122 97 -1 -1
39 32 218 546 494 419 279 -1 -1
39 35 218 2368 663 96 57 -1 -1
39 37 218 745 494 555 307 -1 -1
39 21 219 38 381 118 84 -1 -1
39 32 219 460 491 387 275 -1 -1
39 35 219 2368 663 96 57 -1 -1
39 37 219 745 494 555 307 -1 -1
39 21 220 37 383 115 80 -1 -1
39 32 220 401 490 366 267 -1 -1
39 35 220 2368 663 96 57 -1 -1
39 37 220 745 494 555 307 -1 -1
39 21 221 33 371 117 87 -1 -1
39 32 221 359 486 440 256 -1 -1
39 35 221 2368 663 96 57 -1 -1
39 37 221 745 494 555 307 -1 -1
39 21 222 32 370 113 85 -1 -1
39 32 222 296 485 386 255 -1 -1
39 35 222 2368 663 96 57 -1 -1
39 21 223 31 368 111 84 -1 -1
39 32 223 296 485 386 255 -1 -1
39 35 223 2368 663 96 57 -1 -1
39 21 224 29 368 109 82 -1 -1
39 32 224 296 485 386 255 -1 -1
39 21 225 28 362 106 85 -1 -1
39 32 225 179 470 557 269 -1 -1
39 21 226 26 364 104 80 -1 -1
39 32 226 166 464 490 269 -1 -1
39 21 227 25 365 103 77 -1 -1
39 32 227 147 460 445 262 -1 -1
39 21 228 25 368 100 72 -1 -1
39 32 228 136 454 389 256 -1 -1
39 21 229 23 363 99 74 -1 -1
39 32 229 124 448 398 255 -1 -1
39 38 229 2369 663 96 58 -1 -1
39 21 230 24 369 94 67 -1 -1
39 32 230 116 445 371 243 -1 -1
39 38 230 2369 663 96 58 -1 -1
39 39 230 2357 642 203 202 -1 -1
39 21 231 21 365 93 68 -1 -1
39 32 231 106 442 350 230 -1 -1
39 38 231 2369 663 96 58 -1 -1
39 39 231 2221 635 337 209 -1 -1
39 21 232 18 370 93 62 -1 -1
39 32 232 99 433 330 230 -1 -1
39 38 232 2369 663 96 58 -1 -1
39 39 232 2093 607 467 239 -1 -1
39 21 233 17 367 92 63 -1 -1
39 32 233 95 428 305 220 -1 -1
39 39 233 1961 617 531 225 -1 -1
39 21 234 13 365 97 63 -1 -1
39 32 234 91 418 291 222 -1 -1
39 39 234 1837 627 386 217 -1 -1
39 21 235 14 362 93 62 -1 -1
39 32 235 88 421 270 201 -1 -1
39 39 235 1710 641 316 201 -1 -1
39 21 236 14 355 89 68 -1 -1
39 32 236 88 419 257 194 -1 -1
39 39 236 1589 639 284 200 -1 -1
39 21 237 14 356 89 65 -1 -1
39 32 237 86 413 243 189 -1 -1
39 39 237 1589 639 284 200 -1 -1
39 21 238 12 353 83 66 -1 -1
39 32 238 83 406 230 183 -1 -1
39 39 238 1589 639 284 200 -1 -1
39 21 239 11 352 83 67 -1 -1
39 32 239 86 404 218 177 -1 -1
39 39 239 1589 639 284 200 -1 -1
39 40 239 1239 608 443 228 -1 -1
39 21 240 9 351 85 66 -1 -1
39 32 240 83 401 212 173 -1 -1
39 40 240 1239 608 443 228 -1 -1
39 21 241 7 353 83 62 -1 -1
39 32 241 81 397 203 168 -1 -1
39 40 241 1183 583 553 237 -1 -1
39 21 242 6 352 84 64 -1 -1
39 32 242 81 397 203 168 -1 -1
39 40 242 1066 581 537 238 -1 -1
39 21 243 6 352 84 64 -1 -1
39 32 243 81 397 186 153 -1 -1
39 40 243 1066 581 537 238 -1 -1
39 41 243 81 393 181 142 -1 -1
39 21 244 6 352 84 64 -1 -1
39 32 244 74 391 165 115 -1 -1
39 40 244 865 577 552 240 -1 -1
39 41 244 81 393 181 142 -1 -1
39 21 245 6 352 84 64 -1 -1
39 32 245 75 388 173 144 -1 -1
39 40 245 764 575 525 239 -1 -1
39 41 245 81 393 181 142 -1 -1
39 32 246 71 383 175 147 -1 -1
39 40 246 668 576 519 235 -1 -1
39 41 246 81 393 181 142 -1 -1
39 32 247 71 387 167 135 -1 -1
39 40 247 590 580 606 227 -1 -1
39 42 247 72 368 123 52 -1 -1
39 32 248 70 383 160 133 -1 -1
39 40 248 590 580 606 227 -1 -1
39 42 248 73 372 108 46 -1 -1
39 32 249 67 389 158 121 -1 -1
39 40 249 590 580 606 227 -1 -1
39 42 249 64 371 122 43 -1 -1
39 32 250 63 387 153 118 -1 -1
39 40 250 413 560 574 232 -1 -1
39 42 250 62 371 126 42 -1 -1
39 32 251 58 380 151 121 -1 -1
39 40 251 398 551 488 237 -1 -1
39 42 251 62 371 126 42 -1 -1
39 32 252 54 384 149 111 -1 -1
39 40 252 349 550 470 227 -1 -1
39 42 252 59 369 116 45 -1 -1
39 43 252 1 355 65 52 -1 -1
39 32 253 55 392 142 99 -1 -1
39 40 253 314 544 452 226 -1 -1
39 42 253 57 367 117 48 -1 -1
39 43 253 1 355 65 52 -1 -1
39 32 254 51 391 141 95 -1 -1
39 40 254 298 541 385 211 -1 -1
39 42 254 50 367 121 53 -1 -1
39 43 254 1 355 65 52 -1 -1
39 32 255 49 390 135 90 -1 -1
39 40 255 281 538 371 203 -1 -1
39 42 255 46 361 117 49 -1 -1
39 43 255 1 355 65 52 -1 -1
39 32 256 46 373 132 104 -1 -1
39 40 256 264 525 362 208 -1 -1
39 42 256 46 361 114 48 -1 -1
39 32 257 42 369 130 104 -1 -1
39 40 257 254 520 353 201 -1 -1
39 42 257 46 361 114 48 -1 -1
39 32 258 42 375 126 95 -1 -1
39 40 258 242 513 332 199 -1 -1
39 42 258 46 361 114 48 -1 -1
39 44 258 242 516 337 195 -1 -1
39 32 259 41 376 122 90 -1 -1
39 40 259 232 510 314 195 -1 -1
39 42 259 46 361 114 48 -1 -1
39 44 259 242 516 337 195 -1 -1
39 32 260 37 372 121 90 -1 -1
39 40 260 223 505 298 186 -1 -1
39 44 260 242 516 337 195 -1 -1
39 32 261 34 374 120 86 -1 -1
39 40 261 212 500 284 182 -1 -1
39 44 261 242 516 337 195 -1 -1
39 32 262 33 374 117 82 -1 -1
39 40 262 200 495 274 176 -1 -1
39 32 263 30 370 117 83 -1 -1
39 40 263 192 486 260 175 -1 -1
39 45 263 32 356 93 54 -1 -1
39 32 264 29 367 114 82 -1 -1
39 40 264 184 481 249 171 -1 -1
39 45 264 32 356 93 54 -1 -1
39 32 265 28 368 110 78 -1 -1
39 40 265 173 479 243 163 -1 -1
39 45 265 32 356 93 54 -1 -1
39 32 266 27 366 107 77 -1 -1
39 40 266 162 472 239 158 -1 -1
39 45 266 32 356 93 54 -1 -1
39 32 267 25 363 105 78 -1 -1
39 40 267 153 469 231 154 -1 -1
39 32 268 25 366 103 73 -1 -1
39 40 268 143 464 225 151 -1 -1
39 46 268 28 349 88 60 -1 -1
39 32 269 23 371 102 63 -1 -1
39 40 269 132 461 220 146 -1 -1
39 46 269 28 349 88 60 -1 -1
39 32 270 22 365 98 68 -1 -1
39 40 270 129 456 208 142 -1 -1
39 46 270 28 349 88 60 -1 -1
39 32 271 18 365 98 66 -1 -1
39 40 271 117 452 208 139 -1 -1
39 46 271 28 349 88 60 -1 -1
39 32 272 16 363 98 66 -1 -1
39 40 272 108 450 201 134 -1 -1
39 46 272 16 340 91 65 -1 -1
39 32 273 15 361 97 67 -1 -1
39 40 273 99 447 197 128 -1 -1
39 46 273 16 340 91 65 -1 -1
39 32 274 14 364 94 62 -1 -1
39 40 274 95 441 187 128 -1 -1
39 46 274 16 340 91 65 -1 -1
39 32 275 14 364 92 60 -1 -1
39 40 275 88 439 183 121 -1 -1
39 46 275 16 340 91 65 -1 -1
39 32 276 11 361 92 62 -1 -1
39 40 276 81 436 179 118 -1 -1
39 32 277 9 360 89 61 -1 -1
39 40 277 77 433 173 115 -1 -1
39 32 278 9 360 87 60 -1 -1
39 40 278 76 429 164 114 -1 -1
39 32 279 4 352 89 64 -1 -1
39 40 279 71 425 160 111 -1 -1
39 32 280 3 352 86 64 -1 -1
39 40 280 68 423 155 108 -1 -1
39 32 281 4 354 83 62 -1 -1
39 40 281 64 423 150 102 -1 -1
39 32 282 2 351 85 61 -1 -1
39 40 282 62 420 145 101 -1 -1
39 32 283 1 351 82 60 -1 -1
39 40 283 60 417 139 98 -1 -1
39 32 284 1 351 82 59 -1 -1
39 40 284 58 414 137 96 -1 -1
39 47 284 1 351 80 59 -1 -1
39 32 285 0 351 81 59 -1 -1
39 40 285 55 411 135 93 -1 -1
39 47 285 1 350 78 60 -1 -1
39 32 286 1 353 78 55 -1 -1
39 40 286 53 409 131 91 -1 -1
39 47 286 1 350 78 60 -1 -1
39 32 287 2 354 75 54 -1 -1
39 40 287 50 407 130 87 -1 -1
39 47 287 1 350 78 60 -1 -1
39 32 288 1 353 67 53 -1 -1
39 40 288 49 405 124 86 -1 -1
39 47 288 1 350 78 60 -1 -1
39 32 289 1 356 66 51 -1 -1
39 40 289 46 403 121 84 -1 -1
39 32 290 1 353 63 53 -1 -1
39 40 290 46 399 118 83 -1 -1
39 48 290 2367 664 98 57 -1 -1
39 49 290 2466 731 93 245 -1 -1
39 32 291 1 355 67 51 -1 -1
39 40 291 45 398 115 81 -1 -1
39 48 291 2367 664 98 57 -1 -1
39 49 291 2466 731 93 245 -1 -1
39 50 291 2389 611 170 316 -1 -1
39 32 292 1 356 62 51 -1 -1
39 40 292 40 393 115 85 -1 -1
39 48 292 2367 664 98 57 -1 -1
39 49 292 2466 731 93 245 -1 -1
39 50 292 2389 611 170 316 -1 -1
39 51 292 2097 616 463 349 -1 -1
39 32 293 1 356 62 51 -1 -1
39 40 293 38 389 112 82 -1 -1
39 48 293 2367 664 98 57 -1 -1
39 49 293 2466 731 93 245 -1 -1
39 50 293 2389 611 170 316 -1 -1
39 51 293 2097 616 463 349 -1 -1
39 32 294 1 356 62 51 -1 -1
39 40 294 36 390 111 78 -1 -1
39 50 294 2389 611 170 316 -1 -1
39 51 294 2097 616 463 349 -1 -1
39 32 295 1 356 62 51 -1 -1
39 40 295 36 391 105 73 -1 -1
39 51 295 2097 616 463 349 -1 -1
39 40 296 33 389 105 73 -1 -1
39 40 297 31 388 104 70 -1 -1
39 52 297 1 360 69 49 -1 -1
39 53 297 92 368 90 41 -1 -1
39 40 298 30 386 101 70 -1 -1
39 52 298 2 360 74 47 -1 -1
39 53 298 92 368 90 41 -1 -1
39 40 299 30 384 100 70 -1 -1
39 52 299 2 360 74 47 -1 -1
39 53 299 87 366 88 44 -1 -1
39 40 300 30 384 100 70 -1 -1
39 52 300 2 360 74 47 -1 -1
39 53 300 87 366 88 44 -1 -1
39 40 301 30 384 100 70 -1 -1
39 52 301 2 360 74 47 -1 -1
39 53 301 87 366 88 44 -1 -1
39 40 302 30 384 100 70 -1 -1
39 53 302 87 366 88 44 -1 -1
39 54 303 26 379 88 62 -1 -1
39 54 304 26 379 88 62 -1 -1
39 55 304 23 379 88 62 -1 -1
39 56 304 0 361 41 44 -1 -1
39 54 305 20 376 87 60 -1 -1
39 55 305 23 379 88 62 -1 -1
39 56 305 0 361 41 44 -1 -1
39 54 306 20 377 86 58 -1 -1
39 55 306 23 379 88 62 -1 -1
39 56 306 0 360 37 46 -1 -1
39 54 307 19 379 84 52 -1 -1
39 55 307 23 379 88 62 -1 -1
39 56 307 0 360 37 46 -1 -1
39 54 308 17 377 82 53 -1 -1
39 56 308 0 360 37 46 -1 -1
39 57 308 646 1695 548 225 -1 -1
39 54 309 16 375 79 54 -1 -1
39 56 309 0 360 37 46 -1 -1
39 57 309 646 1695 548 225 -1 -1
39 58 309 2065 1734 472 186 -1 -1
39 54 310 14 374 79 52 -1 -1
39 57 310 646 1695 548 225 -1 -1
39 58 310 2065 1734 472 186 -1 -1
39 54 311 11 373 80 51 -1 -1
39 57 311 646 1695 548 225 -1 -1
39 58 311 2065 1734 472 186 -1 -1
39 54 312 11 372 77 51 -1 -1
39 58 312 2065 1734 472 186 -1 -1
39 54 313 11 368 76 53 -1 -1
39 59 313 2368 664 97 57 -1 -1
39 54 314 9 368 75 52 -1 -1
39 59 314 2368 664 97 57 -1 -1
39 54 315 7 368 75 50 -1 -1
39 59 315 2368 664 97 57 -1 -1
39 54 316 5 368 74 47 -1 -1
39 59 316 2368 664 97 57 -1 -1
39 54 317 4 366 72 48 -1 -1
39 59 317 2368 664 97 57 -1 -1
39 54 318 3 363 73 51 -1 -1
39 59 318 2368 664 97 57 -1 -1
39 54 319 2 362 73 48 -1 -1
39 59 319 2368 664 97 57 -1 -1
39 54 320 2 364 72 46 -1 -1
39 59 320 2368 665 97 56 -1 -1
39 54 321 2 366 69 44 -1 -1
39 59 321 2368 665 97 56 -1 -1
39 54 322 1 363 68 47 -1 -1
39 59 322 2368 665 97 56 -1 -1
39 54 323 1 362 68 47 -1 -1
39 59 323 2368 665 97 56 -1 -1
39 54 324 0 363 68 44 -1 -1
39 59 324 2368 665 97 56 -1 -1
39 54 325 0 365 66 42 -1 -1
39 54 326 0 365 66 42 -1 -1
39 54 327 0 365 66 42 -1 -1
39 54 328 0 365 66 42 -1 -1
39 60 332 2366 664 98 57 -1 -1
39 60 333 2366 664 98 57 -1 -1
39 60 334 2366 664 98 57 -1 -1
39 60 335 2366 664 98 57 -1 -1
39 60 336 2366 664 98 57 -1 -1
39 60 337 2367 664 97 57 -1 -1
39 60 338 2367 664 97 57 -1 -1
39 60 339 2367 664 97 57 -1 -1
39 60 340 2367 664 97 57 -1 -1
39 60 341 2367 664 97 57 -1 -1
39 60 342 2366 664 98 56 -1 -1
39 60 343 2367 664 97 56 -1 -1
39 60 344 2365 664 99 56 -1 -1
39 60 345 2365 664 99 56 -1 -1
39 60 346 2366 664 98 56 -1 -1
39 60 347 2366 664 98 56 -1 -1
39 60 348 2366 664 98 56 -1 -1
39 60 349 2366 663 98 57 -1 -1
39 60 350 2366 663 98 57 -1 -1
39 60 351 2366 664 98 56 -1 -1
39 60 352 2366 664 98 56 -1 -1
39 60 353 2366 664 98 56 -1 -1
39 60 354 2367 663 97 57 -1 -1
39 60 355 2367 663 97 57 -1 -1
39 60 356 2367 663 97 57 -1 -1
39 60 357 2368 663 96 57 -1 -1
39 60 358 2368 663 96 57 -1 -1
39 60 359 2368 663 96 57 -1 -1
39 60 360 2368 664 96 56 -1 -1
39 60 361 2368 664 96 56 -1 -1
39 60 362 2368 664 96 56 -1 -1
39 60 363 2368 664 96 56 -1 -1
39 61 382 2365 664 99 56 -1 -1
39 61 383 2365 664 99 56 -1 -1
39 61 384 2365 664 99 56 -1 -1
39 61 385 2365 664 99 56 -1 -1
39 61 386 2365 664 99 56 -1 -1
39 61 387 2364 664 100 56 -1 -1
39 61 388 2365 664 99 56 -1 -1
39 61 389 2365 664 99 56 -1 -1
39 61 390 2365 664 99 56 -1 -1
39 61 391 2365 664 99 56 -1 -1
39 61 392 2364 664 100 56 -1 -1
39 61 393 2364 664 100 56 -1 -1
39 61 394 2363 664 101 56 -1 -1
39 61 395 2364 664 100 56 -1 -1
39 61 396 2364 664 100 56 -1 -1
39 61 397 2366 664 98 56 -1 -1
39 61 398 2366 664 98 56 -1 -1
39 61 399 2367 664 97 56 -1 -1
39 61 400 2367 664 97 56 -1 -1
39 61 401 2367 663 97 57 -1 -1
39 61 402 2367 663 97 57 -1 -1
39 61 403 2367 663 97 57 -1 -1
39 61 404 2367 663 98 57 -1 -1
39 61 405 2367 663 98 57 -1 -1
39 61 406 2366 663 99 57 -1 -1
39 61 407 2367 663 98 57 -1 -1
39 61 408 2367 663 98 57 -1 -1
39 61 409 2367 663 98 57 -1 -1
39 61 410 2367 663 98 57 -1 -1
39 61 411 2367 663 98 57 -1 -1
39 62 437 0 799 87 329 -1 -1
39 62 438 0 799 87 329 -1 -1
39 63 438 0 720 41 77 -1 -1
39 62 439 0 799 87 329 -1 -1
39 63 439 0 720 41 77 -1 -1
39 62 440 0 799 87 329 -1 -1
39 63 440 0 720 41 77 -1 -1
39 63 441 0 720 41 77 -1 -1
