35 0 1 1131 90 177 109 -1 -1
35 1 1 1014 32 137 65 -1 -1
35 2 1 1044 9 79 40 -1 -1
35 0 2 1154 88 162 98 -1 -1
35 1 2 1014 34 134 63 -1 -1
35 2 2 1044 9 78 41 -1 -1
35 3 2 1452 506 275 140 -1 -1
35 0 3 1173 84 155 94 -1 -1
35 1 3 1014 34 131 63 -1 -1
35 2 3 1044 9 79 40 -1 -1
35 3 3 1452 506 275 140 -1 -1
35 0 4 1189 81 149 90 -1 -1
35 1 4 1014 34 131 63 -1 -1
35 2 4 1044 10 77 40 -1 -1
35 3 4 1427 494 297 151 -1 -1
35 0 5 1212 77 134 87 -1 -1
35 1 5 1014 34 134 63 -1 -1
35 2 5 1044 10 77 40 -1 -1
35 3 5 1415 489 305 157 -1 -1
35 0 6 1212 77 134 87 -1 -1
35 1 6 1014 34 131 63 -1 -1
35 2 6 1044 10 77 40 -1 -1
35 3 6 1415 489 305 157 -1 -1
35 0 7 1242 64 118 84 -1 -1
35 1 7 1015 35 113 62 -1 -1
35 2 7 1045 10 77 40 -1 -1
35 3 7 1415 489 305 157 -1 -1
35 0 8 1254 61 111 78 -1 -1
35 1 8 1015 35 114 62 -1 -1
35 2 8 1045 10 78 40 -1 -1
35 3 8 1370 471 326 171 -1 -1
35 4 8 822 612 417 298 -1 -1
35 5 8 1544 33 73 40 -1 -1
35 6 8 935 0 74 25 -1 -1
35 0 9 1266 56 103 77 -1 -1
35 1 9 1015 34 115 63 -1 -1
35 2 9 1045 9 79 42 -1 -1
35 3 9 1370 471 326 171 -1 -1
35 4 9 822 612 417 298 -1 -1
35 5 9 1544 32 73 41 -1 -1
35 6 9 935 0 74 25 -1 -1
35 0 10 1275 51 98 78 -1 -1
35 1 10 1013 31 135 67 -1 -1
35 2 10 1045 9 79 42 -1 -1
35 3 10 1370 471 326 171 -1 -1
35 4 10 822 612 417 298 -1 -1
35 5 10 1544 32 73 41 -1 -1
35 6 10 935 0 74 25 -1 -1
35 0 11 1285 46 92 75 -1 -1
35 1 11 1013 27 137 71 -1 -1
35 2 11 1045 9 79 42 -1 -1
35 3 11 1370 471 326 171 -1 -1
35 4 11 822 612 417 298 -1 -1
35 5 11 1544 32 73 41 -1 -1
35 6 11 935 0 74 25 -1 -1
35 0 12 1293 42 86 74 -1 -1
35 1 12 1012 28 146 70 -1 -1
35 2 12 1045 9 79 42 -1 -1
35 5 12 1544 36 73 38 -1 -1
35 6 12 935 0 74 25 -1 -1
35 0 13 1299 40 82 69 -1 -1
35 1 13 1011 34 144 64 -1 -1
35 2 13 1037 8 85 43 -1 -1
35 5 13 1543 36 74 39 -1 -1
35 6 13 935 0 74 25 -1 -1
35 0 14 1306 41 75 62 -1 -1
35 1 14 1011 27 142 72 -1 -1
35 2 14 1037 8 85 43 -1 -1
35 5 14 1543 36 74 38 -1 -1
35 0 15 1311 42 72 55 -1 -1
35 1 15 1009 31 140 68 -1 -1
35 2 15 1037 8 85 43 -1 -1
35 5 15 1543 36 74 39 -1 -1
35 7 15 1271 774 433 304 -1 -1
35 0 16 1316 41 68 51 -1 -1
35 1 16 1006 33 142 68 -1 -1
35 2 16 1037 8 85 43 -1 -1
35 5 16 1543 37 74 38 -1 -1
35 7 16 1331 802 447 278 -1 -1
35 8 16 1339 802 408 278 -1 -1
35 0 17 1320 30 68 58 -1 -1
35 1 17 1008 24 147 76 -1 -1
35 5 17 1543 36 74 38 -1 -1
35 7 17 1407 835 417 245 -1 -1
35 8 17 1339 802 408 278 -1 -1
35 0 18 1322 22 66 59 -1 -1
35 1 18 1005 28 141 73 -1 -1
35 5 18 1543 36 74 39 -1 -1
35 7 18 1407 835 417 245 -1 -1
35 8 18 1339 802 408 278 -1 -1
35 9 18 1034 8 84 45 -1 -1
35 0 19 1324 19 64 57 -1 -1
35 1 19 1003 28 146 74 -1 -1
35 5 19 1543 36 74 39 -1 -1
35 7 19 1531 888 375 192 -1 -1
35 8 19 1339 802 408 278 -1 -1
35 9 19 1035 9 80 45 -1 -1
35 10 19 1140 379 351 202 -1 -1
35 0 20 1325 16 64 56 -1 -1
35 1 20 1003 23 149 79 -1 -1
35 5 20 1543 36 74 39 -1 -1
35 7 20 1584 906 330 173 -1 -1
35 9 20 1031 7 79 45 -1 -1
35 10 20 1114 374 341 191 -1 -1
35 0 21 1327 12 61 55 -1 -1
35 1 21 998 25 142 76 -1 -1
35 5 21 1542 34 74 41 -1 -1
35 7 21 1645 921 275 152 -1 -1
35 9 21 1031 7 79 45 -1 -1
35 10 21 1114 374 341 191 -1 -1
35 0 22 1332 6 58 56 -1 -1
35 1 22 994 24 132 78 -1 -1
35 5 22 1542 34 74 41 -1 -1
35 7 22 1695 939 224 134 -1 -1
35 9 22 1031 7 79 45 -1 -1
35 10 22 1114 374 341 191 -1 -1
35 0 23 1332 4 63 54 -1 -1
35 1 23 993 31 94 70 -1 -1
35 5 23 1542 34 74 41 -1 -1
35 7 23 1695 939 224 134 -1 -1
35 9 23 1031 7 79 45 -1 -1
35 10 23 1021 346 342 182 -1 -1
35 0 24 1334 4 60 49 -1 -1
35 1 24 991 32 94 70 -1 -1
35 5 24 1542 34 74 41 -1 -1
35 7 24 1695 939 224 134 -1 -1
35 10 24 992 338 341 178 -1 -1
35 0 25 1334 4 60 49 -1 -1
35 1 25 986 27 106 75 -1 -1
35 7 25 1695 939 224 134 -1 -1
35 10 25 992 338 341 178 -1 -1
35 11 25 1068 1 81 35 -1 -1
35 0 26 1334 4 60 49 -1 -1
35 1 26 983 30 100 73 -1 -1
35 10 26 930 321 339 171 -1 -1
35 11 26 1067 1 82 36 -1 -1
35 12 26 1017 15 72 32 -1 -1
35 0 27 1336 0 55 43 -1 -1
35 1 27 983 30 100 73 -1 -1
35 10 27 897 313 342 168 -1 -1
35 11 27 1061 2 82 35 -1 -1
35 12 27 1017 15 72 32 -1 -1
35 13 27 1543 35 74 40 -1 -1
35 14 27 0 605 148 149 -1 -1
35 0 28 1336 0 55 43 -1 -1
35 1 28 976 31 138 74 -1 -1
35 10 28 865 304 334 164 -1 -1
35 11 28 1061 2 82 35 -1 -1
35 12 28 1011 13 73 30 -1 -1
35 13 28 1543 35 73 40 -1 -1
35 14 28 0 605 148 149 -1 -1
35 0 29 1336 0 55 43 -1 -1
35 1 29 968 29 124 75 -1 -1
35 10 29 836 300 333 157 -1 -1
35 11 29 1061 2 82 35 -1 -1
35 12 29 1011 13 73 30 -1 -1
35 13 29 1543 35 73 40 -1 -1
35 14 29 0 605 148 149 -1 -1
35 0 30 1336 0 55 43 -1 -1
35 1 30 962 33 128 72 -1 -1
35 10 30 806 292 327 155 -1 -1
35 11 30 1052 3 83 36 -1 -1
35 12 30 1011 13 73 30 -1 -1
35 13 30 1544 35 72 39 -1 -1
35 14 30 0 605 148 149 -1 -1
35 1 31 957 33 131 76 -1 -1
35 10 31 772 283 324 156 -1 -1
35 11 31 1052 3 83 36 -1 -1
35 12 31 1011 13 73 30 -1 -1
35 13 31 1544 35 72 39 -1 -1
35 1 32 949 34 152 77 -1 -1
35 10 32 738 279 327 150 -1 -1
35 11 32 1043 1 90 43 -1 -1
35 13 32 1544 35 72 39 -1 -1
35 1 33 949 34 152 77 -1 -1
35 10 33 710 275 309 146 -1 -1
35 11 33 1036 2 85 41 -1 -1
35 13 33 1544 35 72 39 -1 -1
35 1 34 949 34 152 77 -1 -1
35 10 34 682 273 303 141 -1 -1
35 11 34 1033 3 82 42 -1 -1
35 1 35 949 34 152 77 -1 -1
35 10 35 654 271 290 134 -1 -1
35 11 35 1033 3 82 42 -1 -1
35 10 36 623 267 283 131 -1 -1
35 11 36 1017 7 96 41 -1 -1
35 10 37 592 263 281 131 -1 -1
35 11 37 1017 7 96 41 -1 -1
35 15 37 902 37 153 88 -1 -1
35 10 38 564 260 272 129 -1 -1
35 11 38 1017 7 96 41 -1 -1
35 15 38 895 42 162 85 -1 -1
35 16 38 34 568 250 174 -1 -1
35 10 39 538 260 259 125 -1 -1
35 11 39 1017 7 96 41 -1 -1
35 15 39 895 42 162 85 -1 -1
35 16 39 45 566 253 169 -1 -1
35 10 40 507 260 257 121 -1 -1
35 15 40 870 43 161 89 -1 -1
35 16 40 45 566 253 169 -1 -1
35 17 40 511 261 251 121 -1 -1
35 10 41 478 260 250 122 -1 -1
35 15 41 855 44 145 89 -1 -1
35 16 41 45 566 253 169 -1 -1
35 17 41 511 261 251 121 -1 -1
35 18 41 1543 34 74 39 -1 -1
35 10 42 451 264 245 117 -1 -1
35 15 42 846 44 155 92 -1 -1
35 16 42 45 566 253 169 -1 -1
35 17 42 511 261 251 121 -1 -1
35 18 42 1543 34 74 39 -1 -1
35 10 43 425 266 235 116 -1 -1
35 15 43 830 45 148 94 -1 -1
35 17 43 511 261 251 121 -1 -1
35 18 43 1543 34 74 39 -1 -1
35 10 44 402 269 223 115 -1 -1
35 15 44 830 45 148 94 -1 -1
35 18 44 1543 34 74 39 -1 -1
35 19 44 115 562 281 168 -1 -1
35 20 44 932 23 94 40 -1 -1
35 10 45 373 272 223 114 -1 -1
35 15 45 830 45 148 94 -1 -1
35 18 45 1543 34 74 39 -1 -1
35 19 45 129 562 301 169 -1 -1
35 20 45 921 21 104 43 -1 -1
35 10 46 347 276 216 114 -1 -1
35 15 46 830 45 148 94 -1 -1
35 18 46 1543 34 74 39 -1 -1
35 19 46 146 561 307 169 -1 -1
35 20 46 921 21 104 43 -1 -1
35 10 47 323 280 211 115 -1 -1
35 18 47 1543 35 74 39 -1 -1
35 19 47 164 557 319 176 -1 -1
35 20 47 893 29 98 42 -1 -1
35 10 48 298 285 202 114 -1 -1
35 18 48 1543 35 74 38 -1 -1
35 19 48 164 557 319 176 -1 -1
35 20 48 873 28 101 50 -1 -1
35 21 48 804 57 82 43 -1 -1
35 22 48 1800 691 120 202 -1 -1
35 10 49 275 291 198 114 -1 -1
35 18 49 1544 36 72 38 -1 -1
35 19 49 164 557 319 176 -1 -1
35 20 49 873 28 101 50 -1 -1
35 21 49 804 57 82 43 -1 -1
35 22 49 1793 690 127 202 -1 -1
35 23 49 276 292 197 111 -1 -1
35 10 50 254 298 193 113 -1 -1
35 18 50 1544 36 73 38 -1 -1
35 19 50 164 557 319 176 -1 -1
35 20 50 873 28 101 50 -1 -1
35 21 50 804 57 82 43 -1 -1
35 22 50 1787 686 133 204 -1 -1
35 23 50 276 292 197 111 -1 -1
35 24 50 723 68 167 100 -1 -1
35 10 51 232 305 185 111 -1 -1
35 18 51 1544 36 73 38 -1 -1
35 20 51 873 28 101 50 -1 -1
35 21 51 804 57 82 43 -1 -1
35 22 51 1787 686 133 204 -1 -1
35 23 51 276 292 197 111 -1 -1
35 24 51 723 68 167 100 -1 -1
35 10 52 212 311 176 110 -1 -1
35 18 52 1544 36 73 38 -1 -1
35 22 52 1787 686 133 204 -1 -1
35 23 52 276 292 197 111 -1 -1
35 24 52 723 68 167 100 -1 -1
35 10 53 194 317 167 109 -1 -1
35 18 53 1544 36 73 38 -1 -1
35 22 53 1787 686 133 204 -1 -1
35 24 53 667 88 140 94 -1 -1
35 10 54 172 323 165 108 -1 -1
35 18 54 1545 35 71 39 -1 -1
35 24 54 667 88 140 94 -1 -1
35 10 55 152 330 158 104 -1 -1
35 18 55 1545 35 71 39 -1 -1
35 24 55 667 88 140 94 -1 -1
35 10 56 131 342 155 94 -1 -1
35 18 56 1545 35 71 39 -1 -1
35 24 56 667 88 140 94 -1 -1
35 10 57 131 342 155 94 -1 -1
35 18 57 1546 36 70 38 -1 -1
35 10 58 131 342 155 94 -1 -1
35 18 58 1546 36 70 38 -1 -1
35 25 58 441 591 399 212 -1 -1
35 10 59 131 342 155 94 -1 -1
35 18 59 1546 36 70 38 -1 -1
35 25 59 477 586 425 246 -1 -1
35 26 59 932 0 77 24 -1 -1
35 18 60 1545 35 72 39 -1 -1
35 25 60 477 586 425 246 -1 -1
35 26 60 932 0 77 24 -1 -1
35 27 60 61 372 137 112 -1 -1
35 18 61 1543 35 73 39 -1 -1
35 25 61 477 586 425 246 -1 -1
35 26 61 932 0 77 24 -1 -1
35 27 61 48 372 126 117 -1 -1
35 18 62 1543 35 73 39 -1 -1
35 25 62 477 586 425 246 -1 -1
35 26 62 932 0 77 24 -1 -1
35 27 62 33 389 122 109 -1 -1
35 18 63 1543 35 74 39 -1 -1
35 27 63 12 395 122 111 -1 -1
35 18 64 1543 35 74 40 -1 -1
35 27 64 12 395 122 111 -1 -1
35 18 65 1543 35 74 40 -1 -1
35 27 65 12 395 122 111 -1 -1
35 18 66 1543 35 74 40 -1 -1
35 27 66 12 395 122 111 -1 -1
35 18 67 1543 35 74 40 -1 -1
35 18 68 1543 34 74 40 -1 -1
35 18 69 1544 34 73 40 -1 -1
35 18 70 1544 35 73 39 -1 -1
35 18 71 1544 37 71 37 -1 -1
35 18 72 1544 36 72 38 -1 -1
35 18 73 1544 36 72 38 -1 -1
35 28 73 568 246 241 144 -1 -1
35 29 73 1274 803 434 277 -1 -1
35 30 73 933 0 76 24 -1 -1
35 18 74 1544 36 72 38 -1 -1
35 28 74 613 227 357 144 -1 -1
35 29 74 1329 854 454 225 -1 -1
35 30 74 933 0 76 24 -1 -1
35 18 75 1544 36 71 38 -1 -1
35 28 75 657 211 330 147 -1 -1
35 29 75 1329 854 454 225 -1 -1
35 30 75 933 0 76 24 -1 -1
35 18 76 1544 37 72 37 -1 -1
35 28 76 703 204 284 141 -1 -1
35 29 76 1329 854 454 225 -1 -1
35 30 76 933 0 76 24 -1 -1
35 18 77 1543 37 73 38 -1 -1
35 28 77 749 188 310 136 -1 -1
35 29 77 1526 904 356 171 -1 -1
35 30 77 933 0 76 24 -1 -1
35 18 78 1543 37 73 38 -1 -1
35 28 78 795 179 211 131 -1 -1
35 29 78 1577 922 330 155 -1 -1
35 18 79 1543 37 73 37 -1 -1
35 28 79 839 164 236 135 -1 -1
35 29 79 1635 938 285 140 -1 -1
35 18 80 1543 37 73 37 -1 -1
35 28 80 881 147 258 136 -1 -1
35 29 80 1635 938 285 140 -1 -1
35 18 81 1543 37 73 37 -1 -1
35 28 81 921 138 278 134 -1 -1
35 29 81 1635 938 285 140 -1 -1
35 18 82 1543 37 73 37 -1 -1
35 28 82 961 140 199 118 -1 -1
35 29 82 1635 938 285 140 -1 -1
35 28 83 998 123 196 121 -1 -1
35 31 83 1381 479 351 170 -1 -1
35 28 84 1032 114 233 117 -1 -1
35 31 84 1381 479 351 170 -1 -1
35 32 84 1544 35 73 39 -1 -1
35 28 85 1065 111 214 110 -1 -1
35 31 85 1381 479 351 170 -1 -1
35 32 85 1544 35 72 39 -1 -1
35 28 86 1065 111 214 110 -1 -1
35 31 86 1381 479 351 170 -1 -1
35 32 86 1544 35 72 39 -1 -1
35 33 86 934 0 75 24 -1 -1
35 28 87 1124 102 183 95 -1 -1
35 32 87 1544 35 72 39 -1 -1
35 33 87 934 0 75 24 -1 -1
35 28 88 1152 80 174 97 -1 -1
35 32 88 1544 35 72 39 -1 -1
35 33 88 934 0 75 24 -1 -1
35 28 89 1176 79 160 91 -1 -1
35 32 89 1544 35 72 39 -1 -1
35 33 89 934 0 75 24 -1 -1
35 28 90 1194 73 154 90 -1 -1
35 33 90 934 0 75 24 -1 -1
35 28 91 1194 73 154 90 -1 -1
35 33 91 934 0 75 24 -1 -1
35 34 91 1133 370 364 226 -1 -1
35 28 92 1237 59 129 88 -1 -1
35 33 92 934 0 75 24 -1 -1
35 34 92 1133 370 364 226 -1 -1
35 28 93 1253 56 119 79 -1 -1
35 33 93 934 0 75 24 -1 -1
35 34 93 1133 370 364 226 -1 -1
35 28 94 1267 49 112 81 -1 -1
35 34 94 1133 370 364 226 -1 -1
35 28 95 1279 44 106 80 -1 -1
35 28 96 1292 41 98 74 -1 -1
35 35 96 946 311 355 205 -1 -1
35 28 97 1302 37 94 72 -1 -1
35 35 97 911 297 347 194 -1 -1
35 28 98 1311 32 89 69 -1 -1
35 35 98 876 291 344 194 -1 -1
35 28 99 1320 31 81 63 -1 -1
35 35 99 837 278 340 186 -1 -1
35 36 99 933 0 76 25 -1 -1
35 28 100 1326 29 76 61 -1 -1
35 35 100 805 273 336 184 -1 -1
35 36 100 933 0 76 25 -1 -1
35 37 100 1328 24 77 53 -1 -1
35 28 101 1332 21 75 62 -1 -1
35 35 101 767 259 330 182 -1 -1
35 36 101 933 0 76 25 -1 -1
35 37 101 1328 24 77 53 -1 -1
35 38 101 1543 36 74 38 -1 -1
35 28 102 1338 18 72 61 -1 -1
35 35 102 738 253 326 178 -1 -1
35 36 102 933 0 76 25 -1 -1
35 37 102 1328 24 77 53 -1 -1
35 38 102 1543 36 74 38 -1 -1
35 28 103 1343 16 70 60 -1 -1
35 35 103 704 249 315 168 -1 -1
35 36 103 933 0 76 25 -1 -1
35 37 103 1328 24 77 53 -1 -1
35 38 103 1543 35 74 39 -1 -1
35 28 104 1347 14 65 54 -1 -1
35 35 104 670 248 316 159 -1 -1
35 38 104 1543 35 74 39 -1 -1
35 28 105 1352 12 62 53 -1 -1
35 35 105 637 258 306 137 -1 -1
35 38 105 1543 35 74 39 -1 -1
35 28 106 1358 6 58 54 -1 -1
35 35 106 609 237 289 152 -1 -1
35 38 106 1543 35 74 39 -1 -1
35 39 106 1871 782 48 132 -1 -1
35 28 107 1359 5 59 50 -1 -1
35 35 107 575 240 293 140 -1 -1
35 38 107 1543 35 74 39 -1 -1
35 39 107 1868 781 51 132 -1 -1
35 28 108 1362 1 56 51 -1 -1
35 35 108 547 240 277 134 -1 -1
35 38 108 1543 35 74 39 -1 -1
35 39 108 1866 780 53 133 -1 -1
35 28 109 1365 1 54 46 -1 -1
35 35 109 516 238 275 134 -1 -1
35 38 109 1543 35 74 39 -1 -1
35 39 109 1862 780 58 131 -1 -1
35 28 110 1368 1 51 43 -1 -1
35 35 110 488 233 262 138 -1 -1
35 38 110 1544 36 73 38 -1 -1
35 39 110 1863 777 57 134 -1 -1
35 28 111 1370 0 50 42 -1 -1
35 35 111 461 237 257 133 -1 -1
35 38 111 1544 36 73 38 -1 -1
35 39 111 1863 777 57 134 -1 -1
35 40 111 933 0 76 24 -1 -1
35 28 112 1370 0 50 42 -1 -1
35 35 112 429 240 252 130 -1 -1
35 38 112 1544 36 73 38 -1 -1
35 39 112 1863 777 57 134 -1 -1
35 40 112 933 0 76 24 -1 -1
35 28 113 1370 0 50 42 -1 -1
35 35 113 404 242 244 129 -1 -1
35 38 113 1544 36 73 38 -1 -1
35 39 113 1863 777 57 134 -1 -1
35 40 113 933 0 76 24 -1 -1
35 28 114 1370 0 50 42 -1 -1
35 35 114 376 247 237 127 -1 -1
35 40 114 934 0 75 24 -1 -1
35 35 115 351 252 229 126 -1 -1
35 40 115 933 0 76 24 -1 -1
35 35 116 323 263 227 122 -1 -1
35 40 116 933 0 76 24 -1 -1
35 35 117 300 255 215 137 -1 -1
35 40 117 934 0 75 24 -1 -1
35 35 118 275 257 212 141 -1 -1
35 40 118 934 0 75 24 -1 -1
35 41 118 1857 772 63 138 -1 -1
35 35 119 253 262 204 143 -1 -1
35 40 119 934 0 75 24 -1 -1
35 41 119 1857 771 63 140 -1 -1
35 35 120 229 270 217 141 -1 -1
35 40 120 934 0 75 24 -1 -1
35 41 120 1856 771 64 141 -1 -1
35 35 121 209 279 190 139 -1 -1
35 40 121 932 0 77 25 -1 -1
35 41 121 1856 771 64 141 -1 -1
35 35 122 187 287 185 138 -1 -1
35 40 122 932 0 77 25 -1 -1
35 41 122 1856 771 64 141 -1 -1
35 35 123 166 295 183 140 -1 -1
35 40 123 932 0 77 25 -1 -1
35 41 123 1856 771 64 141 -1 -1
35 35 124 147 302 174 140 -1 -1
35 40 124 932 0 77 25 -1 -1
35 35 125 128 316 170 137 -1 -1
35 40 125 932 0 77 25 -1 -1
35 35 126 108 318 155 143 -1 -1
35 40 126 932 0 76 25 -1 -1
35 35 127 84 329 159 138 -1 -1
35 40 127 932 0 76 25 -1 -1
35 35 128 71 342 141 135 -1 -1
35 40 128 932 0 76 25 -1 -1
35 35 129 54 352 137 131 -1 -1
35 40 129 932 0 76 25 -1 -1
35 35 130 54 352 137 131 -1 -1
35 40 130 932 0 76 25 -1 -1
35 42 130 538 358 216 162 -1 -1
35 35 131 54 352 137 131 -1 -1
35 40 131 932 0 76 25 -1 -1
35 42 131 582 318 233 185 -1 -1
35 43 131 1172 0 60 27 -1 -1
35 35 132 54 352 137 131 -1 -1
35 40 132 932 0 76 25 -1 -1
35 42 132 582 318 233 185 -1 -1
35 43 132 1170 0 60 31 -1 -1
35 40 133 932 0 76 25 -1 -1
35 42 133 675 284 367 186 -1 -1
35 43 133 1165 0 63 33 -1 -1
35 42 134 675 284 367 186 -1 -1
35 43 134 1162 0 65 35 -1 -1
35 42 135 776 257 366 176 -1 -1
35 43 135 1160 0 67 38 -1 -1
35 42 136 821 245 394 168 -1 -1
35 43 136 1157 0 66 40 -1 -1
35 44 136 124 398 224 157 -1 -1
35 45 136 1543 35 70 38 -1 -1
35 42 137 870 235 358 160 -1 -1
35 43 137 1154 0 68 43 -1 -1
35 44 137 124 398 224 157 -1 -1
35 45 137 1543 35 70 38 -1 -1
35 42 138 914 221 344 157 -1 -1
35 43 138 1150 0 72 45 -1 -1
35 44 138 164 379 233 153 -1 -1
35 45 138 1543 35 70 38 -1 -1
35 42 139 965 205 318 158 -1 -1
35 43 139 1145 0 75 47 -1 -1
35 44 139 185 372 236 146 -1 -1
35 45 139 1543 35 70 38 -1 -1
35 42 140 1005 193 278 157 -1 -1
35 43 140 1140 0 76 49 -1 -1
35 44 140 185 372 236 146 -1 -1
35 42 141 1044 183 294 150 -1 -1
35 43 141 1136 0 81 53 -1 -1
35 44 141 227 351 247 147 -1 -1
35 46 141 933 0 76 25 -1 -1
35 42 142 1084 177 255 137 -1 -1
35 43 142 1133 0 83 57 -1 -1
35 44 142 227 351 247 147 -1 -1
35 46 142 933 0 76 25 -1 -1
35 42 143 1119 165 255 138 -1 -1
35 43 143 1127 0 84 60 -1 -1
35 44 143 276 331 258 146 -1 -1
35 46 143 933 0 76 25 -1 -1
35 42 144 1150 154 239 136 -1 -1
35 43 144 1123 0 87 60 -1 -1
35 44 144 276 331 258 146 -1 -1
35 46 144 933 0 76 25 -1 -1
35 42 145 1183 144 221 131 -1 -1
35 43 145 1118 1 89 60 -1 -1
35 44 145 335 303 264 146 -1 -1
35 46 145 933 0 76 25 -1 -1
35 42 146 1208 132 208 130 -1 -1
35 43 146 1112 16 73 52 -1 -1
35 44 146 372 296 264 142 -1 -1
35 46 146 933 0 76 25 -1 -1
35 42 147 1208 132 208 130 -1 -1
35 43 147 1108 17 74 52 -1 -1
35 44 147 404 280 270 141 -1 -1
35 46 147 933 0 76 25 -1 -1
35 42 148 1257 113 178 123 -1 -1
35 43 148 1103 12 85 59 -1 -1
35 44 148 439 270 279 138 -1 -1
35 46 148 933 0 76 25 -1 -1
35 47 148 1104 0 97 64 -1 -1
35 42 149 1280 101 162 125 -1 -1
35 43 149 1095 22 83 51 -1 -1
35 44 149 479 256 256 140 -1 -1
35 46 149 932 0 77 25 -1 -1
35 47 149 1104 0 97 64 -1 -1
35 42 150 1296 97 154 118 -1 -1
35 43 150 1089 21 84 55 -1 -1
35 44 150 518 247 272 132 -1 -1
35 46 150 932 0 77 25 -1 -1
35 47 150 1090 0 105 71 -1 -1
35 42 151 1296 97 154 118 -1 -1
35 43 151 1085 27 83 51 -1 -1
35 44 151 555 229 273 139 -1 -1
35 46 151 934 0 75 24 -1 -1
35 47 151 1090 0 105 71 -1 -1
35 48 151 1543 34 73 39 -1 -1
35 42 152 1296 97 154 118 -1 -1
35 43 152 1079 4 112 77 -1 -1
35 44 152 595 222 265 129 -1 -1
35 46 152 934 0 75 24 -1 -1
35 47 152 1090 0 105 71 -1 -1
35 48 152 1543 34 73 39 -1 -1
35 42 153 1296 97 154 118 -1 -1
35 43 153 1073 1 115 82 -1 -1
35 44 153 636 207 267 135 -1 -1
35 46 153 934 0 75 24 -1 -1
35 47 153 1090 0 105 71 -1 -1
35 48 153 1543 34 73 39 -1 -1
35 43 154 1066 5 120 79 -1 -1
35 44 154 672 197 271 129 -1 -1
35 46 154 934 0 75 24 -1 -1
35 48 154 1543 34 73 39 -1 -1
35 43 155 1061 16 121 71 -1 -1
35 44 155 717 189 260 123 -1 -1
35 48 155 1543 34 73 39 -1 -1
35 49 155 1366 71 108 94 -1 -1
35 43 156 1056 23 123 64 -1 -1
35 44 156 757 179 257 121 -1 -1
35 48 156 1543 34 73 39 -1 -1
35 49 156 1366 71 108 94 -1 -1
35 43 157 1052 21 124 68 -1 -1
35 44 157 798 170 249 118 -1 -1
35 48 157 1544 36 72 37 -1 -1
35 49 157 1366 71 108 94 -1 -1
35 43 158 1049 26 125 65 -1 -1
35 44 158 835 161 248 116 -1 -1
35 48 158 1544 36 72 37 -1 -1
35 49 158 1366 71 108 94 -1 -1
35 50 158 1391 53 82 44 -1 -1
35 43 159 1043 25 131 69 -1 -1
35 44 159 876 152 237 112 -1 -1
35 48 159 1544 36 72 37 -1 -1
35 50 159 1400 49 73 43 -1 -1
35 43 160 1038 27 134 67 -1 -1
35 44 160 911 146 229 108 -1 -1
35 48 160 1544 36 72 37 -1 -1
35 50 160 1400 49 73 43 -1 -1
35 51 160 1398 58 75 69 -1 -1
35 43 161 1036 29 134 66 -1 -1
35 44 161 945 136 224 106 -1 -1
35 48 161 1544 36 72 37 -1 -1
35 50 161 1402 53 73 67 -1 -1
35 51 161 1398 58 75 69 -1 -1
35 52 161 0 592 183 160 -1 -1
35 43 162 1031 28 135 67 -1 -1
35 44 162 983 131 212 101 -1 -1
35 48 162 1544 36 72 37 -1 -1
35 50 162 1404 54 70 61 -1 -1
35 51 162 1398 58 75 69 -1 -1
35 52 162 0 592 189 159 -1 -1
35 43 163 1030 26 139 70 -1 -1
35 44 163 1014 127 202 95 -1 -1
35 48 163 1544 36 72 37 -1 -1
35 50 163 1404 54 70 61 -1 -1
35 51 163 1398 58 75 69 -1 -1
35 52 163 0 592 189 159 -1 -1
35 43 164 1024 23 142 74 -1 -1
35 44 164 1044 118 192 95 -1 -1
35 50 164 1407 47 67 52 -1 -1
35 52 164 0 587 204 160 -1 -1
35 53 164 1068 474 323 150 -1 -1
35 43 165 1020 23 142 76 -1 -1
35 44 165 1075 113 179 91 -1 -1
35 50 165 1409 46 64 46 -1 -1
35 52 165 0 586 208 157 -1 -1
35 53 165 1016 453 335 174 -1 -1
35 43 166 1016 24 145 76 -1 -1
35 44 166 1105 111 168 84 -1 -1
35 50 166 1408 43 64 45 -1 -1
35 52 166 0 586 208 157 -1 -1
35 53 166 949 440 359 182 -1 -1
35 43 167 1011 17 148 84 -1 -1
35 44 167 1130 103 160 84 -1 -1
35 50 167 1408 43 64 45 -1 -1
35 52 167 2 583 213 162 -1 -1
35 53 167 924 425 338 189 -1 -1
35 43 168 1007 25 147 76 -1 -1
35 44 168 1151 96 154 83 -1 -1
35 50 168 1408 43 64 45 -1 -1
35 52 168 2 583 217 161 -1 -1
35 53 168 924 425 338 189 -1 -1
35 43 169 1002 27 149 76 -1 -1
35 44 169 1175 92 143 78 -1 -1
35 50 169 1408 43 64 45 -1 -1
35 52 169 2 583 217 161 -1 -1
35 53 169 817 394 331 183 -1 -1
35 54 169 932 0 78 25 -1 -1
35 43 170 996 30 152 74 -1 -1
35 44 170 1191 89 141 74 -1 -1
35 50 170 1406 22 61 46 -1 -1
35 52 170 5 584 220 156 -1 -1
35 53 170 779 385 333 173 -1 -1
35 54 170 932 0 78 25 -1 -1
35 43 171 996 30 152 74 -1 -1
35 44 171 1213 82 129 74 -1 -1
35 50 171 1404 20 61 43 -1 -1
35 52 171 11 584 214 154 -1 -1
35 53 171 735 372 323 171 -1 -1
35 54 171 932 0 78 25 -1 -1
35 43 172 996 30 152 74 -1 -1
35 44 172 1233 81 118 68 -1 -1
35 50 172 1404 20 61 43 -1 -1
35 52 172 10 583 217 156 -1 -1
35 53 172 691 359 311 162 -1 -1
35 54 172 932 0 78 25 -1 -1
35 43 173 979 30 162 77 -1 -1
35 44 173 1247 71 112 70 -1 -1
35 50 173 1404 20 61 43 -1 -1
35 52 173 12 583 219 154 -1 -1
35 53 173 647 348 302 158 -1 -1
35 54 173 932 0 77 25 -1 -1
35 43 174 979 30 162 77 -1 -1
35 44 174 1261 66 104 68 -1 -1
35 50 174 1404 20 61 43 -1 -1
35 52 174 15 581 217 156 -1 -1
35 53 174 609 338 290 155 -1 -1
35 54 174 932 0 78 25 -1 -1
35 43 175 967 36 159 73 -1 -1
35 44 175 1274 61 99 67 -1 -1
35 52 175 17 582 217 155 -1 -1
35 53 175 567 331 282 145 -1 -1
35 54 175 932 0 78 25 -1 -1
35 55 175 1402 3 53 41 -1 -1
35 43 176 967 36 159 73 -1 -1
35 44 176 1286 59 95 63 -1 -1
35 52 176 17 582 218 154 -1 -1
35 53 176 528 324 270 140 -1 -1
35 54 176 932 0 78 25 -1 -1
35 55 176 1399 0 54 39 -1 -1
35 43 177 952 36 167 77 -1 -1
35 44 177 1296 57 89 58 -1 -1
35 52 177 19 581 217 155 -1 -1
35 53 177 493 321 254 131 -1 -1
35 54 177 932 0 78 25 -1 -1
35 55 177 1398 0 55 36 -1 -1
35 56 177 1173 0 64 26 -1 -1
35 43 178 952 36 167 77 -1 -1
35 44 178 1307 50 81 61 -1 -1
35 52 178 17 581 219 155 -1 -1
35 53 178 458 319 247 123 -1 -1
35 55 178 1398 0 55 36 -1 -1
35 56 178 1170 0 63 29 -1 -1
35 43 179 954 40 152 78 -1 -1
35 44 179 1315 44 77 61 -1 -1
35 52 179 17 581 220 155 -1 -1
35 53 179 424 323 232 111 -1 -1
35 55 179 1398 0 55 36 -1 -1
35 56 179 1170 0 62 32 -1 -1
35 57 179 1170 0 59 32 -1 -1
35 58 179 932 0 78 26 -1 -1
35 43 180 913 39 181 86 -1 -1
35 44 180 1320 41 77 59 -1 -1
35 52 180 18 580 219 156 -1 -1
35 53 180 392 316 223 115 -1 -1
35 55 180 1398 0 55 36 -1 -1
35 56 180 1167 0 62 33 -1 -1
35 57 180 1170 0 59 32 -1 -1
35 58 180 932 0 78 26 -1 -1
35 43 181 913 39 181 86 -1 -1
35 44 181 1327 40 69 55 -1 -1
35 52 181 17 579 220 158 -1 -1
35 53 181 359 316 215 111 -1 -1
35 56 181 1163 0 69 34 -1 -1
35 57 181 1170 0 59 32 -1 -1
35 58 181 932 0 78 26 -1 -1
35 59 181 1544 37 72 36 -1 -1
35 43 182 884 38 194 93 -1 -1
35 44 182 1332 38 65 51 -1 -1
35 52 182 17 579 220 158 -1 -1
35 53 182 330 314 198 112 -1 -1
35 56 182 1162 0 66 36 -1 -1
35 57 182 1170 0 59 32 -1 -1
35 58 182 932 0 78 26 -1 -1
35 59 182 1544 37 72 36 -1 -1
35 43 183 867 34 203 101 -1 -1
35 44 183 1335 38 63 47 -1 -1
35 52 183 18 580 220 156 -1 -1
35 53 183 300 318 195 108 -1 -1
35 56 183 1160 0 66 38 -1 -1
35 59 183 1544 37 72 36 -1 -1
35 43 184 867 34 203 101 -1 -1
35 44 184 1339 26 59 51 -1 -1
35 52 184 18 580 220 156 -1 -1
35 53 184 273 324 178 102 -1 -1
35 56 184 1158 1 64 38 -1 -1
35 59 184 1544 37 72 36 -1 -1
35 43 185 867 34 203 101 -1 -1
35 44 185 1341 23 58 50 -1 -1
35 52 185 17 580 221 157 -1 -1
35 53 185 244 328 174 101 -1 -1
35 56 185 1155 1 68 40 -1 -1
35 59 185 1544 37 72 36 -1 -1
35 43 186 867 34 203 101 -1 -1
35 44 186 1343 22 57 48 -1 -1
35 52 186 17 580 221 157 -1 -1
35 53 186 219 335 162 98 -1 -1
35 56 186 1152 0 70 44 -1 -1
35 59 186 1544 37 72 36 -1 -1
35 43 187 803 60 195 93 -1 -1
35 44 187 1343 17 57 47 -1 -1
35 52 187 18 579 220 158 -1 -1
35 53 187 192 341 159 96 -1 -1
35 56 187 1150 3 65 43 -1 -1
35 43 188 786 67 179 89 -1 -1
35 44 188 1345 15 55 46 -1 -1
35 52 188 17 579 221 158 -1 -1
35 53 188 163 349 150 96 -1 -1
35 56 188 1146 0 67 46 -1 -1
35 60 188 1187 12 36 34 -1 -1
35 43 189 768 69 205 91 -1 -1
35 44 189 1347 9 52 46 -1 -1
35 52 189 16 579 222 158 -1 -1
35 53 189 139 355 144 99 -1 -1
35 56 189 1143 0 70 48 -1 -1
35 60 189 1187 12 36 34 -1 -1
35 43 190 768 69 205 91 -1 -1
35 44 190 1346 9 52 43 -1 -1
35 52 190 18 579 220 158 -1 -1
35 53 190 115 369 138 93 -1 -1
35 56 190 1141 3 75 46 -1 -1
35 60 190 1187 12 36 34 -1 -1
35 43 191 768 69 205 91 -1 -1
35 44 191 1347 6 52 41 -1 -1
35 52 191 18 581 219 156 -1 -1
35 53 191 92 372 131 97 -1 -1
35 56 191 1141 2 75 49 -1 -1
35 60 191 1187 12 36 34 -1 -1
35 61 191 1137 0 80 52 -1 -1
35 43 192 768 69 205 91 -1 -1
35 44 192 1348 3 52 40 -1 -1
35 52 192 18 581 219 156 -1 -1
35 53 192 69 382 126 96 -1 -1
35 56 192 1134 0 81 54 -1 -1
35 61 192 1137 0 80 52 -1 -1
35 44 193 1348 0 54 39 -1 -1
35 52 193 17 582 220 155 -1 -1
35 53 193 69 382 126 96 -1 -1
35 56 193 1130 1 82 56 -1 -1
35 61 193 1137 0 80 52 -1 -1
35 62 193 681 89 181 94 -1 -1
35 63 193 932 0 76 25 -1 -1
35 44 194 1348 0 54 37 -1 -1
35 52 194 18 582 219 155 -1 -1
35 53 194 69 382 126 96 -1 -1
35 56 194 1125 0 85 59 -1 -1
35 61 194 1137 0 80 52 -1 -1
35 62 194 658 93 180 95 -1 -1
35 63 194 933 0 75 25 -1 -1
35 44 195 1348 0 48 32 -1 -1
35 52 195 21 582 216 155 -1 -1
35 53 195 69 382 126 96 -1 -1
35 56 195 1123 0 86 60 -1 -1
35 62 195 640 92 210 103 -1 -1
35 63 195 934 0 74 25 -1 -1
35 44 196 1348 0 49 29 -1 -1
35 52 196 18 582 219 155 -1 -1
35 56 196 1118 0 85 62 -1 -1
35 62 196 640 92 210 103 -1 -1
35 63 196 934 0 74 25 -1 -1
35 44 197 1348 0 49 29 -1 -1
35 52 197 14 582 223 155 -1 -1
35 56 197 1112 0 92 64 -1 -1
35 62 197 640 92 210 103 -1 -1
35 63 197 934 0 74 25 -1 -1
35 44 198 1348 0 49 29 -1 -1
35 52 198 13 582 224 154 -1 -1
35 56 198 1110 0 94 67 -1 -1
35 62 198 640 92 210 103 -1 -1
35 63 198 935 0 73 25 -1 -1
35 44 199 1348 0 49 29 -1 -1
35 52 199 10 581 226 156 -1 -1
35 56 199 1107 0 94 68 -1 -1
35 63 199 935 0 73 25 -1 -1
35 52 200 7 584 230 153 -1 -1
35 56 200 1104 0 96 69 -1 -1
35 63 200 934 0 74 24 -1 -1
35 52 201 14 584 224 151 -1 -1
35 56 201 1099 1 99 69 -1 -1
35 63 201 934 0 75 24 -1 -1
35 52 202 13 582 226 154 -1 -1
35 56 202 1094 1 102 72 -1 -1
35 63 202 934 0 75 24 -1 -1
35 52 203 17 583 223 153 -1 -1
35 56 203 1090 2 105 73 -1 -1
35 63 203 934 0 75 24 -1 -1
35 64 203 16 378 276 210 -1 -1
35 52 204 24 584 219 151 -1 -1
35 56 204 1088 4 104 73 -1 -1
35 63 204 934 0 75 24 -1 -1
35 64 204 40 370 275 212 -1 -1
35 52 205 27 583 220 153 -1 -1
35 56 205 1084 2 108 77 -1 -1
35 63 205 934 0 75 24 -1 -1
35 64 205 62 364 272 191 -1 -1
35 52 206 27 583 220 153 -1 -1
35 56 206 1082 4 108 76 -1 -1
35 63 206 934 0 75 24 -1 -1
35 64 206 78 363 291 186 -1 -1
35 52 207 27 583 220 153 -1 -1
35 56 207 1079 4 110 77 -1 -1
35 63 207 934 0 75 24 -1 -1
35 64 207 100 328 287 223 -1 -1
35 52 208 33 580 222 153 -1 -1
35 56 208 1076 6 112 76 -1 -1
35 63 208 934 0 75 24 -1 -1
35 64 208 125 312 306 221 -1 -1
35 52 209 38 579 218 153 -1 -1
35 56 209 1073 9 113 74 -1 -1
35 64 209 154 315 303 203 -1 -1
35 52 210 40 578 220 153 -1 -1
35 56 210 1071 9 114 75 -1 -1
35 64 210 181 336 314 167 -1 -1
35 65 210 278 170 183 138 -1 -1
