38 0 0 2030 918 169 145 -1 -1
38 1 0 1344 765 285 176 -1 -1
38 2 0 1934 828 48 48 -1 -1
38 0 1 2034 918 165 140 -1 -1
38 1 1 1324 764 295 178 -1 -1
38 2 1 1934 827 49 50 -1 -1
38 3 1 1981 860 55 36 -1 -1
38 4 1 2069 1683 314 232 -1 -1
38 0 2 2040 920 154 135 -1 -1
38 1 2 1308 763 297 179 -1 -1
38 2 2 1933 827 49 49 -1 -1
38 3 2 1979 861 54 35 -1 -1
38 4 2 2069 1683 314 232 -1 -1
38 0 3 2045 919 150 135 -1 -1
38 1 3 1290 758 302 185 -1 -1
38 2 3 1932 828 50 49 -1 -1
38 3 3 1979 861 54 35 -1 -1
38 4 3 2069 1683 314 232 -1 -1
38 0 4 2049 917 150 134 -1 -1
38 1 4 1270 756 312 187 -1 -1
38 2 4 1932 828 50 49 -1 -1
38 3 4 1979 861 54 35 -1 -1
38 4 4 2069 1683 314 232 -1 -1
38 0 5 2057 918 144 129 -1 -1
38 1 5 1250 753 323 192 -1 -1
38 2 5 1932 828 50 49 -1 -1
38 3 5 1979 861 54 35 -1 -1
38 4 5 2069 1683 314 232 -1 -1
38 0 6 2061 917 134 126 -1 -1
38 1 6 1233 752 328 193 -1 -1
38 2 6 1932 828 50 49 -1 -1
38 4 6 2069 1683 315 232 -1 -1
38 0 7 2065 917 139 124 -1 -1
38 1 7 1215 748 330 199 -1 -1
38 4 7 2069 1683 314 232 -1 -1
38 5 7 1956 850 63 48 -1 -1
38 0 8 2068 915 133 123 -1 -1
38 1 8 1195 745 342 202 -1 -1
38 4 8 2069 1683 314 232 -1 -1
38 5 8 1954 853 65 45 -1 -1
38 0 9 2071 915 137 120 -1 -1
38 1 9 1179 743 350 205 -1 -1
38 4 9 2069 1683 314 232 -1 -1
38 5 9 1949 852 64 45 -1 -1
38 0 10 2075 918 129 112 -1 -1
38 1 10 1156 740 361 208 -1 -1
38 4 10 2070 1683 313 232 -1 -1
38 5 10 1947 852 63 46 -1 -1
38 0 11 2081 919 126 107 -1 -1
38 1 11 1140 737 369 213 -1 -1
38 4 11 2070 1683 313 232 -1 -1
38 5 11 1942 836 64 60 -1 -1
38 0 12 2085 921 123 103 -1 -1
38 1 12 1120 737 382 213 -1 -1
38 4 12 2070 1683 313 232 -1 -1
38 5 12 1937 834 66 62 -1 -1
38 0 13 2087 922 115 98 -1 -1
38 1 13 1102 734 391 216 -1 -1
38 4 13 2070 1683 313 232 -1 -1
38 5 13 1930 832 71 64 -1 -1
38 0 14 2093 917 126 101 -1 -1
38 1 14 1085 733 394 217 -1 -1
38 4 14 2070 1683 313 232 -1 -1
38 5 14 1925 829 71 66 -1 -1
38 0 15 2096 919 114 97 -1 -1
38 1 15 1067 733 394 219 -1 -1
38 4 15 2070 1683 313 232 -1 -1
38 5 15 1921 830 72 64 -1 -1
38 0 16 2099 919 116 96 -1 -1
38 1 16 1049 728 404 225 -1 -1
38 4 16 2070 1683 313 232 -1 -1
38 5 16 1918 831 70 64 -1 -1
38 0 17 2101 919 113 93 -1 -1
38 1 17 1035 726 398 227 -1 -1
38 4 17 2070 1683 313 232 -1 -1
38 5 17 1916 833 69 62 -1 -1
38 0 18 2105 920 109 90 -1 -1
38 1 18 1017 721 418 231 -1 -1
38 4 18 2070 1683 314 232 -1 -1
38 5 18 1916 833 69 62 -1 -1
38 0 19 2108 919 107 88 -1 -1
38 1 19 1002 715 432 244 -1 -1
38 4 19 2070 1683 313 232 -1 -1
38 5 19 1902 837 74 56 -1 -1
38 6 19 1931 822 62 51 -1 -1
38 0 20 2110 918 109 89 -1 -1
38 1 20 982 713 437 242 -1 -1
38 4 20 2070 1682 313 232 -1 -1
38 5 20 1897 838 74 55 -1 -1
38 6 20 1933 819 65 52 -1 -1
38 0 21 2114 920 100 84 -1 -1
38 1 21 965 714 450 245 -1 -1
38 4 21 2070 1682 313 232 -1 -1
38 5 21 1890 838 76 54 -1 -1
38 6 21 1933 819 65 52 -1 -1
38 0 22 2116 920 101 83 -1 -1
38 1 22 948 710 458 246 -1 -1
38 4 22 2070 1682 312 231 -1 -1
38 5 22 1884 836 75 57 -1 -1
38 6 22 1933 819 65 52 -1 -1
38 0 23 2118 920 100 81 -1 -1
38 1 23 948 710 458 246 -1 -1
38 4 23 2070 1682 313 231 -1 -1
38 5 23 1881 837 75 55 -1 -1
38 6 23 1936 825 49 48 -1 -1
38 0 24 2122 920 97 79 -1 -1
38 1 24 929 708 456 253 -1 -1
38 4 24 2069 1682 314 232 -1 -1
38 5 24 1875 835 77 58 -1 -1
38 6 24 1936 825 49 48 -1 -1
38 0 25 2126 920 97 79 -1 -1
38 1 25 914 706 465 254 -1 -1
38 4 25 2069 1682 314 232 -1 -1
38 5 25 1867 835 78 57 -1 -1
38 6 25 1936 825 49 48 -1 -1
38 7 25 911 708 467 250 -1 -1
38 0 26 2129 919 94 76 -1 -1
38 1 26 895 709 482 251 -1 -1
38 4 26 2069 1682 314 232 -1 -1
38 5 26 1862 835 78 58 -1 -1
38 6 26 1936 825 49 48 -1 -1
38 7 26 911 708 467 250 -1 -1
38 8 26 1772 830 105 42 -1 -1
38 9 26 2199 906 80 54 -1 -1
38 0 27 2134 922 93 74 -1 -1
38 1 27 894 704 466 254 -1 -1
38 4 27 2069 1682 314 232 -1 -1
38 5 27 1852 834 85 59 -1 -1
38 7 27 911 708 467 250 -1 -1
38 8 27 1772 830 105 42 -1 -1
38 9 27 2199 906 81 54 -1 -1
38 0 28 2137 923 91 71 -1 -1
38 1 28 880 704 476 255 -1 -1
38 4 28 2069 1682 314 232 -1 -1
38 5 28 1846 832 81 60 -1 -1
38 7 28 911 708 467 250 -1 -1
38 8 28 1772 830 105 42 -1 -1
38 9 28 2199 906 81 54 -1 -1
38 0 29 2139 920 94 72 -1 -1
38 1 29 868 706 491 254 -1 -1
38 4 29 2069 1682 314 232 -1 -1
38 5 29 1837 832 87 60 -1 -1
38 8 29 1772 830 105 42 -1 -1
38 9 29 2199 906 81 54 -1 -1
38 0 30 2141 920 93 72 -1 -1
38 1 30 863 699 480 260 -1 -1
38 4 30 2068 1682 315 233 -1 -1
38 5 30 1830 831 86 62 -1 -1
38 9 30 2199 906 81 54 -1 -1
38 0 31 2144 920 90 71 -1 -1
38 1 31 854 698 485 263 -1 -1
38 4 31 2067 1682 316 233 -1 -1
38 5 31 1822 832 90 61 -1 -1
38 0 32 2145 921 90 70 -1 -1
38 1 32 844 696 493 267 -1 -1
38 4 32 2067 1682 316 233 -1 -1
38 5 32 1815 830 91 64 -1 -1
38 0 33 2148 920 92 70 -1 -1
38 1 33 827 701 516 266 -1 -1
38 4 33 2067 1682 316 233 -1 -1
38 5 33 1805 830 93 62 -1 -1
38 0 34 2152 920 90 70 -1 -1
38 1 34 821 697 512 267 -1 -1
38 4 34 2067 1682 316 233 -1 -1
38 5 34 1799 829 90 63 -1 -1
38 10 34 2197 907 77 55 -1 -1
38 0 35 2157 916 86 71 -1 -1
38 1 35 813 694 512 269 -1 -1
38 4 35 2067 1682 317 233 -1 -1
38 5 35 1790 828 93 64 -1 -1
38 10 35 2197 907 78 54 -1 -1
38 11 35 1919 838 54 41 -1 -1
38 0 36 2160 916 85 70 -1 -1
38 1 36 808 694 510 249 -1 -1
38 4 36 2067 1683 317 232 -1 -1
38 5 36 1782 825 96 67 -1 -1
38 10 36 2196 907 79 54 -1 -1
38 11 36 1919 838 54 41 -1 -1
38 0 37 2161 916 83 70 -1 -1
38 1 37 805 694 506 270 -1 -1
38 4 37 2067 1683 317 232 -1 -1
38 5 37 1772 823 101 68 -1 -1
38 10 37 2197 907 79 54 -1 -1
38 11 37 1919 838 54 41 -1 -1
38 12 37 1142 1063 584 382 -1 -1
38 0 38 2163 916 83 68 -1 -1
38 1 38 796 691 528 276 -1 -1
38 4 38 2067 1683 317 232 -1 -1
38 5 38 1766 822 97 69 -1 -1
38 10 38 2197 908 79 59 -1 -1
38 11 38 1919 838 54 41 -1 -1
38 12 38 1142 1063 584 382 -1 -1
38 0 39 2167 916 81 67 -1 -1
38 1 39 796 691 528 276 -1 -1
38 4 39 2067 1683 316 232 -1 -1
38 5 39 1754 817 101 75 -1 -1
38 10 39 2199 909 77 62 -1 -1
38 12 39 1142 1063 584 382 -1 -1
38 0 40 2168 917 79 64 -1 -1
38 1 40 785 691 535 273 -1 -1
38 4 40 2069 1683 314 233 -1 -1
38 5 40 1745 821 105 72 -1 -1
38 10 40 2199 909 77 62 -1 -1
38 12 40 1142 1063 584 382 -1 -1
38 13 40 1919 836 55 42 -1 -1
38 0 41 2171 916 77 66 -1 -1
38 1 41 775 690 540 275 -1 -1
38 4 41 2068 1683 315 233 -1 -1
38 5 41 1736 820 110 70 -1 -1
38 10 41 2199 909 77 62 -1 -1
38 13 41 1920 838 54 40 -1 -1
38 0 42 2171 917 79 64 -1 -1
38 1 42 763 680 575 288 -1 -1
38 4 42 2068 1683 315 233 -1 -1
38 5 42 1725 817 110 74 -1 -1
38 10 42 2199 909 77 62 -1 -1
38 13 42 1921 837 54 42 -1 -1
38 0 43 2173 916 77 64 -1 -1
38 1 43 758 679 575 289 -1 -1
38 4 43 2068 1683 315 233 -1 -1
38 5 43 1712 819 112 72 -1 -1
38 13 43 1921 839 54 40 -1 -1
38 14 43 1485 985 491 339 -1 -1
38 0 44 2174 915 76 65 -1 -1
38 1 44 748 687 574 280 -1 -1
38 4 44 2068 1683 315 233 -1 -1
38 5 44 1703 818 114 72 -1 -1
38 13 44 1921 839 54 40 -1 -1
38 14 44 1546 984 458 310 -1 -1
38 15 44 1704 819 115 73 -1 -1
38 16 44 2176 911 95 67 -1 -1
38 0 45 2178 910 95 69 -1 -1
38 1 45 741 686 578 282 -1 -1
38 4 45 2068 1683 315 233 -1 -1
38 5 45 1695 815 119 77 -1 -1
38 13 45 1922 840 53 39 -1 -1
38 14 45 1609 982 418 299 -1 -1
38 15 45 1704 819 115 73 -1 -1
38 16 45 2176 911 95 67 -1 -1
38 17 45 1613 983 420 283 -1 -1
38 0 46 2179 907 99 71 -1 -1
38 1 46 733 685 584 283 -1 -1
38 4 46 2068 1684 315 232 -1 -1
38 5 46 1684 813 117 80 -1 -1
38 13 46 1922 839 53 40 -1 -1
38 14 46 1658 982 376 286 -1 -1
38 15 46 1704 819 115 73 -1 -1
38 16 46 2176 911 95 67 -1 -1
38 17 46 1663 982 380 277 -1 -1
38 18 46 741 680 567 287 -1 -1
38 0 47 2181 907 100 71 -1 -1
38 1 47 733 677 576 291 -1 -1
38 4 47 2069 1683 314 233 -1 -1
38 5 47 1684 813 117 80 -1 -1
38 13 47 1922 839 53 40 -1 -1
38 14 47 1705 980 352 268 -1 -1
38 15 47 1704 819 115 73 -1 -1
38 16 47 2176 911 95 67 -1 -1
38 17 47 1663 982 380 277 -1 -1
38 18 47 741 680 567 287 -1 -1
38 0 48 2184 906 99 70 -1 -1
38 1 48 732 685 567 282 -1 -1
38 4 48 2069 1683 314 233 -1 -1
38 5 48 1658 810 130 81 -1 -1
38 13 48 1922 839 53 40 -1 -1
38 14 48 1748 978 322 230 -1 -1
38 17 48 1663 982 380 277 -1 -1
38 18 48 741 680 567 287 -1 -1
38 0 49 2186 907 96 69 -1 -1
38 1 49 722 686 575 280 -1 -1
38 4 49 2069 1683 314 233 -1 -1
38 5 49 1645 810 134 82 -1 -1
38 13 49 1922 839 53 40 -1 -1
38 14 49 1782 977 302 233 -1 -1
38 17 49 1663 982 380 277 -1 -1
38 18 49 741 680 567 287 -1 -1
38 0 50 2186 908 94 69 -1 -1
38 1 50 711 684 581 282 -1 -1
38 4 50 2069 1683 314 233 -1 -1
38 5 50 1631 810 142 82 -1 -1
38 14 50 1803 975 294 232 -1 -1
38 19 50 0 583 409 332 -1 -1
38 0 51 2187 907 95 70 -1 -1
38 1 51 711 684 581 282 -1 -1
38 4 51 2069 1683 314 233 -1 -1
38 5 51 1617 806 137 85 -1 -1
38 14 51 1829 973 281 226 -1 -1
38 19 51 0 583 409 332 -1 -1
38 0 52 2189 908 88 68 -1 -1
38 1 52 711 684 581 282 -1 -1
38 4 52 2069 1683 313 233 -1 -1
38 5 52 1605 804 136 87 -1 -1
38 14 52 1854 972 262 209 -1 -1
38 19 52 0 583 409 332 -1 -1
38 0 53 2191 908 93 68 -1 -1
38 1 53 711 684 581 282 -1 -1
38 4 53 2069 1683 313 233 -1 -1
38 5 53 1586 801 146 90 -1 -1
38 14 53 1879 972 246 197 -1 -1
38 19 53 0 583 409 332 -1 -1
38 20 53 4 742 236 233 -1 -1
38 0 54 2192 907 87 68 -1 -1
38 4 54 2069 1683 313 233 -1 -1
38 5 54 1575 796 147 96 -1 -1
38 14 54 1887 971 242 191 -1 -1
38 20 54 2 737 201 239 -1 -1
38 0 55 2193 909 81 65 -1 -1
38 4 55 2069 1683 313 233 -1 -1
38 5 55 1554 792 157 99 -1 -1
38 14 55 1912 969 219 177 -1 -1
38 20 55 2 737 201 239 -1 -1
38 0 56 2194 908 78 65 -1 -1
38 4 56 2069 1683 314 233 -1 -1
38 5 56 1541 790 159 101 -1 -1
38 14 56 1912 969 219 177 -1 -1
38 20 56 2 737 201 239 -1 -1
38 21 56 650 699 485 256 -1 -1
38 0 57 2195 908 78 66 -1 -1
38 4 57 2069 1683 313 233 -1 -1
38 5 57 1519 790 166 101 -1 -1
38 14 57 1938 967 207 170 -1 -1
38 20 57 2 737 201 239 -1 -1
38 21 57 637 686 518 269 -1 -1
38 22 57 628 674 631 300 -1 -1
38 0 58 2196 907 76 67 -1 -1
38 4 58 2069 1683 313 233 -1 -1
38 5 58 1504 788 168 103 -1 -1
38 14 58 1949 966 201 166 -1 -1
38 21 58 618 684 570 276 -1 -1
38 22 58 628 674 631 300 -1 -1
38 23 58 2196 910 85 64 -1 -1
38 0 59 2196 910 88 63 -1 -1
38 4 59 2069 1683 313 233 -1 -1
38 5 59 1484 785 174 106 -1 -1
38 14 59 1962 964 193 157 -1 -1
38 21 59 599 668 596 300 -1 -1
38 22 59 628 674 631 300 -1 -1
38 23 59 2196 910 85 64 -1 -1
38 0 60 2197 913 90 59 -1 -1
38 4 60 2069 1683 314 233 -1 -1
38 5 60 1467 783 176 109 -1 -1
38 14 60 1971 964 186 152 -1 -1
38 21 60 585 693 433 265 -1 -1
38 22 60 628 674 631 300 -1 -1
38 23 60 2196 910 85 64 -1 -1
38 0 61 2199 915 86 57 -1 -1
38 4 61 2069 1683 314 233 -1 -1
38 5 61 1445 779 184 113 -1 -1
38 14 61 1973 960 185 148 -1 -1
38 21 61 562 677 522 284 -1 -1
38 23 61 2196 910 85 64 -1 -1
38 0 62 2200 912 83 60 -1 -1
38 4 62 2069 1683 314 233 -1 -1
38 5 62 1421 777 191 114 -1 -1
38 14 62 1981 956 176 148 -1 -1
38 21 62 535 637 592 332 -1 -1
38 0 63 2201 911 84 62 -1 -1
38 4 63 2069 1683 314 233 -1 -1
38 5 63 1401 774 194 116 -1 -1
38 14 63 1988 954 172 146 -1 -1
38 21 63 535 637 592 332 -1 -1
38 0 64 2202 912 83 60 -1 -1
38 4 64 2069 1683 314 233 -1 -1
38 5 64 1377 772 204 117 -1 -1
38 14 64 1993 953 170 140 -1 -1
38 21 64 474 633 572 332 -1 -1
38 0 65 2203 913 82 56 -1 -1
38 4 65 2069 1683 314 233 -1 -1
38 5 65 1356 770 207 119 -1 -1
38 14 65 1993 953 170 140 -1 -1
38 21 65 474 633 572 332 -1 -1
38 0 66 2203 913 78 55 -1 -1
38 4 66 2069 1683 314 233 -1 -1
38 5 66 1327 766 216 122 -1 -1
38 14 66 2008 951 161 132 -1 -1
38 21 66 474 633 572 332 -1 -1
38 0 67 2203 910 64 57 -1 -1
38 4 67 2069 1683 314 233 -1 -1
38 5 67 1327 766 216 122 -1 -1
38 14 67 2015 952 154 127 -1 -1
38 21 67 353 634 523 327 -1 -1
38 24 67 1982 862 48 34 -1 -1
38 0 68 2204 910 64 57 -1 -1
38 4 68 2069 1683 314 233 -1 -1
38 5 68 1275 759 228 129 -1 -1
38 14 68 2023 949 149 124 -1 -1
38 21 68 353 634 523 327 -1 -1
38 24 68 1983 866 45 31 -1 -1
38 0 69 2205 912 63 55 -1 -1
38 4 69 2069 1683 314 233 -1 -1
38 5 69 1242 754 247 134 -1 -1
38 14 69 2032 947 146 123 -1 -1
38 21 69 353 634 523 327 -1 -1
38 24 69 1983 866 48 32 -1 -1
38 25 69 2206 914 72 53 -1 -1
38 0 70 2206 911 70 56 -1 -1
38 4 70 2069 1682 314 235 -1 -1
38 5 70 1213 747 252 142 -1 -1
38 14 70 2036 945 142 120 -1 -1
38 21 70 353 634 523 327 -1 -1
38 24 70 1979 866 47 31 -1 -1
38 25 70 2206 914 72 53 -1 -1
38 26 70 537 644 454 297 -1 -1
38 0 71 2209 912 70 54 -1 -1
38 4 71 2069 1682 315 235 -1 -1
38 5 71 1182 743 256 144 -1 -1
38 14 71 2041 940 139 120 -1 -1
38 21 71 490 629 485 319 -1 -1
38 24 71 1976 866 54 31 -1 -1
38 25 71 2206 914 72 53 -1 -1
38 26 71 537 644 454 297 -1 -1
38 0 72 2209 911 71 55 -1 -1
38 4 72 2069 1682 315 235 -1 -1
38 5 72 1148 740 270 146 -1 -1
38 14 72 2046 939 131 117 -1 -1
38 21 72 428 624 520 315 -1 -1
38 24 72 1973 867 50 30 -1 -1
38 25 72 2206 914 72 53 -1 -1
38 26 72 537 644 454 297 -1 -1
38 0 73 2210 912 71 54 -1 -1
38 4 73 2069 1682 315 235 -1 -1
38 5 73 1116 736 280 147 -1 -1
38 14 73 2049 938 131 116 -1 -1
38 21 73 428 624 520 315 -1 -1
38 24 73 1968 866 55 31 -1 -1
38 26 73 537 644 454 297 -1 -1
38 0 74 2210 911 71 53 -1 -1
38 4 74 2069 1682 315 235 -1 -1
38 5 74 1079 731 297 152 -1 -1
38 14 74 2053 935 129 115 -1 -1
38 21 74 428 624 520 315 -1 -1
38 24 74 1963 862 59 35 -1 -1
38 0 75 2211 911 70 51 -1 -1
38 5 75 1039 724 307 157 -1 -1
38 14 75 2058 936 126 109 -1 -1
38 21 75 428 624 520 315 -1 -1
38 24 75 1957 855 63 42 -1 -1
38 0 76 2211 910 67 52 -1 -1
38 5 76 996 717 321 164 -1 -1
38 14 76 2062 935 122 107 -1 -1
38 24 76 1953 854 65 43 -1 -1
38 0 77 2211 911 67 51 -1 -1
38 5 77 957 710 333 170 -1 -1
38 14 77 2066 934 120 106 -1 -1
38 24 77 1952 859 61 38 -1 -1
38 0 78 2211 911 69 49 -1 -1
38 5 78 908 705 353 172 -1 -1
38 14 78 2070 933 118 103 -1 -1
38 24 78 1951 856 60 42 -1 -1
38 27 78 1948 850 60 46 -1 -1
38 0 79 2212 911 67 50 -1 -1
38 5 79 862 698 370 179 -1 -1
38 14 79 2073 934 116 98 -1 -1
38 24 79 1943 842 62 54 -1 -1
38 27 79 1948 850 60 46 -1 -1
38 0 80 2214 910 64 51 -1 -1
38 5 80 811 689 386 185 -1 -1
38 14 80 2076 932 114 95 -1 -1
38 24 80 1933 830 70 65 -1 -1
38 27 80 1948 850 60 46 -1 -1
38 28 80 2070 1683 313 233 -1 -1
38 0 81 2215 908 67 54 -1 -1
38 5 81 758 681 409 190 -1 -1
38 14 81 2078 932 112 92 -1 -1
38 24 81 1928 830 72 64 -1 -1
38 27 81 1948 850 60 46 -1 -1
38 28 81 2070 1683 313 233 -1 -1
38 0 82 2216 909 64 52 -1 -1
38 5 82 700 674 410 196 -1 -1
38 14 82 2081 931 109 90 -1 -1
38 24 82 1923 833 71 61 -1 -1
38 28 82 2070 1683 313 233 -1 -1
38 0 83 2216 909 61 52 -1 -1
38 5 83 635 670 444 199 -1 -1
38 14 83 2085 931 107 87 -1 -1
38 24 83 1920 841 70 53 -1 -1
38 28 83 2070 1683 313 233 -1 -1
38 29 83 1918 850 62 44 -1 -1
38 0 84 2217 909 59 51 -1 -1
38 5 84 577 656 458 212 -1 -1
38 14 84 2086 932 106 85 -1 -1
38 24 84 1914 850 67 44 -1 -1
38 28 84 2070 1683 313 233 -1 -1
38 29 84 1918 850 62 44 -1 -1
38 0 85 2218 910 58 49 -1 -1
38 5 85 507 645 475 222 -1 -1
38 14 85 2089 931 104 83 -1 -1
38 24 85 1906 849 75 44 -1 -1
38 28 85 2070 1683 313 233 -1 -1
38 29 85 1918 850 62 44 -1 -1
38 0 86 2218 910 58 49 -1 -1
38 5 86 435 637 512 228 -1 -1
38 14 86 2090 930 105 83 -1 -1
38 24 86 1900 840 75 53 -1 -1
38 28 86 2070 1683 313 233 -1 -1
38 29 86 1918 850 62 44 -1 -1
38 30 86 1923 822 72 52 -1 -1
38 0 87 2218 910 58 49 -1 -1
38 5 87 357 628 560 233 -1 -1
38 14 87 2093 930 102 79 -1 -1
38 24 87 1895 837 75 56 -1 -1
38 28 87 2070 1683 313 233 -1 -1
38 30 87 1925 823 69 50 -1 -1
38 0 88 2218 910 58 49 -1 -1
38 5 88 280 619 583 234 -1 -1
38 14 88 2095 929 100 79 -1 -1
38 24 88 1888 836 77 57 -1 -1
38 28 88 2070 1683 313 233 -1 -1
38 30 88 1925 823 69 50 -1 -1
38 5 89 190 611 588 238 -1 -1
38 14 89 2099 930 97 75 -1 -1
38 24 89 1883 834 76 59 -1 -1
38 28 89 2071 1683 312 233 -1 -1
38 30 89 1930 827 57 45 -1 -1
38 5 90 90 586 595 260 -1 -1
38 14 90 2100 929 97 76 -1 -1
38 24 90 1877 834 79 57 -1 -1
38 28 90 2070 1684 313 232 -1 -1
38 30 90 1934 827 46 45 -1 -1
38 5 91 3 581 550 261 -1 -1
38 14 91 2103 929 96 73 -1 -1
38 24 91 1869 833 78 58 -1 -1
38 28 91 2070 1684 313 232 -1 -1
38 30 91 1934 827 45 48 -1 -1
38 5 92 0 559 392 279 -1 -1
38 14 92 2108 930 93 71 -1 -1
38 24 92 1859 833 82 59 -1 -1
38 28 92 2070 1684 313 232 -1 -1
38 30 92 1934 827 45 48 -1 -1
38 31 92 168 577 431 264 -1 -1
38 32 92 1780 829 92 37 -1 -1
38 5 93 1 562 550 258 -1 -1
38 14 93 2111 929 92 71 -1 -1
38 24 93 1853 830 84 62 -1 -1
38 28 93 2070 1684 312 231 -1 -1
38 30 93 1934 827 45 48 -1 -1
38 31 93 168 577 431 264 -1 -1
38 32 93 1780 829 92 37 -1 -1
38 5 94 1 562 550 258 -1 -1
38 14 94 2112 928 91 70 -1 -1
38 24 94 1853 830 84 62 -1 -1
38 28 94 2070 1684 312 231 -1 -1
38 30 94 1934 827 45 48 -1 -1
38 31 94 168 577 431 264 -1 -1
38 32 94 1780 829 92 37 -1 -1
38 5 95 0 518 388 312 -1 -1
38 14 95 2116 928 89 69 -1 -1
38 24 95 1833 834 87 57 -1 -1
38 28 95 2070 1684 313 232 -1 -1
38 31 95 168 577 431 264 -1 -1
38 32 95 1780 829 92 37 -1 -1
38 5 96 0 504 322 336 -1 -1
38 14 96 2119 927 87 68 -1 -1
38 24 96 1824 829 89 62 -1 -1
38 28 96 2070 1683 312 233 -1 -1
38 33 96 2225 906 67 56 -1 -1
38 5 97 0 506 218 331 -1 -1
38 14 97 2121 927 88 67 -1 -1
38 24 97 1820 828 88 63 -1 -1
38 28 97 2070 1683 312 233 -1 -1
38 33 97 2225 906 66 56 -1 -1
38 5 98 0 508 119 305 -1 -1
38 14 98 2123 927 88 67 -1 -1
38 24 98 1807 832 91 57 -1 -1
38 28 98 2070 1683 312 233 -1 -1
38 33 98 2225 906 66 56 -1 -1
38 5 99 0 508 119 305 -1 -1
38 14 99 2124 927 88 66 -1 -1
38 24 99 1801 827 94 63 -1 -1
38 28 99 2070 1683 312 233 -1 -1
38 33 99 2225 906 66 56 -1 -1
38 34 99 931 842 561 383 -1 -1
38 5 100 0 508 119 305 -1 -1
38 14 100 2125 927 90 67 -1 -1
38 24 100 1793 825 93 65 -1 -1
38 28 100 2070 1683 312 232 -1 -1
38 33 100 2225 906 66 56 -1 -1
38 34 100 896 758 622 455 -1 -1
38 5 101 0 508 119 305 -1 -1
38 14 101 2128 926 90 68 -1 -1
38 24 101 1783 821 96 69 -1 -1
38 28 101 2070 1683 313 232 -1 -1
38 34 101 1031 790 571 384 -1 -1
38 14 102 2133 927 87 67 -1 -1
38 24 102 1771 816 101 72 -1 -1
38 28 102 2070 1683 313 232 -1 -1
38 34 102 1136 801 508 363 -1 -1
38 14 103 2136 926 87 68 -1 -1
38 24 103 1758 811 104 78 -1 -1
38 28 103 2070 1683 313 232 -1 -1
38 34 103 1226 814 461 321 -1 -1
38 14 104 2140 924 87 68 -1 -1
38 24 104 1752 811 103 78 -1 -1
38 28 104 2070 1683 312 232 -1 -1
38 34 104 1301 826 426 296 -1 -1
38 35 104 2226 908 70 52 -1 -1
38 14 105 2141 930 89 63 -1 -1
38 24 105 1741 816 112 74 -1 -1
38 28 105 2070 1683 312 232 -1 -1
38 34 105 1371 831 386 276 -1 -1
38 35 105 2226 908 70 52 -1 -1
38 36 105 1920 835 58 44 -1 -1
38 14 106 2145 929 89 65 -1 -1
38 24 106 1728 810 117 80 -1 -1
38 28 106 2070 1683 313 232 -1 -1
38 34 106 1432 836 353 258 -1 -1
38 35 106 2228 908 70 52 -1 -1
38 36 106 1921 838 57 41 -1 -1
38 14 107 2150 931 88 62 -1 -1
38 24 107 1728 810 117 80 -1 -1
38 28 107 2070 1683 313 232 -1 -1
38 34 107 1484 839 325 245 -1 -1
38 35 107 2229 909 71 50 -1 -1
38 36 107 1921 837 57 42 -1 -1
38 14 108 2152 936 91 60 -1 -1
38 24 108 1728 810 117 80 -1 -1
38 28 108 2070 1683 313 233 -1 -1
38 34 108 1532 844 302 228 -1 -1
38 35 108 2229 909 71 50 -1 -1
38 36 108 1922 837 56 41 -1 -1
38 14 109 2158 931 89 64 -1 -1
38 24 109 1728 810 117 80 -1 -1
38 28 109 2070 1683 313 232 -1 -1
38 34 109 1575 851 287 210 -1 -1
38 35 109 2229 909 71 50 -1 -1
38 36 109 1922 837 56 41 -1 -1
38 14 110 2157 932 96 64 -1 -1
38 28 110 2070 1684 313 232 -1 -1
38 34 110 1613 850 265 201 -1 -1
38 35 110 2229 909 71 50 -1 -1
38 36 110 1922 837 56 41 -1 -1
38 14 111 2161 934 96 62 -1 -1
38 28 111 2071 1684 312 232 -1 -1
38 34 111 1648 858 251 184 -1 -1
38 36 111 1922 837 56 41 -1 -1
38 37 111 1662 806 138 75 -1 -1
38 14 112 2168 933 88 62 -1 -1
38 28 112 2071 1684 312 232 -1 -1
38 34 112 1678 864 239 171 -1 -1
38 37 112 1654 807 147 80 -1 -1
38 14 113 2174 935 89 63 -1 -1
38 28 113 2070 1684 313 232 -1 -1
38 34 113 1707 861 228 170 -1 -1
38 37 113 1654 807 147 80 -1 -1
38 14 114 2177 936 80 61 -1 -1
38 28 114 2070 1684 313 232 -1 -1
38 34 114 1732 865 216 163 -1 -1
38 37 114 1622 799 147 92 -1 -1
38 38 114 2226 909 70 51 -1 -1
38 14 115 2183 941 81 57 -1 -1
38 28 115 2070 1684 313 232 -1 -1
38 34 115 1754 871 206 151 -1 -1
38 37 115 1608 796 139 96 -1 -1
38 38 115 2226 909 70 51 -1 -1
38 14 116 2189 938 91 61 -1 -1
38 28 116 2070 1684 313 232 -1 -1
38 34 116 1777 872 194 148 -1 -1
38 37 116 1585 792 151 100 -1 -1
38 38 116 2226 909 70 51 -1 -1
38 14 117 2189 938 91 61 -1 -1
38 28 117 2070 1683 313 233 -1 -1
38 34 117 1799 873 184 143 -1 -1
38 37 117 1569 787 159 103 -1 -1
38 38 117 2226 909 70 51 -1 -1
38 14 118 2200 934 85 65 -1 -1
38 28 118 2070 1684 313 232 -1 -1
38 34 118 1815 875 179 134 -1 -1
38 37 118 1551 787 161 105 -1 -1
38 14 119 2205 934 81 65 -1 -1
38 28 119 2070 1684 312 232 -1 -1
38 34 119 1833 876 170 129 -1 -1
38 37 119 1532 786 167 105 -1 -1
38 14 120 2205 934 81 65 -1 -1
38 28 120 2069 1683 315 232 -1 -1
38 34 120 1847 877 167 123 -1 -1
38 37 120 1511 784 173 108 -1 -1
38 39 120 1502 706 112 79 -1 -1
38 14 121 2205 934 81 65 -1 -1
38 28 121 2069 1683 315 232 -1 -1
38 34 121 1863 877 162 121 -1 -1
38 37 121 1488 777 182 112 -1 -1
38 39 121 1502 707 118 80 -1 -1
38 14 122 2205 934 81 65 -1 -1
38 28 122 2069 1683 315 232 -1 -1
38 34 122 1878 879 153 115 -1 -1
38 37 122 1470 777 181 113 -1 -1
38 39 122 1504 707 118 80 -1 -1
38 40 122 946 824 556 328 -1 -1
38 28 123 2070 1683 314 232 -1 -1
38 34 123 1891 878 144 114 -1 -1
38 37 123 1445 772 190 115 -1 -1
38 39 123 1504 707 118 80 -1 -1
38 40 123 1076 838 454 296 -1 -1
38 28 124 2070 1683 314 232 -1 -1
38 34 124 1903 876 147 114 -1 -1
38 37 124 1420 769 197 119 -1 -1
38 39 124 1504 707 118 80 -1 -1
38 40 124 1182 841 408 275 -1 -1
38 28 125 2070 1683 314 232 -1 -1
38 34 125 1915 879 140 108 -1 -1
38 37 125 1393 765 209 123 -1 -1
38 39 125 1504 707 118 80 -1 -1
38 40 125 1264 851 383 247 -1 -1
38 28 126 2070 1683 315 232 -1 -1
38 34 126 1925 880 136 102 -1 -1
38 37 126 1372 765 207 116 -1 -1
38 40 126 1339 858 340 228 -1 -1
38 28 127 2070 1683 315 232 -1 -1
38 34 127 1936 881 128 100 -1 -1
38 37 127 1344 760 223 123 -1 -1
38 40 127 1405 862 307 210 -1 -1
38 28 128 2070 1683 315 232 -1 -1
38 34 128 1946 882 123 95 -1 -1
38 37 128 1316 755 232 133 -1 -1
38 40 128 1460 865 286 192 -1 -1
38 28 129 2070 1683 314 232 -1 -1
38 34 129 1954 883 120 93 -1 -1
38 37 129 1284 752 239 136 -1 -1
38 40 129 1511 870 264 181 -1 -1
38 28 130 2070 1683 314 232 -1 -1
38 34 130 1963 884 116 90 -1 -1
38 37 130 1251 744 246 145 -1 -1
38 40 130 1554 871 250 171 -1 -1
38 28 131 2070 1683 314 232 -1 -1
38 34 131 1971 880 112 93 -1 -1
38 37 131 1220 740 262 147 -1 -1
38 40 131 1595 872 234 163 -1 -1
38 28 132 2070 1683 313 233 -1 -1
38 34 132 1979 883 110 87 -1 -1
38 37 132 1188 737 268 148 -1 -1
38 40 132 1633 873 219 154 -1 -1
38 28 133 2070 1683 313 233 -1 -1
38 34 133 1989 885 108 84 -1 -1
38 37 133 1148 724 284 160 -1 -1
38 40 133 1666 877 206 145 -1 -1
38 28 134 2070 1683 313 233 -1 -1
38 34 134 1995 883 104 82 -1 -1
38 37 134 1112 722 297 163 -1 -1
38 40 134 1693 882 195 135 -1 -1
38 28 135 2070 1683 313 233 -1 -1
38 34 135 2000 887 103 77 -1 -1
38 37 135 1065 718 316 168 -1 -1
38 40 135 1718 884 189 131 -1 -1
38 28 136 2070 1683 313 233 -1 -1
38 34 136 2005 886 100 77 -1 -1
38 37 136 1039 711 315 169 -1 -1
38 40 136 1744 886 178 123 -1 -1
38 41 136 789 791 584 343 -1 -1
38 28 137 2070 1683 314 233 -1 -1
38 34 137 2014 889 94 72 -1 -1
38 37 137 1039 711 315 169 -1 -1
38 40 137 1765 886 172 118 -1 -1
38 41 137 938 818 508 290 -1 -1
38 28 138 2070 1683 314 233 -1 -1
38 34 138 2020 889 93 72 -1 -1
38 37 138 932 695 363 186 -1 -1
38 40 138 1787 888 162 111 -1 -1
38 41 138 1056 828 457 264 -1 -1
38 42 138 1942 861 73 39 -1 -1
38 28 139 2070 1683 313 233 -1 -1
38 34 139 2020 889 93 72 -1 -1
38 37 139 884 686 373 193 -1 -1
38 40 139 1806 887 157 109 -1 -1
38 41 139 1168 832 394 249 -1 -1
38 42 139 1938 841 76 57 -1 -1
38 28 140 2070 1683 313 233 -1 -1
38 34 140 2020 889 93 72 -1 -1
38 37 140 829 683 400 195 -1 -1
38 40 140 1823 889 150 105 -1 -1
38 41 140 1256 834 356 234 -1 -1
38 42 140 1934 839 75 60 -1 -1
38 28 141 2069 1683 315 233 -1 -1
38 34 141 2034 886 90 70 -1 -1
38 37 141 767 670 426 207 -1 -1
38 40 141 1840 887 148 104 -1 -1
38 41 141 1329 841 322 212 -1 -1
38 42 141 1924 841 74 55 -1 -1
38 28 142 2069 1683 314 233 -1 -1
38 34 142 2042 885 85 70 -1 -1
38 37 142 712 667 437 204 -1 -1
38 40 142 1856 885 139 102 -1 -1
38 41 142 1397 848 291 195 -1 -1
38 42 142 1924 841 74 55 -1 -1
38 28 143 2069 1683 314 233 -1 -1
38 34 143 2050 887 79 65 -1 -1
38 37 143 648 651 456 224 -1 -1
38 40 143 1873 885 129 98 -1 -1
38 41 143 1454 852 269 182 -1 -1
38 42 143 1924 841 74 55 -1 -1
38 28 144 2069 1683 315 233 -1 -1
38 34 144 2053 887 80 66 -1 -1
38 37 144 578 644 487 229 -1 -1
38 40 144 1884 888 127 93 -1 -1
38 41 144 1502 861 254 166 -1 -1
38 42 144 1924 841 74 55 -1 -1
38 28 145 2070 1683 313 233 -1 -1
38 34 145 2057 888 81 65 -1 -1
38 37 145 500 635 551 237 -1 -1
38 40 145 1895 893 123 86 -1 -1
38 41 145 1548 863 236 159 -1 -1
38 28 146 2070 1683 313 233 -1 -1
38 34 146 2057 888 81 65 -1 -1
38 37 146 500 635 551 237 -1 -1
38 40 146 1911 897 115 81 -1 -1
38 41 146 1587 864 222 149 -1 -1
38 28 147 2070 1684 313 232 -1 -1
38 34 147 2057 888 81 65 -1 -1
38 37 147 342 611 537 250 -1 -1
38 40 147 1922 899 109 74 -1 -1
38 41 147 1625 866 207 141 -1 -1
38 43 147 1890 835 83 62 -1 -1
38 28 148 2070 1684 313 232 -1 -1
38 34 148 2057 888 81 65 -1 -1
38 37 148 251 598 574 266 -1 -1
38 40 148 1931 899 110 72 -1 -1
38 41 148 1656 868 199 137 -1 -1
38 43 148 1882 833 84 66 -1 -1
38 28 149 2070 1683 313 233 -1 -1
38 37 149 152 566 572 294 -1 -1
38 40 149 1942 899 106 71 -1 -1
38 41 149 1681 869 193 130 -1 -1
38 43 149 1872 833 89 64 -1 -1
38 44 149 1437 964 499 358 -1 -1
38 28 150 2070 1684 313 231 -1 -1
38 37 150 46 573 483 276 -1 -1
38 40 150 1951 894 101 72 -1 -1
38 41 150 1712 870 181 135 -1 -1
38 43 150 1858 836 101 58 -1 -1
38 44 150 1537 965 422 313 -1 -1
38 45 150 2080 892 63 55 -1 -1
38 28 151 2070 1684 313 231 -1 -1
38 37 151 46 573 483 276 -1 -1
38 40 151 1963 893 98 73 -1 -1
38 41 151 1737 871 169 119 -1 -1
38 43 151 1851 838 98 56 -1 -1
38 44 151 1608 963 372 291 -1 -1
38 45 151 2080 892 67 57 -1 -1
38 28 152 2070 1684 312 231 -1 -1
38 37 152 0 528 391 314 -1 -1
38 40 152 1967 896 98 67 -1 -1
38 41 152 1757 879 167 103 -1 -1
38 43 152 1842 840 90 55 -1 -1
38 44 152 1674 960 337 260 -1 -1
38 45 152 2080 892 67 57 -1 -1
38 28 153 2070 1684 312 231 -1 -1
38 37 153 0 528 391 314 -1 -1
38 40 153 1978 894 92 68 -1 -1
38 41 153 1783 877 155 98 -1 -1
38 43 153 1842 840 90 55 -1 -1
38 44 153 1722 956 308 247 -1 -1
38 45 153 2080 892 67 57 -1 -1
38 28 154 2070 1683 312 232 -1 -1
38 37 154 0 528 391 314 -1 -1
38 40 154 1986 893 89 68 -1 -1
38 41 154 1783 877 155 98 -1 -1
38 43 154 1842 840 90 55 -1 -1
38 44 154 1765 948 285 224 -1 -1
38 45 154 2095 892 68 52 -1 -1
38 28 155 2069 1683 314 232 -1 -1
38 37 155 0 497 437 340 -1 -1
38 40 155 1993 895 90 64 -1 -1
38 41 155 1818 885 147 84 -1 -1
38 43 155 1842 840 90 55 -1 -1
38 44 155 1802 945 263 212 -1 -1
38 45 155 2106 893 82 50 -1 -1
38 28 156 2069 1683 314 232 -1 -1
38 37 156 0 540 359 304 -1 -1
38 40 156 1993 895 90 64 -1 -1
38 41 156 1818 885 147 84 -1 -1
38 44 156 1832 945 248 191 -1 -1
38 45 156 2105 891 77 53 -1 -1
38 28 157 2069 1683 314 232 -1 -1
38 37 157 0 540 359 304 -1 -1
38 40 157 1993 895 90 64 -1 -1
38 41 157 1818 885 147 84 -1 -1
38 44 157 1860 946 234 179 -1 -1
38 45 157 2107 891 72 53 -1 -1
38 46 157 1803 835 94 58 -1 -1
38 28 158 2069 1683 314 232 -1 -1
38 37 158 1 546 174 248 -1 -1
38 40 158 1993 895 90 64 -1 -1
38 41 158 1865 884 124 80 -1 -1
38 44 158 1880 944 224 168 -1 -1
38 45 158 2108 892 62 52 -1 -1
38 46 158 1798 832 97 62 -1 -1
38 37 159 1 546 174 248 -1 -1
38 41 159 1881 881 119 83 -1 -1
38 44 159 1900 944 212 159 -1 -1
38 45 159 2109 891 65 52 -1 -1
38 46 159 1798 832 97 62 -1 -1
38 37 160 1 546 174 248 -1 -1
38 41 160 1893 887 111 75 -1 -1
38 44 160 1900 944 212 159 -1 -1
38 45 160 2112 892 64 51 -1 -1
38 46 160 1769 823 113 69 -1 -1
38 47 160 2070 1683 313 232 -1 -1
38 37 161 1 546 174 248 -1 -1
38 41 161 1893 887 111 75 -1 -1
38 44 161 1940 941 190 143 -1 -1
38 45 161 2112 891 63 50 -1 -1
38 46 161 1762 821 107 72 -1 -1
38 47 161 2070 1683 313 232 -1 -1
38 41 162 1917 885 108 76 -1 -1
38 44 162 1957 938 176 142 -1 -1
38 45 162 2112 889 67 53 -1 -1
38 46 162 1751 828 101 65 -1 -1
38 47 162 2070 1684 313 231 -1 -1
38 41 163 1927 887 109 74 -1 -1
38 44 163 1971 937 168 135 -1 -1
38 45 163 2114 891 66 49 -1 -1
38 46 163 1736 817 107 74 -1 -1
38 47 163 2070 1683 314 232 -1 -1
38 41 164 1927 887 109 74 -1 -1
38 44 164 1983 936 164 128 -1 -1
38 45 164 2115 891 66 47 -1 -1
38 46 164 1724 827 103 65 -1 -1
38 47 164 2070 1683 314 232 -1 -1
38 41 165 1927 887 109 74 -1 -1
38 44 165 1996 934 156 123 -1 -1
38 45 165 2118 891 62 48 -1 -1
38 46 165 1724 827 103 65 -1 -1
38 47 165 2070 1683 314 232 -1 -1
38 41 166 1927 887 109 74 -1 -1
38 44 166 2008 929 148 122 -1 -1
38 45 166 2121 891 59 48 -1 -1
38 46 166 1694 831 95 60 -1 -1
38 47 166 2069 1683 315 232 -1 -1
38 44 167 2021 930 142 116 -1 -1
38 45 167 2121 891 59 48 -1 -1
38 46 167 1687 811 119 82 -1 -1
38 47 167 2069 1684 314 231 -1 -1
38 44 168 2030 930 133 111 -1 -1
38 45 168 2126 890 52 48 -1 -1
38 46 168 1663 825 97 66 -1 -1
38 47 168 2069 1684 314 230 -1 -1
38 44 169 2039 928 127 107 -1 -1
38 45 169 2129 891 50 49 -1 -1
38 46 169 1648 808 134 85 -1 -1
38 47 169 2069 1684 314 231 -1 -1
38 48 169 1981 885 102 65 -1 -1
38 44 170 2050 927 127 100 -1 -1
38 45 170 2128 891 53 53 -1 -1
38 46 170 1631 800 139 94 -1 -1
38 47 170 2068 1684 316 230 -1 -1
38 48 170 1981 885 102 65 -1 -1
38 44 171 2058 925 118 100 -1 -1
38 45 171 2128 891 53 53 -1 -1
38 46 171 1621 825 102 67 -1 -1
38 47 171 2068 1684 315 230 -1 -1
38 48 171 1997 886 101 66 -1 -1
38 49 171 1611 826 103 66 -1 -1
38 44 172 2067 925 115 96 -1 -1
38 45 172 2128 891 53 53 -1 -1
38 46 172 1588 792 153 102 -1 -1
38 47 172 2069 1684 314 230 -1 -1
38 48 172 1997 886 101 66 -1 -1
38 49 172 1611 826 103 66 -1 -1
38 44 173 2073 924 110 93 -1 -1
38 45 173 2128 891 53 53 -1 -1
38 46 173 1588 792 153 102 -1 -1
38 47 173 2069 1684 314 230 -1 -1
38 48 173 1997 886 101 66 -1 -1
38 49 173 1611 826 103 66 -1 -1
38 50 173 1922 852 69 44 -1 -1
38 44 174 2078 924 112 90 -1 -1
38 46 174 1546 788 171 108 -1 -1
38 47 174 2069 1684 314 230 -1 -1
38 48 174 2017 887 94 61 -1 -1
38 49 174 1611 826 103 66 -1 -1
38 50 174 1915 856 70 42 -1 -1
38 51 174 1934 827 50 51 -1 -1
38 44 175 2086 922 108 88 -1 -1
38 46 175 1546 788 171 108 -1 -1
38 47 175 2069 1684 314 230 -1 -1
38 48 175 2022 888 88 59 -1 -1
38 50 175 1909 855 70 43 -1 -1
38 51 175 1933 827 57 50 -1 -1
38 44 176 2093 926 101 82 -1 -1
38 46 176 1504 801 122 91 -1 -1
38 47 176 2069 1684 313 230 -1 -1
38 48 176 2022 888 88 59 -1 -1
38 50 176 1899 851 72 47 -1 -1
38 51 176 1932 827 50 48 -1 -1
38 52 176 1502 704 112 81 -1 -1
38 44 177 2096 921 101 83 -1 -1
38 46 177 1478 773 186 121 -1 -1
38 47 177 2069 1684 314 230 -1 -1
38 48 177 2034 890 76 54 -1 -1
38 50 177 1888 845 78 52 -1 -1
38 51 177 1930 828 48 47 -1 -1
38 52 177 1501 704 128 83 -1 -1
38 44 178 2102 914 96 86 -1 -1
38 46 178 1452 775 184 118 -1 -1
38 47 178 2068 1684 315 230 -1 -1
38 48 178 2039 888 75 55 -1 -1
38 50 178 1878 843 81 55 -1 -1
38 51 178 1930 828 48 47 -1 -1
38 52 178 1503 705 120 83 -1 -1
38 44 179 2105 916 97 82 -1 -1
38 46 179 1426 765 213 128 -1 -1
38 47 179 2068 1684 316 230 -1 -1
38 48 179 2039 888 75 55 -1 -1
38 50 179 1871 850 81 49 -1 -1
38 51 179 1930 828 48 47 -1 -1
38 52 179 1503 705 120 83 -1 -1
38 44 180 2112 917 93 79 -1 -1
38 46 180 1399 762 215 132 -1 -1
38 47 180 2070 1684 314 230 -1 -1
38 48 180 2039 888 75 55 -1 -1
38 50 180 1861 844 81 54 -1 -1
38 51 180 1934 828 44 48 -1 -1
38 52 180 1503 705 120 83 -1 -1
38 53 180 1774 830 107 35 -1 -1
38 44 181 2115 911 92 83 -1 -1
38 46 181 1368 759 216 134 -1 -1
38 47 181 2070 1684 314 230 -1 -1
38 48 181 2039 888 75 55 -1 -1
38 50 181 1851 843 84 55 -1 -1
38 51 181 1934 828 44 48 -1 -1
38 52 181 1503 705 120 83 -1 -1
38 53 181 1775 829 101 35 -1 -1
38 44 182 2123 918 85 75 -1 -1
38 46 182 1336 764 216 128 -1 -1
38 47 182 2070 1684 313 230 -1 -1
38 50 182 1839 843 85 55 -1 -1
38 51 182 1934 828 44 48 -1 -1
38 53 182 1777 829 89 34 -1 -1
38 44 183 2125 919 87 72 -1 -1
38 46 183 1300 751 245 142 -1 -1
38 47 183 2070 1684 313 230 -1 -1
38 50 183 1828 843 85 55 -1 -1
38 51 183 1934 828 44 48 -1 -1
38 53 183 1777 829 89 34 -1 -1
38 44 184 2125 919 87 72 -1 -1
38 46 184 1262 742 258 149 -1 -1
38 47 184 2070 1684 313 230 -1 -1
38 50 184 1819 841 86 55 -1 -1
38 53 184 1777 829 89 34 -1 -1
38 54 184 984 835 540 322 -1 -1
38 44 185 2131 923 82 62 -1 -1
38 46 185 1226 738 261 138 -1 -1
38 47 185 2070 1684 313 230 -1 -1
38 50 185 1804 843 92 55 -1 -1
38 53 185 1777 829 89 34 -1 -1
38 54 185 1116 845 443 276 -1 -1
38 55 185 2122 885 65 52 -1 -1
38 44 186 2134 925 81 61 -1 -1
38 46 186 1187 737 243 139 -1 -1
38 47 186 2070 1684 312 230 -1 -1
38 50 186 1793 835 92 62 -1 -1
38 54 186 1223 853 401 251 -1 -1
38 55 186 2117 884 75 54 -1 -1
38 44 187 2139 925 77 56 -1 -1
38 46 187 1142 725 299 165 -1 -1
38 47 187 2070 1684 312 230 -1 -1
38 50 187 1781 834 92 64 -1 -1
38 54 187 1312 851 364 241 -1 -1
38 55 187 2107 884 89 53 -1 -1
38 44 188 2142 923 78 58 -1 -1
38 46 188 1093 714 322 176 -1 -1
38 47 188 2070 1684 312 230 -1 -1
38 50 188 1770 833 94 63 -1 -1
38 54 188 1387 857 330 222 -1 -1
38 55 188 2107 884 89 53 -1 -1
38 44 189 2147 923 76 57 -1 -1
38 46 189 1046 711 335 177 -1 -1
38 47 189 2070 1684 312 230 -1 -1
38 50 189 1755 834 99 63 -1 -1
38 54 189 1451 863 299 200 -1 -1
38 55 189 2103 886 88 51 -1 -1
38 56 189 2084 890 72 50 -1 -1
38 44 190 2150 921 75 58 -1 -1
38 46 190 992 706 354 181 -1 -1
38 47 190 2071 1684 313 230 -1 -1
38 50 190 1739 832 105 62 -1 -1
38 54 190 1507 870 279 183 -1 -1
38 55 190 2100 888 90 50 -1 -1
38 56 190 2090 885 96 54 -1 -1
38 44 191 2159 922 68 54 -1 -1
38 46 191 934 688 384 199 -1 -1
38 47 191 2071 1684 312 230 -1 -1
38 50 191 1725 831 105 63 -1 -1
38 54 191 1555 872 261 173 -1 -1
38 55 191 2095 883 83 54 -1 -1
38 56 191 2090 885 96 54 -1 -1
38 44 192 2161 920 67 55 -1 -1
38 46 192 874 680 417 203 -1 -1
38 47 192 2070 1684 313 230 -1 -1
38 50 192 1718 832 107 65 -1 -1
38 54 192 1601 875 238 163 -1 -1
38 55 192 2095 884 83 53 -1 -1
38 56 192 2090 885 96 54 -1 -1
38 44 193 2161 916 67 58 -1 -1
38 46 193 809 676 426 207 -1 -1
38 47 193 2070 1684 314 230 -1 -1
38 50 193 1718 832 107 65 -1 -1
38 54 193 1637 878 227 152 -1 -1
38 55 193 2095 884 83 53 -1 -1
38 56 193 2090 885 96 54 -1 -1
38 44 194 2164 920 64 53 -1 -1
38 46 194 737 663 464 217 -1 -1
38 47 194 2070 1684 314 230 -1 -1
38 50 194 1718 832 107 65 -1 -1
38 54 194 1672 883 213 140 -1 -1
38 55 194 2095 884 83 53 -1 -1
38 44 195 2166 919 65 52 -1 -1
38 46 195 660 650 488 229 -1 -1
38 47 195 2070 1684 314 230 -1 -1
38 50 195 1661 822 122 72 -1 -1
38 54 195 1703 884 201 135 -1 -1
38 55 195 2100 884 66 49 -1 -1
38 44 196 2168 914 64 57 -1 -1
38 46 196 581 641 545 235 -1 -1
38 47 196 2070 1684 314 230 -1 -1
38 50 196 1644 828 123 67 -1 -1
38 54 196 1729 886 191 129 -1 -1
38 55 196 2102 882 61 51 -1 -1
38 44 197 2166 911 66 59 -1 -1
38 46 197 483 630 580 244 -1 -1
38 47 197 2070 1684 314 230 -1 -1
38 50 197 1629 826 121 68 -1 -1
38 54 197 1754 886 182 124 -1 -1
38 55 197 2104 882 62 53 -1 -1
38 44 198 2169 912 64 57 -1 -1
38 46 198 392 621 553 252 -1 -1
38 47 198 2070 1684 314 230 -1 -1
38 50 198 1610 825 127 69 -1 -1
38 54 198 1776 885 174 121 -1 -1
38 55 198 2105 881 57 51 -1 -1
38 44 199 2170 909 64 59 -1 -1
38 46 199 282 607 580 266 -1 -1
38 47 199 2070 1684 314 230 -1 -1
38 50 199 1585 822 137 71 -1 -1
38 54 199 1799 887 165 114 -1 -1
38 55 199 2104 883 59 51 -1 -1
38 44 200 2170 909 64 59 -1 -1
38 46 200 166 595 565 269 -1 -1
38 47 200 2070 1684 313 230 -1 -1
38 50 200 1585 822 137 71 -1 -1
38 54 200 1817 890 157 106 -1 -1
38 55 200 2102 882 65 48 -1 -1
38 44 201 2170 909 64 59 -1 -1
38 46 201 40 603 532 254 -1 -1
38 47 201 2070 1684 313 230 -1 -1
38 50 201 1546 810 144 84 -1 -1
38 54 201 1836 886 151 108 -1 -1
38 55 201 2102 885 69 48 -1 -1
38 44 202 2177 922 62 52 -1 -1
38 46 202 0 518 525 333 -1 -1
38 47 202 2070 1684 313 230 -1 -1
38 50 202 1522 807 152 86 -1 -1
38 54 202 1852 890 147 100 -1 -1
38 55 202 2102 885 69 48 -1 -1
38 44 203 2177 922 62 52 -1 -1
38 46 203 0 518 525 333 -1 -1
38 47 203 2070 1684 313 230 -1 -1
38 50 203 1501 807 154 85 -1 -1
38 54 203 1868 890 138 97 -1 -1
38 55 203 2102 885 69 48 -1 -1
38 44 204 2174 912 61 51 -1 -1
38 46 204 2 517 478 315 -1 -1
38 47 204 2068 1684 315 230 -1 -1
38 50 204 1475 804 162 89 -1 -1
38 54 204 1884 892 132 93 -1 -1
38 55 204 2089 883 90 46 -1 -1
38 44 205 2174 912 61 51 -1 -1
38 46 205 2 517 478 315 -1 -1
38 47 205 2068 1684 315 230 -1 -1
38 50 205 1450 801 167 92 -1 -1
38 54 205 1895 894 131 88 -1 -1
38 55 205 2089 883 90 46 -1 -1
38 44 206 2174 912 61 51 -1 -1
38 46 206 2 517 478 315 -1 -1
38 47 206 2068 1684 315 230 -1 -1
38 50 206 1421 798 174 94 -1 -1
38 54 206 1910 894 123 86 -1 -1
38 55 206 2089 883 90 46 -1 -1
38 44 207 2174 912 61 51 -1 -1
38 46 207 5 563 289 282 -1 -1
38 47 207 2068 1684 315 230 -1 -1
38 50 207 1393 794 182 97 -1 -1
38 54 207 1921 894 118 84 -1 -1
38 55 207 2089 883 90 46 -1 -1
38 46 208 5 563 289 282 -1 -1
38 47 208 2068 1684 315 230 -1 -1
38 50 208 1361 791 191 99 -1 -1
38 54 208 1929 896 115 79 -1 -1
38 46 209 5 563 289 282 -1 -1
38 47 209 2068 1684 315 230 -1 -1
38 50 209 1330 786 198 104 -1 -1
38 54 209 1945 895 107 78 -1 -1
38 46 210 5 563 289 282 -1 -1
38 47 210 2067 1684 315 230 -1 -1
38 50 210 1300 780 207 110 -1 -1
38 54 210 1950 894 111 75 -1 -1
38 47 211 2067 1684 315 230 -1 -1
38 50 211 1265 774 218 114 -1 -1
38 54 211 1959 896 107 73 -1 -1
38 47 212 2067 1684 315 230 -1 -1
38 50 212 1231 769 223 117 -1 -1
38 54 212 1968 893 104 74 -1 -1
38 47 213 2067 1684 315 230 -1 -1
38 50 213 1193 765 230 121 -1 -1
38 54 213 1980 892 96 72 -1 -1
38 57 213 2074 873 61 41 -1 -1
38 47 214 2067 1684 315 230 -1 -1
38 50 214 1149 762 246 124 -1 -1
38 54 214 1986 891 97 73 -1 -1
38 57 214 2071 872 61 41 -1 -1
38 47 215 2068 1684 314 230 -1 -1
38 50 215 1106 757 256 126 -1 -1
38 54 215 1993 894 94 68 -1 -1
38 57 215 2071 872 61 41 -1 -1
38 47 216 2067 1684 314 230 -1 -1
38 50 216 1061 749 274 135 -1 -1
38 54 216 2000 893 93 67 -1 -1
38 57 216 2071 872 61 41 -1 -1
38 47 217 2067 1684 314 230 -1 -1
38 50 217 1012 739 285 141 -1 -1
38 54 217 2008 894 90 66 -1 -1
38 57 217 2071 872 61 41 -1 -1
38 47 218 2067 1684 314 230 -1 -1
38 50 218 962 736 299 145 -1 -1
38 54 218 2014 896 90 62 -1 -1
38 47 219 2067 1684 314 230 -1 -1
38 50 219 907 731 321 147 -1 -1
38 54 219 2022 894 87 63 -1 -1
38 47 220 2065 1683 318 232 -1 -1
38 50 220 848 719 336 158 -1 -1
38 54 220 2026 893 86 62 -1 -1
38 47 221 2065 1683 318 232 -1 -1
38 50 221 781 709 361 165 -1 -1
38 54 221 2031 898 82 57 -1 -1
38 47 222 2065 1683 318 232 -1 -1
38 50 222 713 706 386 167 -1 -1
38 54 222 2036 894 79 60 -1 -1
38 47 223 2064 1683 319 232 -1 -1
38 50 223 638 695 402 174 -1 -1
38 54 223 2042 897 77 56 -1 -1
38 47 224 2064 1683 319 232 -1 -1
38 50 224 555 683 428 186 -1 -1
38 54 224 2048 897 74 55 -1 -1
38 47 225 2064 1683 319 232 -1 -1
38 50 225 470 676 455 191 -1 -1
38 54 225 2053 898 75 53 -1 -1
38 47 226 2064 1683 319 232 -1 -1
38 50 226 370 667 497 195 -1 -1
38 54 226 2055 898 75 53 -1 -1
38 47 227 2063 1683 320 232 -1 -1
38 50 227 277 650 548 218 -1 -1
38 54 227 2062 899 71 50 -1 -1
38 47 228 2066 1684 317 231 -1 -1
38 50 228 166 645 579 213 -1 -1
38 54 228 2062 899 71 50 -1 -1
38 47 229 2066 1684 317 231 -1 -1
38 50 229 47 646 525 202 -1 -1
38 54 229 2082 895 66 50 -1 -1
38 47 230 2069 1684 314 230 -1 -1
38 50 230 3 620 366 220 -1 -1
38 54 230 2081 896 67 52 -1 -1
38 58 230 2025 862 76 50 -1 -1
38 47 231 2069 1684 314 230 -1 -1
38 50 231 3 620 366 220 -1 -1
38 54 231 2083 894 67 54 -1 -1
38 58 231 2024 865 76 47 -1 -1
38 47 232 2069 1684 314 230 -1 -1
38 50 232 1 596 388 245 -1 -1
38 54 232 2086 892 64 56 -1 -1
38 58 232 2020 861 78 51 -1 -1
38 47 233 2070 1683 313 231 -1 -1
38 50 233 0 574 330 263 -1 -1
38 54 233 2089 896 64 52 -1 -1
38 58 233 2020 861 78 51 -1 -1
38 47 234 2069 1683 314 231 -1 -1
38 50 234 2 573 225 262 -1 -1
38 54 234 2091 901 62 46 -1 -1
38 58 234 2020 861 78 51 -1 -1
38 47 235 2069 1683 315 231 -1 -1
38 50 235 2 573 225 262 -1 -1
38 54 235 2094 901 60 45 -1 -1
38 58 235 2020 861 78 51 -1 -1
38 47 236 2069 1683 315 231 -1 -1
38 50 236 2 573 225 262 -1 -1
38 54 236 2099 901 62 44 -1 -1
38 47 237 2070 1683 314 232 -1 -1
38 50 237 2 573 225 262 -1 -1
38 54 237 2105 904 57 40 -1 -1
38 47 238 2070 1683 314 232 -1 -1
38 54 238 2107 903 59 42 -1 -1
38 59 238 1991 856 70 58 -1 -1
38 47 239 2069 1683 314 231 -1 -1
38 54 239 2108 904 59 39 -1 -1
38 59 239 1991 856 70 58 -1 -1
38 47 240 2070 1683 313 231 -1 -1
38 54 240 2108 904 59 39 -1 -1
38 59 240 1981 869 67 45 -1 -1
38 60 240 1936 830 53 45 -1 -1
38 61 240 2046 875 66 31 -1 -1
38 47 241 2069 1683 314 231 -1 -1
38 54 241 2112 902 59 43 -1 -1
38 59 241 1974 865 60 44 -1 -1
38 60 241 1935 830 52 45 -1 -1
38 61 241 2042 873 68 34 -1 -1
38 47 242 2069 1683 314 232 -1 -1
38 54 242 2114 903 57 42 -1 -1
38 59 242 1969 867 77 44 -1 -1
38 60 242 1933 829 53 46 -1 -1
38 61 242 2042 873 68 34 -1 -1
38 47 243 2069 1683 315 232 -1 -1
38 54 243 2116 903 58 43 -1 -1
38 59 243 1965 855 83 57 -1 -1
38 60 243 1935 828 50 47 -1 -1
38 61 243 2042 873 68 34 -1 -1
38 47 244 2069 1683 315 232 -1 -1
38 54 244 2118 904 55 42 -1 -1
38 59 244 1957 857 80 55 -1 -1
38 60 244 1934 828 48 47 -1 -1
38 61 244 2042 873 68 34 -1 -1
38 47 245 2069 1683 315 232 -1 -1
38 54 245 2120 903 55 41 -1 -1
38 59 245 1952 862 75 53 -1 -1
38 60 245 1934 828 48 47 -1 -1
38 62 245 1943 826 118 60 -1 -1
38 47 246 2069 1683 314 231 -1 -1
38 54 246 2122 903 54 37 -1 -1
38 59 246 1945 858 81 58 -1 -1
38 60 246 1934 828 48 47 -1 -1
38 62 246 1940 825 115 61 -1 -1
38 47 247 2069 1683 314 231 -1 -1
38 54 247 2126 903 54 37 -1 -1
38 59 247 1940 856 83 59 -1 -1
38 60 247 1934 828 48 47 -1 -1
38 62 247 1940 825 115 61 -1 -1
38 47 248 2069 1683 314 231 -1 -1
38 54 248 2130 902 52 37 -1 -1
38 59 248 1934 853 85 64 -1 -1
38 62 248 1940 825 115 61 -1 -1
38 47 249 2069 1683 314 231 -1 -1
38 54 249 2132 903 50 37 -1 -1
38 59 249 1929 851 88 67 -1 -1
38 62 249 1940 825 115 61 -1 -1
38 47 250 2070 1683 313 231 -1 -1
38 54 250 2134 903 52 38 -1 -1
38 59 250 1921 849 91 70 -1 -1
38 47 251 2070 1683 312 231 -1 -1
38 54 251 2136 902 49 37 -1 -1
38 59 251 1921 849 91 70 -1 -1
38 47 252 2070 1683 313 231 -1 -1
38 54 252 2137 904 50 34 -1 -1
38 59 252 1909 862 93 59 -1 -1
38 47 253 2070 1683 313 231 -1 -1
38 54 253 2137 904 50 34 -1 -1
38 59 253 1897 852 102 69 -1 -1
38 47 254 2070 1683 313 231 -1 -1
38 54 254 2140 902 52 36 -1 -1
38 59 254 1891 845 103 77 -1 -1
38 47 255 2070 1683 313 231 -1 -1
38 54 255 2140 904 53 37 -1 -1
38 59 255 1880 841 109 83 -1 -1
38 47 256 2070 1683 312 231 -1 -1
38 54 256 2141 903 54 34 -1 -1
38 59 256 1871 833 109 91 -1 -1
38 47 257 2070 1683 312 231 -1 -1
38 54 257 2140 902 55 34 -1 -1
38 59 257 1864 826 112 98 -1 -1
38 63 257 1793 817 87 51 -1 -1
38 47 258 2070 1683 312 231 -1 -1
38 54 258 2143 902 53 34 -1 -1
38 59 258 1864 826 112 98 -1 -1
38 63 258 1793 817 87 51 -1 -1
38 47 259 2070 1682 312 232 -1 -1
38 54 259 2145 902 53 35 -1 -1
38 59 259 1838 818 124 107 -1 -1
38 63 259 1793 817 87 51 -1 -1
38 64 259 2147 905 53 33 -1 -1
38 47 260 2069 1682 313 232 -1 -1
38 54 260 2148 903 53 34 -1 -1
38 59 260 1828 815 126 109 -1 -1
38 63 260 1793 817 87 51 -1 -1
38 64 260 2147 905 53 33 -1 -1
38 47 261 2069 1682 314 232 -1 -1
38 54 261 2150 902 51 35 -1 -1
38 59 261 1828 815 126 109 -1 -1
38 64 261 2147 905 53 33 -1 -1
38 47 262 2069 1682 314 232 -1 -1
38 54 262 2152 900 50 38 -1 -1
38 59 262 1801 814 131 110 -1 -1
38 64 262 2147 905 53 33 -1 -1
38 65 262 1936 829 42 45 -1 -1
38 47 263 2069 1682 314 232 -1 -1
38 54 263 2152 900 50 38 -1 -1
38 59 263 1790 808 135 119 -1 -1
38 65 263 1936 829 42 45 -1 -1
38 47 264 2069 1683 314 231 -1 -1
38 54 264 2153 901 50 39 -1 -1
38 59 264 1790 808 135 119 -1 -1
38 65 264 1936 829 42 45 -1 -1
38 47 265 2069 1683 314 231 -1 -1
38 54 265 2154 901 48 36 -1 -1
38 59 265 1758 801 145 126 -1 -1
38 65 265 1936 829 42 45 -1 -1
38 47 266 2069 1683 314 231 -1 -1
38 54 266 2154 901 49 35 -1 -1
38 59 266 1738 799 157 129 -1 -1
38 47 267 2069 1683 314 231 -1 -1
38 54 267 2155 901 48 35 -1 -1
38 59 267 1724 800 152 128 -1 -1
38 47 268 2069 1683 314 231 -1 -1
38 54 268 2157 900 47 37 -1 -1
38 59 268 1701 793 168 137 -1 -1
38 47 269 2069 1683 313 231 -1 -1
38 54 269 2160 900 45 37 -1 -1
38 59 269 1681 794 169 135 -1 -1
38 47 270 2069 1683 313 231 -1 -1
38 54 270 2160 900 45 36 -1 -1
38 59 270 1660 793 179 138 -1 -1
38 47 271 2069 1683 313 231 -1 -1
38 54 271 2160 900 45 36 -1 -1
38 59 271 1639 782 186 150 -1 -1
38 47 272 2069 1683 313 231 -1 -1
38 54 272 2160 900 45 36 -1 -1
38 59 272 1615 780 193 153 -1 -1
38 66 272 1918 856 110 48 -1 -1
38 67 272 1622 857 181 75 -1 -1
38 47 273 2069 1683 313 231 -1 -1
38 54 273 2162 901 44 34 -1 -1
38 59 273 1584 772 206 162 -1 -1
38 66 273 1925 841 126 68 -1 -1
38 67 273 1622 857 181 75 -1 -1
38 47 274 2069 1683 313 231 -1 -1
38 54 274 2163 901 45 34 -1 -1
38 59 274 1554 768 221 167 -1 -1
38 66 274 1925 841 126 68 -1 -1
38 67 274 1622 857 181 75 -1 -1
38 47 275 2069 1683 314 231 -1 -1
38 54 275 2164 900 45 35 -1 -1
38 59 275 1527 762 241 173 -1 -1
38 66 275 1954 868 114 49 -1 -1
38 67 275 1622 857 181 75 -1 -1
38 47 276 2069 1683 314 231 -1 -1
38 54 276 2164 901 45 33 -1 -1
38 59 276 1490 756 242 180 -1 -1
38 66 276 1954 868 114 49 -1 -1
38 47 277 2070 1683 313 232 -1 -1
38 54 277 2164 901 45 33 -1 -1
38 59 277 1457 744 265 193 -1 -1
38 66 277 1985 877 107 41 -1 -1
38 47 278 2070 1683 313 231 -1 -1
38 54 278 2165 900 44 35 -1 -1
38 59 278 1414 740 273 198 -1 -1
38 66 278 1993 876 107 44 -1 -1
38 68 278 1923 828 64 48 -1 -1
38 47 279 2070 1682 313 232 -1 -1
38 54 279 2166 900 43 34 -1 -1
38 59 279 1372 733 293 206 -1 -1
38 66 279 2008 880 101 43 -1 -1
38 68 279 1927 827 62 50 -1 -1
38 69 279 1921 832 61 44 -1 -1
38 47 280 2070 1683 313 232 -1 -1
38 54 280 2166 901 44 34 -1 -1
38 59 280 1317 721 334 219 -1 -1
38 66 280 2024 883 95 40 -1 -1
38 68 280 1921 829 62 47 -1 -1
38 69 280 1921 832 61 44 -1 -1
38 47 281 2071 1683 312 232 -1 -1
38 54 281 2166 900 44 34 -1 -1
38 59 281 1266 712 341 231 -1 -1
38 66 281 2024 883 95 40 -1 -1
38 68 281 1920 833 63 45 -1 -1
38 69 281 1921 832 61 44 -1 -1
38 47 282 2070 1683 313 232 -1 -1
38 54 282 2166 900 44 34 -1 -1
38 59 282 1205 703 369 241 -1 -1
38 66 282 2024 883 95 40 -1 -1
38 68 282 1921 834 60 43 -1 -1
38 69 282 1921 832 61 44 -1 -1
38 47 283 2071 1683 312 232 -1 -1
38 54 283 2168 901 43 32 -1 -1
38 59 283 1140 689 382 255 -1 -1
38 66 283 2024 883 95 40 -1 -1
38 68 283 1921 835 60 42 -1 -1
38 47 284 2070 1683 314 232 -1 -1
38 54 284 2170 901 41 32 -1 -1
38 59 284 1065 676 410 273 -1 -1
38 68 284 1921 835 60 44 -1 -1
38 47 285 2070 1683 313 232 -1 -1
38 54 285 2170 901 41 32 -1 -1
38 59 285 976 660 453 297 -1 -1
38 68 285 1919 834 63 45 -1 -1
38 47 286 2070 1683 313 232 -1 -1
38 54 286 2170 901 41 32 -1 -1
38 59 286 883 635 492 323 -1 -1
38 68 286 1919 834 63 45 -1 -1
38 47 287 2070 1682 313 233 -1 -1
38 54 287 2170 901 41 32 -1 -1
38 59 287 883 635 492 323 -1 -1
38 68 287 1919 834 63 45 -1 -1
38 70 287 2087 900 62 34 -1 -1
38 47 288 2071 1682 311 232 -1 -1
38 59 288 883 635 492 323 -1 -1
38 68 288 1919 834 63 45 -1 -1
38 70 288 2087 898 68 36 -1 -1
38 71 288 463 1800 372 120 -1 -1
38 47 289 2071 1682 312 232 -1 -1
38 59 289 707 607 458 325 -1 -1
38 70 289 2090 899 68 36 -1 -1
38 71 289 463 1800 372 120 -1 -1
38 47 290 2071 1682 313 232 -1 -1
38 59 290 707 607 458 325 -1 -1
38 70 290 2090 899 68 36 -1 -1
38 71 290 463 1800 372 120 -1 -1
38 47 291 2071 1682 313 232 -1 -1
38 59 291 707 607 458 325 -1 -1
38 70 291 2090 899 68 36 -1 -1
38 71 291 463 1800 372 120 -1 -1
38 47 292 2071 1683 312 231 -1 -1
38 59 292 707 607 458 325 -1 -1
38 70 292 2090 899 68 36 -1 -1
38 72 292 1488 962 523 424 -1 -1
38 73 292 0 609 357 356 -1 -1
38 47 293 2071 1683 312 231 -1 -1
38 72 293 1609 958 444 366 -1 -1
38 73 293 0 609 357 356 -1 -1
38 47 294 2071 1683 312 230 -1 -1
38 72 294 1694 957 375 311 -1 -1
38 73 294 0 609 357 356 -1 -1
38 47 295 2071 1683 311 230 -1 -1
38 72 295 1752 952 343 285 -1 -1
38 73 295 0 609 357 356 -1 -1
38 47 296 2071 1683 310 230 -1 -1
38 72 296 1808 951 305 253 -1 -1
38 47 297 2070 1682 311 233 -1 -1
38 72 297 1808 951 305 253 -1 -1
38 74 297 1139 833 557 278 -1 -1
38 47 298 2070 1682 311 233 -1 -1
38 72 298 1906 940 239 181 -1 -1
38 74 298 1238 822 472 253 -1 -1
38 47 299 2070 1683 312 232 -1 -1
38 72 299 1955 943 202 113 -1 -1
38 74 299 1316 816 430 265 -1 -1
38 75 299 1322 795 423 237 -1 -1
38 47 300 2070 1683 311 232 -1 -1
38 72 300 1952 940 206 183 -1 -1
38 74 300 1384 809 404 278 -1 -1
38 75 300 1385 802 396 251 -1 -1
38 47 301 2070 1683 311 232 -1 -1
38 72 301 1968 938 202 166 -1 -1
38 74 301 1442 834 357 234 -1 -1
38 75 301 1385 802 396 251 -1 -1
38 47 302 2070 1683 312 232 -1 -1
38 72 302 1984 937 191 157 -1 -1
38 74 302 1496 811 334 230 -1 -1
38 75 302 1385 802 396 251 -1 -1
38 47 303 2070 1683 311 232 -1 -1
38 72 303 2004 935 176 148 -1 -1
38 74 303 1541 831 309 217 -1 -1
38 75 303 1385 802 396 251 -1 -1
38 47 304 2070 1683 312 233 -1 -1
38 72 304 2021 931 165 140 -1 -1
38 74 304 1578 836 288 204 -1 -1
38 47 305 2070 1683 311 232 -1 -1
38 72 305 2033 930 151 133 -1 -1
38 74 305 1578 836 288 204 -1 -1
38 47 306 2070 1683 312 233 -1 -1
38 72 306 2048 933 137 121 -1 -1
38 74 306 1647 840 257 185 -1 -1
38 47 307 2069 1683 313 232 -1 -1
38 72 307 2058 938 133 109 -1 -1
38 74 307 1676 840 242 182 -1 -1
38 47 308 2069 1682 313 233 -1 -1
38 72 308 2067 945 125 96 -1 -1
38 74 308 1703 845 233 173 -1 -1
38 47 309 2068 1682 314 233 -1 -1
38 72 309 2077 933 123 103 -1 -1
38 74 309 1731 846 219 165 -1 -1
38 47 310 2068 1682 314 233 -1 -1
38 72 310 2086 932 117 94 -1 -1
38 74 310 1749 850 213 156 -1 -1
38 76 310 2136 898 74 43 -1 -1
38 47 311 2069 1682 313 233 -1 -1
38 72 311 2093 933 112 88 -1 -1
38 74 311 1771 850 204 152 -1 -1
38 76 311 2136 898 74 43 -1 -1
38 47 312 2069 1682 312 232 -1 -1
38 72 312 2099 925 106 91 -1 -1
38 74 312 1790 854 191 146 -1 -1
38 76 312 2136 898 74 43 -1 -1
38 47 313 2069 1683 312 231 -1 -1
38 72 313 2104 930 103 85 -1 -1
38 74 313 1807 853 186 143 -1 -1
38 76 313 2136 898 74 43 -1 -1
38 47 314 2069 1682 312 232 -1 -1
38 72 314 2110 926 102 82 -1 -1
38 74 314 1823 855 180 138 -1 -1
38 47 315 2069 1682 312 232 -1 -1
38 72 315 2116 925 96 76 -1 -1
38 74 315 1839 859 168 132 -1 -1
38 47 316 2069 1682 312 232 -1 -1
38 72 316 2119 925 94 73 -1 -1
38 74 316 1853 860 163 127 -1 -1
38 47 317 2071 1682 309 231 -1 -1
38 72 317 2124 923 91 73 -1 -1
38 74 317 1865 859 160 126 -1 -1
38 77 317 1596 951 469 365 -1 -1
38 47 318 2071 1682 309 231 -1 -1
38 72 318 2127 926 89 68 -1 -1
38 74 318 1880 861 153 118 -1 -1
38 77 318 1596 951 469 365 -1 -1
38 47 319 2071 1683 310 230 -1 -1
38 72 319 2128 924 86 65 -1 -1
38 74 319 1891 863 151 110 -1 -1
38 77 319 1596 951 469 365 -1 -1
38 47 320 2071 1683 311 230 -1 -1
38 72 320 2129 926 84 60 -1 -1
38 74 320 1891 863 151 110 -1 -1
38 77 320 1596 951 469 365 -1 -1
38 47 321 2071 1683 311 231 -1 -1
38 72 321 2129 926 84 60 -1 -1
38 74 321 1891 863 151 110 -1 -1
38 47 322 2071 1683 313 231 -1 -1
38 72 322 2129 926 84 60 -1 -1
38 74 322 1921 866 138 91 -1 -1
38 47 323 2071 1682 314 232 -1 -1
38 72 323 2129 926 84 60 -1 -1
38 74 323 1921 866 138 91 -1 -1
38 78 323 1898 932 256 202 -1 -1
38 47 324 2071 1682 313 232 -1 -1
38 72 324 2140 917 74 57 -1 -1
38 74 324 1940 867 134 90 -1 -1
38 78 324 1920 932 241 198 -1 -1
38 47 325 2071 1682 313 232 -1 -1
38 72 325 2138 917 74 55 -1 -1
38 74 325 1940 867 134 90 -1 -1
38 78 325 1920 932 241 198 -1 -1
38 47 326 2071 1682 313 232 -1 -1
38 72 326 2138 916 75 54 -1 -1
38 74 326 1940 867 134 90 -1 -1
38 78 326 1963 933 206 174 -1 -1
38 47 327 2071 1683 313 232 -1 -1
38 72 327 2135 910 74 57 -1 -1
38 74 327 1965 868 115 87 -1 -1
38 78 327 1977 933 200 165 -1 -1
38 79 327 2066 902 115 65 -1 -1
38 47 328 2071 1683 312 232 -1 -1
38 72 328 2135 910 74 57 -1 -1
38 74 328 1972 870 118 84 -1 -1
38 78 328 1996 931 190 157 -1 -1
38 79 328 2066 902 115 65 -1 -1
38 80 328 1998 930 190 155 -1 -1
38 47 329 2071 1682 313 233 -1 -1
38 72 329 2135 910 74 57 -1 -1
38 74 329 1972 870 118 84 -1 -1
38 78 329 2010 930 183 147 -1 -1
38 79 329 2066 902 115 65 -1 -1
38 80 329 1998 930 190 155 -1 -1
38 47 330 2071 1683 311 232 -1 -1
38 72 330 2135 910 74 57 -1 -1
38 74 330 1972 870 118 84 -1 -1
38 78 330 2024 929 169 142 -1 -1
38 79 330 2066 902 115 65 -1 -1
38 80 330 1998 930 190 155 -1 -1
38 47 331 2071 1682 311 232 -1 -1
38 74 331 1972 870 118 84 -1 -1
38 78 331 2036 927 159 136 -1 -1
38 80 331 1998 930 190 155 -1 -1
38 47 332 2071 1682 310 232 -1 -1
38 74 332 1998 872 106 82 -1 -1
38 78 332 2049 921 151 137 -1 -1
38 47 333 2071 1682 310 232 -1 -1
38 74 333 1998 872 106 82 -1 -1
38 78 333 2057 919 145 132 -1 -1
38 47 334 2071 1682 310 232 -1 -1
38 74 334 1998 872 106 82 -1 -1
38 78 334 2068 912 139 134 -1 -1
38 47 335 2071 1682 310 232 -1 -1
38 74 335 1998 872 106 82 -1 -1
38 78 335 2075 913 136 126 -1 -1
38 47 336 2071 1682 311 232 -1 -1
38 78 336 2086 916 127 118 -1 -1
38 47 337 2071 1684 312 230 -1 -1
38 78 337 2093 915 119 113 -1 -1
38 47 338 2071 1684 311 230 -1 -1
38 78 338 2099 917 115 105 -1 -1
38 81 338 2028 879 136 71 -1 -1
38 47 339 2071 1684 311 230 -1 -1
38 78 339 2105 916 113 103 -1 -1
38 81 339 2028 879 136 71 -1 -1
38 47 340 2071 1684 311 230 -1 -1
38 78 340 2109 912 112 104 -1 -1
38 81 340 2028 879 136 71 -1 -1
38 82 340 2110 892 66 57 -1 -1
38 47 341 2070 1684 311 230 -1 -1
38 78 341 2117 914 105 98 -1 -1
38 81 341 2041 879 98 68 -1 -1
38 82 341 2117 889 73 61 -1 -1
38 47 342 2070 1683 312 231 -1 -1
38 78 342 2121 914 107 95 -1 -1
38 81 342 2045 876 94 70 -1 -1
38 82 342 2120 889 68 60 -1 -1
38 47 343 2070 1683 312 231 -1 -1
38 78 343 2127 916 98 89 -1 -1
38 81 343 2050 876 92 69 -1 -1
38 82 343 2122 889 68 59 -1 -1
38 83 343 2097 890 79 56 -1 -1
38 47 344 2070 1683 312 231 -1 -1
38 78 344 2132 913 97 89 -1 -1
38 81 344 2054 874 84 70 -1 -1
38 82 344 2127 887 71 57 -1 -1
38 83 344 2097 890 79 56 -1 -1
38 47 345 2070 1683 311 231 -1 -1
38 78 345 2137 913 95 87 -1 -1
38 81 345 2057 875 84 69 -1 -1
38 82 345 2122 887 78 51 -1 -1
38 83 345 2097 890 79 56 -1 -1
38 47 346 2070 1683 311 231 -1 -1
38 78 346 2141 911 94 86 -1 -1
38 81 346 2059 876 84 69 -1 -1
38 82 346 2132 889 68 50 -1 -1
38 83 346 2101 892 64 51 -1 -1
38 47 347 2070 1684 311 230 -1 -1
38 78 347 2144 914 91 83 -1 -1
38 81 347 2064 878 81 65 -1 -1
38 82 347 2129 888 72 51 -1 -1
38 83 347 2101 892 64 51 -1 -1
38 47 348 2070 1683 311 232 -1 -1
38 78 348 2148 914 92 81 -1 -1
38 81 348 2066 874 83 69 -1 -1
38 82 348 2136 890 60 47 -1 -1
38 83 348 2101 892 64 51 -1 -1
38 47 349 2070 1684 311 231 -1 -1
38 78 349 2152 920 87 73 -1 -1
38 81 349 2070 876 81 66 -1 -1
38 82 349 2138 891 62 46 -1 -1
38 83 349 2101 892 64 51 -1 -1
38 84 349 1923 839 55 41 -1 -1
38 47 350 2071 1684 310 231 -1 -1
38 78 350 2154 919 85 72 -1 -1
38 81 350 2073 877 77 63 -1 -1
38 82 350 2138 891 62 46 -1 -1
38 84 350 1923 839 56 41 -1 -1
38 47 351 2070 1684 311 231 -1 -1
38 78 351 2158 922 80 65 -1 -1
38 81 351 2075 880 77 58 -1 -1
38 82 351 2138 895 66 42 -1 -1
38 84 351 1923 839 56 41 -1 -1
38 47 352 2070 1684 311 231 -1 -1
38 78 352 2158 922 80 65 -1 -1
38 81 352 2077 879 81 59 -1 -1
38 82 352 2134 895 68 43 -1 -1
38 84 352 1923 839 56 41 -1 -1
38 47 353 2070 1683 311 232 -1 -1
38 78 353 2158 922 80 65 -1 -1
38 81 353 2080 877 85 62 -1 -1
38 82 353 2134 895 68 43 -1 -1
38 84 353 1923 839 56 41 -1 -1
38 47 354 2070 1683 311 232 -1 -1
38 78 354 2158 922 80 65 -1 -1
38 81 354 2080 877 85 62 -1 -1
38 82 354 2134 895 68 43 -1 -1
38 84 354 1923 839 56 41 -1 -1
38 47 355 2070 1684 312 231 -1 -1
38 81 355 2084 878 81 62 -1 -1
38 82 355 2134 895 68 43 -1 -1
38 84 355 1923 839 55 41 -1 -1
38 47 356 2070 1684 311 231 -1 -1
38 81 356 2084 877 78 61 -1 -1
38 84 356 1923 838 55 42 -1 -1
38 47 357 2071 1684 310 230 -1 -1
38 81 357 2084 877 78 61 -1 -1
38 84 357 1923 838 55 42 -1 -1
38 85 357 2143 899 61 36 -1 -1
38 47 358 2071 1684 309 230 -1 -1
38 81 358 2076 875 81 62 -1 -1
38 84 358 1923 838 55 42 -1 -1
38 85 358 2143 899 61 36 -1 -1
38 86 358 2089 883 74 53 -1 -1
38 47 359 2071 1684 310 230 -1 -1
38 81 359 2095 886 69 51 -1 -1
38 84 359 1923 838 55 42 -1 -1
38 85 359 2143 899 61 36 -1 -1
38 86 359 2089 883 74 53 -1 -1
38 47 360 2071 1683 311 232 -1 -1
38 81 360 2094 883 73 56 -1 -1
38 85 360 2143 899 61 36 -1 -1
38 86 360 2089 883 74 53 -1 -1
38 47 361 2071 1683 311 232 -1 -1
38 81 361 2101 882 70 57 -1 -1
38 86 361 2089 883 74 53 -1 -1
38 47 362 2071 1683 312 232 -1 -1
38 81 362 2102 886 70 58 -1 -1
38 47 363 2071 1683 312 232 -1 -1
38 81 363 2106 886 68 53 -1 -1
38 47 364 2071 1683 312 232 -1 -1
38 81 364 2106 888 65 50 -1 -1
38 47 365 2071 1683 312 232 -1 -1
38 81 365 2110 889 62 49 -1 -1
38 87 365 2049 873 61 34 -1 -1
38 47 366 2071 1683 312 232 -1 -1
38 81 366 2110 889 63 51 -1 -1
38 87 366 2047 874 56 31 -1 -1
38 88 366 2045 869 58 34 -1 -1
38 47 367 2070 1683 313 231 -1 -1
38 81 367 2111 892 63 45 -1 -1
38 87 367 2044 870 57 33 -1 -1
38 88 367 2045 869 58 34 -1 -1
38 89 367 2189 909 76 59 -1 -1
38 47 368 2070 1684 312 230 -1 -1
38 81 368 2112 891 61 44 -1 -1
38 87 368 2040 871 60 31 -1 -1
38 88 368 2045 869 58 34 -1 -1
38 89 368 2194 910 71 60 -1 -1
38 47 369 2070 1683 312 230 -1 -1
38 81 369 2116 892 57 42 -1 -1
38 87 369 2037 871 61 31 -1 -1
38 88 369 2045 869 58 34 -1 -1
38 89 369 2198 910 65 55 -1 -1
38 47 370 2070 1683 312 230 -1 -1
38 81 370 2115 888 63 49 -1 -1
38 87 370 2035 868 59 35 -1 -1
38 89 370 2199 908 63 55 -1 -1
38 90 370 2158 899 54 41 -1 -1
38 47 371 2070 1683 312 231 -1 -1
38 81 371 2117 893 65 43 -1 -1
38 87 371 2030 868 60 35 -1 -1
38 89 371 2201 908 61 56 -1 -1
38 90 371 2158 900 54 39 -1 -1
38 47 372 2070 1683 311 230 -1 -1
38 81 372 2121 888 66 46 -1 -1
38 87 372 2027 868 59 34 -1 -1
38 89 372 2202 909 62 55 -1 -1
38 90 372 2159 900 54 35 -1 -1
38 47 373 2070 1684 312 230 -1 -1
38 81 373 2121 887 68 48 -1 -1
38 87 373 2023 869 60 34 -1 -1
38 89 373 2205 909 59 53 -1 -1
38 90 373 2168 901 48 36 -1 -1
38 47 374 2069 1683 314 230 -1 -1
38 81 374 2124 889 67 51 -1 -1
38 87 374 2021 870 55 32 -1 -1
38 89 374 2202 909 62 50 -1 -1
38 90 374 2169 902 48 42 -1 -1
38 47 375 2069 1683 314 231 -1 -1
38 81 375 2125 889 65 50 -1 -1
38 87 375 2020 869 54 34 -1 -1
38 89 375 2206 907 59 51 -1 -1
38 90 375 2170 901 45 42 -1 -1
38 47 376 2069 1683 313 231 -1 -1
38 81 376 2124 889 66 50 -1 -1
38 87 376 2020 869 50 33 -1 -1
38 89 376 2205 907 60 51 -1 -1
38 90 376 2170 901 45 42 -1 -1
38 47 377 2070 1684 313 230 -1 -1
38 81 377 2127 888 62 50 -1 -1
38 87 377 2012 863 54 37 -1 -1
38 89 377 2205 907 60 51 -1 -1
38 90 377 2170 901 45 42 -1 -1
38 47 378 2070 1683 313 231 -1 -1
38 81 378 2128 888 61 50 -1 -1
38 87 378 2008 862 52 37 -1 -1
38 89 378 2205 907 60 51 -1 -1
38 90 378 2170 901 45 42 -1 -1
38 47 379 2070 1683 313 231 -1 -1
38 81 379 2130 889 61 45 -1 -1
38 87 379 2005 861 52 38 -1 -1
38 89 379 2205 907 60 51 -1 -1
38 47 380 2070 1683 313 231 -1 -1
38 81 380 2132 889 61 46 -1 -1
38 87 380 2001 862 56 38 -1 -1
38 47 381 2070 1684 312 230 -1 -1
38 81 381 2134 888 63 47 -1 -1
38 87 381 1994 863 61 38 -1 -1
38 47 382 2070 1684 312 230 -1 -1
38 81 382 2135 887 64 49 -1 -1
38 87 382 1990 860 62 41 -1 -1
38 91 382 1988 863 47 35 -1 -1
38 47 383 2070 1683 312 231 -1 -1
38 81 383 2136 887 61 48 -1 -1
38 87 383 1987 861 59 40 -1 -1
38 91 383 1985 861 56 37 -1 -1
38 47 384 2070 1683 312 230 -1 -1
38 81 384 2136 887 61 48 -1 -1
38 87 384 1982 858 58 40 -1 -1
38 91 384 1985 861 56 37 -1 -1
38 47 385 2070 1683 312 230 -1 -1
38 81 385 2136 887 61 48 -1 -1
38 87 385 1978 863 57 35 -1 -1
38 91 385 1985 861 56 37 -1 -1
38 47 386 2070 1683 312 230 -1 -1
38 81 386 2140 886 69 49 -1 -1
38 87 386 1976 863 58 35 -1 -1
38 91 386 1985 861 56 37 -1 -1
38 47 387 2070 1683 312 230 -1 -1
38 81 387 2141 887 72 47 -1 -1
38 87 387 1970 859 60 38 -1 -1
38 47 388 2070 1683 312 230 -1 -1
38 81 388 2140 887 71 46 -1 -1
38 87 388 1965 862 59 36 -1 -1
38 47 389 2070 1683 312 230 -1 -1
38 81 389 2140 887 71 46 -1 -1
38 87 389 1959 862 60 37 -1 -1
38 47 390 2070 1683 313 230 -1 -1
38 81 390 2143 890 87 47 -1 -1
38 87 390 1960 862 61 36 -1 -1
38 92 390 1954 864 57 33 -1 -1
38 47 391 2070 1683 312 230 -1 -1
38 81 391 2144 892 86 46 -1 -1
38 87 391 1959 859 62 39 -1 -1
38 92 391 1952 861 60 36 -1 -1
38 47 392 2070 1683 313 230 -1 -1
38 81 392 2145 891 81 48 -1 -1
38 87 392 1957 854 63 44 -1 -1
38 92 392 1948 855 65 42 -1 -1
38 47 393 2070 1683 312 230 -1 -1
38 81 393 2146 892 82 47 -1 -1
38 87 393 1941 852 67 46 -1 -1
38 92 393 1948 855 65 42 -1 -1
38 47 394 2070 1683 312 230 -1 -1
38 81 394 2146 893 81 46 -1 -1
38 87 394 1937 835 69 62 -1 -1
38 92 394 1965 858 44 40 -1 -1
38 47 395 2069 1684 313 229 -1 -1
38 81 395 2146 894 79 46 -1 -1
38 87 395 1931 834 71 62 -1 -1
38 92 395 1959 854 46 43 -1 -1
38 47 396 2070 1683 311 230 -1 -1
38 81 396 2146 894 79 46 -1 -1
38 87 396 1925 833 74 62 -1 -1
38 92 396 1959 854 46 43 -1 -1
38 47 397 2070 1683 312 230 -1 -1
38 81 397 2144 891 78 44 -1 -1
38 87 397 1922 833 71 63 -1 -1
38 92 397 1959 854 46 43 -1 -1
38 47 398 2070 1683 311 230 -1 -1
38 81 398 2141 889 68 41 -1 -1
38 87 398 1921 834 68 62 -1 -1
38 92 398 1959 854 46 43 -1 -1
38 47 399 2070 1683 311 230 -1 -1
38 81 399 2138 890 73 40 -1 -1
38 87 399 1927 832 57 51 -1 -1
38 93 399 1908 847 71 47 -1 -1
38 94 399 2222 909 48 45 -1 -1
38 47 400 2070 1683 312 230 -1 -1
38 81 400 2137 890 74 40 -1 -1
38 87 400 1905 841 72 53 -1 -1
38 93 400 1908 847 71 47 -1 -1
38 94 400 2224 909 45 44 -1 -1
38 47 401 2070 1683 312 230 -1 -1
38 81 401 2136 890 75 39 -1 -1
38 87 401 1897 836 77 57 -1 -1
38 93 401 1908 847 71 47 -1 -1
38 94 401 2224 909 45 44 -1 -1
38 47 402 2069 1683 312 230 -1 -1
38 81 402 2143 891 74 43 -1 -1
38 87 402 1891 835 79 57 -1 -1
38 93 402 1908 847 71 47 -1 -1
38 94 402 2224 909 45 44 -1 -1
38 47 403 2069 1683 313 230 -1 -1
38 81 403 2132 890 82 38 -1 -1
38 87 403 1885 835 78 58 -1 -1
38 94 403 2224 909 45 44 -1 -1
38 47 404 2069 1683 314 230 -1 -1
38 81 404 2131 890 73 37 -1 -1
38 87 404 1880 835 79 56 -1 -1
38 95 404 1882 832 78 61 -1 -1
38 47 405 2069 1682 314 231 -1 -1
38 81 405 2128 890 56 36 -1 -1
38 87 405 1873 836 79 55 -1 -1
38 95 405 1884 833 73 58 -1 -1
38 47 406 2069 1683 314 230 -1 -1
38 81 406 2127 889 58 37 -1 -1
38 87 406 1868 832 80 60 -1 -1
38 95 406 1884 833 73 58 -1 -1
38 47 407 2071 1682 313 232 -1 -1
38 81 407 2126 889 55 35 -1 -1
38 87 407 1859 832 82 60 -1 -1
38 95 407 1884 833 73 58 -1 -1
38 96 407 2151 892 58 38 -1 -1
38 47 408 2071 1683 312 231 -1 -1
38 81 408 2126 889 55 35 -1 -1
38 87 408 1859 832 82 60 -1 -1
38 95 408 1884 833 73 58 -1 -1
38 96 408 2155 892 56 38 -1 -1
38 47 409 2071 1683 312 231 -1 -1
38 81 409 2126 889 55 35 -1 -1
38 87 409 1839 834 87 57 -1 -1
38 96 409 2158 892 51 38 -1 -1
38 47 410 2071 1683 313 231 -1 -1
38 81 410 2126 889 55 35 -1 -1
38 87 410 1833 832 85 59 -1 -1
38 96 410 2160 892 49 39 -1 -1
38 47 411 2071 1683 312 231 -1 -1
38 87 411 1827 830 89 62 -1 -1
38 96 411 2161 893 49 38 -1 -1
38 47 412 2071 1683 312 231 -1 -1
38 87 412 1822 829 87 63 -1 -1
38 96 412 2163 893 50 37 -1 -1
38 97 412 1875 845 41 48 -1 -1
38 47 413 2071 1683 312 231 -1 -1
38 87 413 1813 829 93 63 -1 -1
38 96 413 2164 893 52 37 -1 -1
38 97 413 1875 845 41 48 -1 -1
38 98 413 1808 829 95 61 -1 -1
38 47 414 2072 1683 311 231 -1 -1
38 87 414 1803 828 95 63 -1 -1
38 96 414 2165 893 51 37 -1 -1
38 97 414 1875 845 41 48 -1 -1
38 98 414 1835 832 65 60 -1 -1
38 47 415 2071 1683 311 231 -1 -1
38 87 415 1796 825 96 66 -1 -1
38 96 415 2166 893 54 37 -1 -1
38 97 415 1875 845 41 48 -1 -1
38 98 415 1835 832 65 60 -1 -1
38 47 416 2071 1683 311 231 -1 -1
38 87 416 1790 825 91 66 -1 -1
38 96 416 2168 893 53 37 -1 -1
38 98 416 1835 832 65 60 -1 -1
38 47 417 2071 1683 311 231 -1 -1
38 87 417 1775 825 100 65 -1 -1
38 96 417 2169 895 53 35 -1 -1
38 98 417 1835 832 65 60 -1 -1
38 47 418 2071 1683 312 231 -1 -1
38 87 418 1768 824 102 66 -1 -1
38 96 418 2170 895 49 35 -1 -1
38 47 419 2071 1683 312 231 -1 -1
38 87 419 1759 826 104 65 -1 -1
38 96 419 2170 894 49 36 -1 -1
38 99 419 1814 835 52 57 -1 -1
38 47 420 2071 1684 313 230 -1 -1
38 87 420 1759 826 104 65 -1 -1
38 96 420 2168 894 48 36 -1 -1
38 99 420 1814 835 52 57 -1 -1
38 47 421 2071 1684 313 230 -1 -1
38 87 421 1740 823 109 67 -1 -1
38 96 421 2169 894 47 36 -1 -1
38 99 421 1792 832 57 59 -1 -1
38 47 422 2071 1684 313 230 -1 -1
38 87 422 1731 818 107 73 -1 -1
38 96 422 2170 894 47 36 -1 -1
38 99 422 1775 824 68 66 -1 -1
38 47 423 2071 1684 313 230 -1 -1
38 87 423 1716 812 114 78 -1 -1
38 96 423 2170 894 47 36 -1 -1
38 99 423 1775 824 68 66 -1 -1
38 47 424 2071 1684 313 230 -1 -1
38 87 424 1704 819 113 70 -1 -1
38 96 424 2171 894 48 36 -1 -1
38 99 424 1775 824 68 66 -1 -1
38 47 425 2071 1684 312 230 -1 -1
38 87 425 1692 808 123 82 -1 -1
38 96 425 2172 895 49 35 -1 -1
38 99 425 1775 824 68 66 -1 -1
38 100 425 1621 791 108 45 -1 -1
38 101 425 2096 885 53 33 -1 -1
38 47 426 2071 1684 312 230 -1 -1
38 87 426 1680 808 127 82 -1 -1
38 96 426 2172 894 52 36 -1 -1
38 100 426 1621 791 108 45 -1 -1
38 101 426 2096 885 53 33 -1 -1
38 47 427 2071 1683 312 231 -1 -1
38 87 427 1664 813 122 76 -1 -1
38 96 427 2173 895 48 35 -1 -1
38 100 427 1626 791 90 45 -1 -1
38 101 427 2096 885 53 33 -1 -1
38 47 428 2071 1683 312 231 -1 -1
38 87 428 1653 806 138 84 -1 -1
38 96 428 2173 894 49 36 -1 -1
38 100 428 1626 791 90 45 -1 -1
38 101 428 2096 885 53 33 -1 -1
38 47 429 2071 1683 313 231 -1 -1
38 87 429 1637 809 138 81 -1 -1
38 96 429 2173 893 49 37 -1 -1
38 100 429 1626 791 90 45 -1 -1
38 101 429 2088 882 51 35 -1 -1
38 102 429 1683 811 95 78 -1 -1
38 103 429 1934 830 47 47 -1 -1
38 47 430 2071 1683 312 231 -1 -1
38 87 430 1627 808 130 81 -1 -1
38 96 430 2174 894 49 36 -1 -1
38 100 430 1626 791 90 45 -1 -1
38 101 430 2089 882 49 35 -1 -1
38 102 430 1706 822 59 68 -1 -1
38 103 430 1934 829 46 46 -1 -1
38 47 431 2071 1683 312 231 -1 -1
38 87 431 1619 809 136 81 -1 -1
38 96 431 2175 894 49 36 -1 -1
38 101 431 2089 882 49 35 -1 -1
38 102 431 1706 822 59 68 -1 -1
38 103 431 1934 829 46 47 -1 -1
38 104 431 1607 818 112 70 -1 -1
38 105 431 1620 805 136 86 -1 -1
38 106 431 1923 840 54 39 -1 -1
38 47 432 2070 1683 313 231 -1 -1
38 87 432 1597 793 147 98 -1 -1
38 96 432 2176 895 49 36 -1 -1
38 101 432 2089 882 49 35 -1 -1
38 102 432 1706 822 59 68 -1 -1
38 103 432 1934 829 46 47 -1 -1
38 104 432 1607 818 112 70 -1 -1
38 105 432 1620 805 136 86 -1 -1
38 106 432 1923 840 54 39 -1 -1
38 47 433 2070 1684 313 230 -1 -1
38 87 433 1577 791 156 99 -1 -1
38 96 433 2176 895 49 36 -1 -1
38 101 433 2086 881 48 34 -1 -1
38 102 433 1706 822 59 68 -1 -1
38 103 433 1934 829 46 47 -1 -1
38 104 433 1607 818 112 70 -1 -1
38 105 433 1620 805 136 86 -1 -1
38 106 433 1923 840 54 39 -1 -1
38 47 434 2071 1683 312 231 -1 -1
38 87 434 1562 789 161 102 -1 -1
38 96 434 2176 895 51 37 -1 -1
38 101 434 2083 882 50 33 -1 -1
38 103 434 1934 829 46 47 -1 -1
38 104 434 1607 818 112 70 -1 -1
38 105 434 1620 805 136 86 -1 -1
38 106 434 1923 840 54 39 -1 -1
38 47 435 2071 1683 312 231 -1 -1
38 87 435 1545 788 167 103 -1 -1
38 96 435 2176 895 51 37 -1 -1
38 101 435 2080 881 52 34 -1 -1
38 103 435 1931 828 45 45 -1 -1
38 107 435 1965 859 57 37 -1 -1
38 47 436 2070 1683 313 231 -1 -1
38 87 436 1529 788 169 102 -1 -1
38 96 436 2176 895 51 37 -1 -1
38 101 436 2075 884 54 31 -1 -1
38 103 436 1933 828 53 47 -1 -1
38 107 436 1960 861 54 36 -1 -1
38 47 437 2070 1684 313 230 -1 -1
38 87 437 1508 782 177 108 -1 -1
38 96 437 2177 896 52 36 -1 -1
38 101 437 2074 883 54 32 -1 -1
38 103 437 1933 826 61 50 -1 -1
38 107 437 1955 858 56 39 -1 -1
38 47 438 2070 1684 313 230 -1 -1
38 87 438 1487 785 132 102 -1 -1
38 96 438 2177 896 52 36 -1 -1
38 101 438 2070 885 57 30 -1 -1
38 103 438 1934 827 56 46 -1 -1
38 107 438 1951 856 56 42 -1 -1
38 108 438 1528 797 145 92 -1 -1
38 47 439 2070 1684 313 230 -1 -1
38 87 439 1473 774 188 114 -1 -1
38 96 439 2177 896 52 36 -1 -1
38 101 439 2067 884 58 31 -1 -1
38 103 439 1934 827 56 46 -1 -1
38 107 439 1951 856 56 42 -1 -1
38 108 439 1528 797 145 92 -1 -1
38 47 440 2070 1684 313 230 -1 -1
38 87 440 1453 774 190 113 -1 -1
38 96 440 2178 896 51 36 -1 -1
38 101 440 2066 885 56 31 -1 -1
38 103 440 1934 827 56 46 -1 -1
38 107 440 1944 855 58 40 -1 -1
38 108 440 1528 797 145 92 -1 -1
38 47 441 2070 1684 313 230 -1 -1
38 87 441 1433 772 193 115 -1 -1
38 96 441 2179 896 50 36 -1 -1
38 101 441 2063 880 53 34 -1 -1
38 103 441 1934 827 56 46 -1 -1
38 107 441 1944 855 58 40 -1 -1
38 108 441 1528 797 145 92 -1 -1
38 47 442 2070 1684 313 230 -1 -1
38 87 442 1409 769 200 118 -1 -1
38 96 442 2179 895 51 37 -1 -1
38 101 442 2060 881 54 34 -1 -1
38 107 442 1944 855 58 40 -1 -1
38 47 443 2070 1684 313 230 -1 -1
38 87 443 1388 766 207 121 -1 -1
38 96 443 2179 895 51 37 -1 -1
38 101 443 2059 879 52 36 -1 -1
38 107 443 1925 835 65 59 -1 -1
38 47 444 2070 1683 313 232 -1 -1
38 87 444 1365 762 216 125 -1 -1
38 96 444 2179 895 51 37 -1 -1
38 101 444 2055 881 54 34 -1 -1
38 107 444 1920 833 65 60 -1 -1
38 47 445 2070 1683 313 232 -1 -1
38 87 445 1341 762 225 124 -1 -1
38 96 445 2179 895 52 37 -1 -1
38 101 445 2055 881 54 34 -1 -1
38 107 445 1920 833 65 60 -1 -1
38 47 446 2070 1683 313 232 -1 -1
38 87 446 1313 756 231 129 -1 -1
38 96 446 2179 895 51 37 -1 -1
38 101 446 2049 882 57 34 -1 -1
38 107 446 1914 846 59 47 -1 -1
38 109 446 1935 826 46 47 -1 -1
38 47 447 2071 1683 312 232 -1 -1
38 87 447 1287 751 240 136 -1 -1
38 96 447 2180 895 50 37 -1 -1
38 101 447 2047 877 55 40 -1 -1
38 107 447 1904 842 67 50 -1 -1
38 109 447 1935 827 49 47 -1 -1
38 47 448 2071 1683 313 232 -1 -1
38 87 448 1258 745 249 142 -1 -1
38 96 448 2180 896 51 37 -1 -1
38 101 448 2044 877 58 41 -1 -1
38 107 448 1897 841 71 51 -1 -1
38 109 448 1934 827 47 45 -1 -1
38 47 449 2070 1683 314 232 -1 -1
38 87 449 1228 742 263 142 -1 -1
38 96 449 2180 896 50 37 -1 -1
38 101 449 2042 877 59 40 -1 -1
38 107 449 1889 838 72 54 -1 -1
38 109 449 1932 827 49 45 -1 -1
38 47 450 2070 1683 314 232 -1 -1
38 87 450 1199 739 272 142 -1 -1
38 96 450 2181 896 49 37 -1 -1
38 101 450 2036 880 62 38 -1 -1
38 107 450 1885 838 71 54 -1 -1
38 109 450 1936 827 42 46 -1 -1
38 47 451 2070 1683 314 232 -1 -1
38 87 451 1168 737 278 144 -1 -1
38 96 451 2182 897 49 37 -1 -1
38 101 451 2032 878 66 40 -1 -1
38 107 451 1881 841 70 51 -1 -1
38 109 451 1937 829 41 47 -1 -1
38 47 452 2070 1683 314 232 -1 -1
38 87 452 1132 732 288 148 -1 -1
38 96 452 2182 896 50 37 -1 -1
38 101 452 2029 877 65 42 -1 -1
38 107 452 1873 842 68 49 -1 -1
38 109 452 1936 829 44 48 -1 -1
38 47 453 2070 1683 314 232 -1 -1
38 87 453 1100 723 300 157 -1 -1
38 96 453 2183 896 49 37 -1 -1
38 101 453 2025 874 61 45 -1 -1
38 107 453 1864 840 75 51 -1 -1
38 109 453 1935 828 45 49 -1 -1
38 47 454 2070 1683 314 232 -1 -1
38 87 454 1066 720 317 159 -1 -1
38 96 454 2183 896 51 39 -1 -1
38 101 454 2021 875 61 45 -1 -1
38 107 454 1857 839 73 51 -1 -1
38 109 454 1931 828 47 49 -1 -1
38 110 454 1702 806 117 54 -1 -1
38 47 455 2070 1683 314 232 -1 -1
38 87 455 1029 713 326 166 -1 -1
38 96 455 2183 896 52 41 -1 -1
38 101 455 2019 876 58 44 -1 -1
38 107 455 1851 838 74 53 -1 -1
38 109 455 1928 828 50 50 -1 -1
38 110 455 1703 806 116 54 -1 -1
38 47 456 2070 1683 313 232 -1 -1
38 87 456 991 708 338 169 -1 -1
38 96 456 2183 896 51 38 -1 -1
38 101 456 2016 877 58 43 -1 -1
38 107 456 1841 839 74 52 -1 -1
38 109 456 1930 829 47 50 -1 -1
38 110 456 1703 806 116 54 -1 -1
