16 0 1 325 556 229 187 -1 -1
16 1 1 954 224 119 102 -1 -1
16 2 1 1593 392 240 114 -1 -1
16 0 2 314 562 236 189 -1 -1
16 1 2 954 223 119 98 -1 -1
16 2 2 1593 392 240 114 -1 -1
16 0 3 309 565 238 195 -1 -1
16 1 3 957 221 117 98 -1 -1
16 2 3 1593 393 235 112 -1 -1
16 0 4 303 572 238 195 -1 -1
16 1 4 956 214 120 102 -1 -1
16 2 4 1593 393 237 112 -1 -1
16 0 5 293 580 244 195 -1 -1
16 1 5 957 209 121 103 -1 -1
16 2 5 1593 393 237 112 -1 -1
16 3 5 293 581 245 193 -1 -1
16 0 6 285 585 250 194 -1 -1
16 1 6 958 205 120 104 -1 -1
16 2 6 1593 393 237 112 -1 -1
16 3 6 293 581 245 193 -1 -1
16 0 7 277 588 254 199 -1 -1
16 1 7 959 202 119 103 -1 -1
16 2 7 1593 393 237 112 -1 -1
16 3 7 293 581 245 193 -1 -1
16 0 8 270 592 254 202 -1 -1
16 1 8 960 201 118 101 -1 -1
16 2 8 1593 394 236 111 -1 -1
16 3 8 293 581 245 193 -1 -1
16 0 9 265 598 256 204 -1 -1
16 1 9 961 199 116 99 -1 -1
16 2 9 1593 392 232 113 -1 -1
16 0 10 259 604 258 203 -1 -1
16 1 10 962 197 115 99 -1 -1
16 2 10 1593 392 231 113 -1 -1
16 0 11 249 610 266 207 -1 -1
16 1 11 963 196 115 97 -1 -1
16 2 11 1593 392 239 114 -1 -1
16 0 12 241 612 267 215 -1 -1
16 1 12 964 192 115 99 -1 -1
16 2 12 1593 392 239 114 -1 -1
16 0 13 235 617 269 214 -1 -1
16 1 13 966 189 114 97 -1 -1
16 2 13 1593 392 243 114 -1 -1
16 4 13 513 194 86 40 -1 -1
16 0 14 225 621 275 220 -1 -1
16 1 14 968 187 112 97 -1 -1
16 2 14 1593 392 244 114 -1 -1
16 4 14 513 194 86 40 -1 -1
16 0 15 218 628 276 219 -1 -1
16 1 15 970 184 113 98 -1 -1
16 2 15 1592 392 245 114 -1 -1
16 4 15 514 194 85 40 -1 -1
16 0 16 212 634 281 219 -1 -1
16 1 16 972 183 113 95 -1 -1
16 2 16 1592 392 249 114 -1 -1
16 4 16 516 194 84 39 -1 -1
16 0 17 204 636 282 223 -1 -1
16 1 17 975 181 112 94 -1 -1
16 2 17 1592 392 251 114 -1 -1
16 4 17 514 194 86 40 -1 -1
16 5 17 204 635 283 226 -1 -1
16 0 18 193 640 289 227 -1 -1
16 1 18 977 179 112 94 -1 -1
16 2 18 1592 392 251 114 -1 -1
16 4 18 512 194 88 40 -1 -1
16 5 18 204 635 283 226 -1 -1
16 0 19 186 651 289 225 -1 -1
16 1 19 979 177 113 93 -1 -1
16 2 19 1592 392 254 114 -1 -1
16 4 19 511 194 89 39 -1 -1
16 5 19 204 635 283 226 -1 -1
16 0 20 179 656 292 227 -1 -1
16 1 20 982 177 111 91 -1 -1
16 2 20 1592 392 253 114 -1 -1
16 4 20 510 194 90 39 -1 -1
16 5 20 204 635 283 226 -1 -1
16 0 21 170 659 295 229 -1 -1
16 1 21 985 174 110 90 -1 -1
16 2 21 1592 392 253 114 -1 -1
16 4 21 512 194 88 40 -1 -1
16 0 22 163 660 298 236 -1 -1
16 1 22 988 172 111 90 -1 -1
16 2 22 1592 392 253 114 -1 -1
16 4 22 511 194 89 40 -1 -1
16 0 23 155 663 301 235 -1 -1
16 1 23 991 170 112 89 -1 -1
16 2 23 1593 391 235 115 -1 -1
16 4 23 513 194 87 40 -1 -1
16 0 24 145 667 306 236 -1 -1
16 1 24 996 167 111 90 -1 -1
16 2 24 1593 392 235 114 -1 -1
16 4 24 515 194 85 40 -1 -1
16 0 25 136 675 310 234 -1 -1
16 1 25 1000 165 111 90 -1 -1
16 2 25 1593 392 235 114 -1 -1
16 4 25 511 194 88 40 -1 -1
16 0 26 129 678 312 228 -1 -1
16 1 26 1003 164 113 88 -1 -1
16 2 26 1593 392 235 114 -1 -1
16 4 26 511 194 88 40 -1 -1
16 0 27 122 681 312 224 -1 -1
16 1 27 1009 161 112 88 -1 -1
16 2 27 1593 392 235 114 -1 -1
16 4 27 511 194 88 40 -1 -1
16 0 28 115 684 311 220 -1 -1
16 1 28 1015 159 111 88 -1 -1
16 4 28 510 194 89 40 -1 -1
16 0 29 106 687 318 216 -1 -1
16 1 29 1019 156 113 88 -1 -1
16 4 29 512 194 87 40 -1 -1
16 0 30 96 690 321 212 -1 -1
16 1 30 1024 157 113 86 -1 -1
16 4 30 512 194 87 40 -1 -1
16 0 31 91 699 322 196 -1 -1
16 1 31 1029 156 115 84 -1 -1
16 4 31 512 194 87 40 -1 -1
16 0 32 83 703 326 191 -1 -1
16 1 32 1037 154 113 84 -1 -1
16 4 32 512 194 87 40 -1 -1
16 0 33 76 705 327 190 -1 -1
16 1 33 1042 153 113 83 -1 -1
16 0 34 67 707 332 181 -1 -1
16 1 34 1050 152 111 82 -1 -1
16 0 35 59 711 335 179 -1 -1
16 1 35 1055 148 113 84 -1 -1
16 0 36 53 712 334 180 -1 -1
16 1 36 1062 145 113 84 -1 -1
16 0 37 43 714 339 177 -1 -1
16 1 37 1068 143 114 85 -1 -1
16 6 37 511 194 88 39 -1 -1
16 0 38 37 718 344 177 -1 -1
16 1 38 1076 140 113 86 -1 -1
16 6 38 511 194 89 39 -1 -1
16 0 39 31 722 346 176 -1 -1
16 1 39 1083 139 115 84 -1 -1
16 6 39 510 193 90 40 -1 -1
16 7 39 1593 392 248 114 -1 -1
16 0 40 24 726 349 173 -1 -1
16 1 40 1091 138 114 82 -1 -1
16 6 40 510 193 90 40 -1 -1
16 7 40 1593 392 246 114 -1 -1
16 0 41 17 730 352 171 -1 -1
16 1 41 1099 136 112 83 -1 -1
16 6 41 510 193 90 40 -1 -1
16 7 41 1593 392 246 114 -1 -1
16 0 42 9 734 349 161 -1 -1
16 1 42 1107 136 113 80 -1 -1
16 6 42 508 194 92 39 -1 -1
16 7 42 1593 392 246 114 -1 -1
16 0 43 1 734 352 171 -1 -1
16 1 43 1116 135 112 80 -1 -1
16 6 43 509 194 91 39 -1 -1
16 7 43 1593 392 246 114 -1 -1
16 0 44 0 735 350 180 -1 -1
16 1 44 1123 133 111 79 -1 -1
16 6 44 509 194 92 39 -1 -1
16 0 45 0 737 347 175 -1 -1
16 1 45 1131 132 111 78 -1 -1
16 6 45 509 194 92 39 -1 -1
16 0 46 0 737 345 177 -1 -1
16 1 46 1139 133 109 75 -1 -1
16 6 46 509 194 92 39 -1 -1
16 8 46 1593 392 240 114 -1 -1
16 0 47 0 737 345 177 -1 -1
16 1 47 1147 129 110 78 -1 -1
16 6 47 509 194 92 39 -1 -1
16 8 47 1592 391 243 115 -1 -1
16 0 48 1 748 332 169 -1 -1
16 1 48 1156 131 109 74 -1 -1
16 8 48 1592 391 248 115 -1 -1
16 0 49 0 748 336 266 -1 -1
16 1 49 1164 127 109 76 -1 -1
16 8 49 1592 392 247 114 -1 -1
16 0 50 0 748 331 269 -1 -1
16 1 50 1171 127 103 74 -1 -1
16 8 50 1592 392 251 114 -1 -1
16 0 51 0 752 324 272 -1 -1
16 1 51 1180 123 105 77 -1 -1
16 8 51 1592 392 251 114 -1 -1
16 0 52 0 755 312 265 -1 -1
16 1 52 1186 121 106 76 -1 -1
16 8 52 1592 392 251 114 -1 -1
16 0 53 0 755 312 265 -1 -1
16 1 53 1195 121 93 74 -1 -1
16 8 53 1592 392 251 114 -1 -1
16 0 54 0 755 312 265 -1 -1
16 1 54 1202 118 107 76 -1 -1
16 0 55 0 755 312 265 -1 -1
16 1 55 1211 116 108 77 -1 -1
16 9 55 1726 831 194 225 -1 -1
16 1 56 1218 118 103 73 -1 -1
16 9 56 1714 821 206 234 -1 -1
16 1 57 1225 117 102 72 -1 -1
16 9 57 1703 810 217 262 -1 -1
16 1 58 1233 118 90 67 -1 -1
16 9 58 1703 810 217 262 -1 -1
16 1 59 1242 116 82 67 -1 -1
16 9 59 1703 810 217 262 -1 -1
16 10 59 1593 391 243 115 -1 -1
16 11 59 1282 137 67 47 -1 -1
16 1 60 1249 116 84 66 -1 -1
16 9 60 1666 783 254 257 -1 -1
16 10 60 1593 391 246 115 -1 -1
16 11 60 1282 137 67 47 -1 -1
16 1 61 1249 116 84 66 -1 -1
16 9 61 1666 783 254 257 -1 -1
16 10 61 1594 393 243 112 -1 -1
16 11 61 1282 137 67 47 -1 -1
16 1 62 1263 112 83 68 -1 -1
16 9 62 1644 761 276 268 -1 -1
16 10 62 1594 393 241 112 -1 -1
16 11 62 1282 137 67 47 -1 -1
16 1 63 1270 109 121 69 -1 -1
16 9 63 1630 751 290 271 -1 -1
16 10 63 1594 393 244 112 -1 -1
16 1 64 1276 107 113 70 -1 -1
16 9 64 1617 738 303 263 -1 -1
16 10 64 1593 392 244 113 -1 -1
16 1 65 1284 106 108 69 -1 -1
16 9 65 1608 728 312 260 -1 -1
16 10 65 1593 392 243 113 -1 -1
16 1 66 1284 106 108 69 -1 -1
16 9 66 1589 718 331 267 -1 -1
16 10 66 1593 393 241 112 -1 -1
16 1 67 1301 103 98 69 -1 -1
16 9 67 1579 708 330 259 -1 -1
16 10 67 1593 393 242 112 -1 -1
16 1 68 1301 103 98 69 -1 -1
16 9 68 1567 704 334 252 -1 -1
16 10 68 1593 393 241 112 -1 -1
16 1 69 1301 103 98 69 -1 -1
16 9 69 1555 696 322 245 -1 -1
16 10 69 1593 393 240 112 -1 -1
16 1 70 1301 103 98 69 -1 -1
16 9 70 1543 684 317 242 -1 -1
16 10 70 1593 393 237 112 -1 -1
16 9 71 1530 677 314 237 -1 -1
16 10 71 1593 394 237 111 -1 -1
16 9 72 1516 666 308 234 -1 -1
16 10 72 1593 393 238 112 -1 -1
16 12 72 1326 95 101 70 -1 -1
16 13 72 1517 664 310 242 -1 -1
16 9 73 1508 658 301 230 -1 -1
16 10 73 1593 393 242 112 -1 -1
16 12 73 1326 96 110 66 -1 -1
16 13 73 1517 664 310 242 -1 -1
16 14 73 506 194 93 39 -1 -1
16 15 73 1445 72 47 41 -1 -1
16 9 74 1488 648 300 231 -1 -1
16 10 74 1593 392 243 113 -1 -1
16 12 74 1369 106 72 55 -1 -1
16 13 74 1517 664 310 242 -1 -1
16 14 74 506 194 93 39 -1 -1
16 15 74 1442 72 50 41 -1 -1
16 9 75 1473 638 297 225 -1 -1
16 10 75 1593 392 245 113 -1 -1
16 12 75 1357 94 86 65 -1 -1
16 13 75 1517 664 310 242 -1 -1
16 14 75 506 194 93 39 -1 -1
16 15 75 1440 72 52 42 -1 -1
16 9 76 1463 632 290 220 -1 -1
16 10 76 1592 393 244 112 -1 -1
16 12 76 1361 91 86 67 -1 -1
16 14 76 506 194 93 39 -1 -1
16 15 76 1442 72 50 43 -1 -1
16 9 77 1454 626 285 212 -1 -1
16 10 77 1592 393 248 112 -1 -1
16 12 77 1365 90 86 66 -1 -1
16 15 77 1434 71 58 44 -1 -1
16 9 78 1443 615 274 213 -1 -1
16 10 78 1592 393 246 112 -1 -1
16 12 78 1369 89 81 65 -1 -1
16 15 78 1442 72 50 42 -1 -1
16 16 78 510 194 90 38 -1 -1
16 9 79 1433 610 270 203 -1 -1
16 10 79 1592 392 246 113 -1 -1
16 12 79 1375 89 86 64 -1 -1
16 15 79 1443 71 49 43 -1 -1
16 16 79 510 194 90 38 -1 -1
16 9 80 1419 604 268 203 -1 -1
16 10 80 1592 392 247 113 -1 -1
16 12 80 1380 89 87 63 -1 -1
16 15 80 1441 71 52 45 -1 -1
16 16 80 510 194 90 38 -1 -1
16 9 81 1410 595 259 200 -1 -1
16 10 81 1593 392 242 113 -1 -1
16 12 81 1386 86 87 64 -1 -1
16 15 81 1441 71 52 45 -1 -1
16 16 81 510 194 90 38 -1 -1
16 9 82 1401 588 253 196 -1 -1
16 10 82 1593 393 245 112 -1 -1
16 12 82 1390 85 85 65 -1 -1
16 15 82 1444 72 48 43 -1 -1
16 9 83 1391 580 250 193 -1 -1
16 10 83 1592 393 246 112 -1 -1
16 12 83 1393 84 84 65 -1 -1
16 15 83 1445 71 47 45 -1 -1
16 9 84 1382 571 242 189 -1 -1
16 10 84 1593 393 241 112 -1 -1
16 12 84 1397 86 83 62 -1 -1
16 15 84 1445 71 47 45 -1 -1
16 9 85 1372 564 241 186 -1 -1
16 10 85 1593 393 242 112 -1 -1
16 12 85 1401 96 82 53 -1 -1
16 15 85 1445 71 47 45 -1 -1
16 9 86 1364 558 233 181 -1 -1
16 10 86 1593 393 241 112 -1 -1
16 12 86 1403 86 81 60 -1 -1
16 15 86 1445 71 47 45 -1 -1
16 17 86 1734 880 186 140 -1 -1
16 9 87 1355 552 232 180 -1 -1
16 10 87 1590 397 231 107 -1 -1
16 12 87 1403 86 81 60 -1 -1
16 17 87 1734 880 186 140 -1 -1
16 9 88 1346 543 225 178 -1 -1
16 10 88 1590 396 231 108 -1 -1
16 12 88 1403 86 81 60 -1 -1
16 17 88 1664 851 256 217 -1 -1
16 9 89 1337 537 223 173 -1 -1
16 10 89 1591 396 230 108 -1 -1
16 12 89 1403 86 81 60 -1 -1
16 17 89 1664 851 256 217 -1 -1
16 9 90 1330 528 216 170 -1 -1
16 10 90 1591 396 230 108 -1 -1
16 17 90 1664 851 256 217 -1 -1
16 9 91 1324 522 213 170 -1 -1
16 10 91 1593 393 239 112 -1 -1
16 17 91 1664 851 256 217 -1 -1
16 18 91 1404 97 73 45 -1 -1
16 19 91 1323 522 217 169 -1 -1
16 9 92 1316 517 208 165 -1 -1
16 10 92 1593 393 238 112 -1 -1
16 18 92 1402 94 73 45 -1 -1
16 19 92 1323 522 217 169 -1 -1
16 9 93 1309 513 205 160 -1 -1
16 10 93 1593 392 242 113 -1 -1
16 18 93 1398 91 78 47 -1 -1
16 19 93 1323 522 217 169 -1 -1
16 20 93 511 194 90 39 -1 -1
16 9 94 1300 501 205 163 -1 -1
16 10 94 1593 392 250 114 -1 -1
16 18 94 1400 94 73 44 -1 -1
16 19 94 1323 522 217 169 -1 -1
16 20 94 511 194 90 39 -1 -1
16 9 95 1294 495 200 160 -1 -1
16 10 95 1593 392 243 114 -1 -1
16 18 95 1397 91 76 45 -1 -1
16 20 95 511 194 90 39 -1 -1
16 21 95 1443 75 47 39 -1 -1
16 9 96 1289 487 195 159 -1 -1
16 10 96 1593 391 252 115 -1 -1
16 18 96 1394 84 75 52 -1 -1
16 20 96 511 194 90 39 -1 -1
16 21 96 1443 75 47 39 -1 -1
16 9 97 1283 480 191 157 -1 -1
16 10 97 1592 390 250 116 -1 -1
16 18 97 1390 80 72 58 -1 -1
16 21 97 1443 75 47 39 -1 -1
16 9 98 1277 472 189 154 -1 -1
16 10 98 1592 390 246 116 -1 -1
16 18 98 1390 80 72 58 -1 -1
16 21 98 1440 73 50 41 -1 -1
16 9 99 1268 466 189 148 -1 -1
16 10 99 1592 391 249 115 -1 -1
16 18 99 1390 80 72 58 -1 -1
16 21 99 1441 71 49 43 -1 -1
16 9 100 1265 457 183 150 -1 -1
16 10 100 1592 391 248 115 -1 -1
16 18 100 1390 80 72 58 -1 -1
16 21 100 1441 71 49 43 -1 -1
16 9 101 1259 450 182 148 -1 -1
16 10 101 1593 392 251 115 -1 -1
16 21 101 1441 71 49 43 -1 -1
16 9 102 1252 443 178 143 -1 -1
16 10 102 1593 392 249 115 -1 -1
16 21 102 1441 71 49 43 -1 -1
16 9 103 1243 434 179 145 -1 -1
16 10 103 1593 391 250 116 -1 -1
16 22 103 1301 75 108 57 -1 -1
16 9 104 1238 427 175 142 -1 -1
16 10 104 1593 391 249 116 -1 -1
16 22 104 1289 72 104 59 -1 -1
16 9 105 1229 420 173 141 -1 -1
16 10 105 1593 392 248 115 -1 -1
16 22 105 1273 73 118 57 -1 -1
16 9 106 1218 414 176 138 -1 -1
16 10 106 1593 392 250 115 -1 -1
16 22 106 1273 73 118 57 -1 -1
16 23 106 1520 789 379 235 -1 -1
16 9 107 1206 406 176 137 -1 -1
16 10 107 1593 391 248 116 -1 -1
16 22 107 1273 73 118 57 -1 -1
16 23 107 1485 755 412 254 -1 -1
16 9 108 1198 398 172 133 -1 -1
16 10 108 1593 391 250 116 -1 -1
16 22 108 1273 73 118 57 -1 -1
16 23 108 1463 710 409 286 -1 -1
16 24 108 1225 72 83 59 -1 -1
16 9 109 1186 390 173 134 -1 -1
16 10 109 1593 392 241 114 -1 -1
16 23 109 1463 710 409 286 -1 -1
16 24 109 1225 72 83 59 -1 -1
16 9 110 1174 381 173 133 -1 -1
16 10 110 1593 392 245 114 -1 -1
16 23 110 1463 710 409 286 -1 -1
16 24 110 1200 68 122 61 -1 -1
16 9 111 1159 375 172 129 -1 -1
16 10 111 1592 393 245 112 -1 -1
16 23 111 1419 701 370 249 -1 -1
16 24 111 1182 72 124 55 -1 -1
16 9 112 1148 369 171 128 -1 -1
16 10 112 1592 393 243 112 -1 -1
16 23 112 1392 700 380 232 -1 -1
16 24 112 1182 72 124 55 -1 -1
16 9 113 1135 362 168 126 -1 -1
16 10 113 1592 393 245 112 -1 -1
16 23 113 1377 669 369 250 -1 -1
16 24 113 1182 72 124 55 -1 -1
16 9 114 1127 354 164 125 -1 -1
16 10 114 1592 392 245 113 -1 -1
16 23 114 1368 680 364 215 -1 -1
16 24 114 1182 72 124 55 -1 -1
16 25 114 1129 78 96 47 -1 -1
16 9 115 1116 349 161 122 -1 -1
16 10 115 1592 392 244 113 -1 -1
16 23 115 1354 643 359 244 -1 -1
16 25 115 1111 77 107 48 -1 -1
16 9 116 1103 344 163 120 -1 -1
16 10 116 1592 392 245 113 -1 -1
16 23 116 1338 647 357 216 -1 -1
16 25 116 1093 74 127 51 -1 -1
16 9 117 1094 336 159 119 -1 -1
16 10 117 1592 391 250 114 -1 -1
16 23 117 1334 608 345 252 -1 -1
16 25 117 1080 78 121 47 -1 -1
16 9 118 1085 331 159 117 -1 -1
16 10 118 1592 392 250 113 -1 -1
16 23 118 1325 615 336 221 -1 -1
16 25 118 1061 76 97 49 -1 -1
16 9 119 1075 326 154 115 -1 -1
16 10 119 1592 392 252 113 -1 -1
16 23 119 1325 615 336 221 -1 -1
16 25 119 1041 78 93 47 -1 -1
16 9 120 1066 322 152 111 -1 -1
16 10 120 1592 392 249 113 -1 -1
16 23 120 1318 563 315 246 -1 -1
16 25 120 1026 77 91 48 -1 -1
16 26 120 1303 542 314 116 -1 -1
16 9 121 1060 316 146 110 -1 -1
16 10 121 1593 393 241 112 -1 -1
16 23 121 1310 571 310 239 -1 -1
16 25 121 1009 76 119 51 -1 -1
16 26 121 1303 542 314 116 -1 -1
16 9 122 1050 311 145 109 -1 -1
16 10 122 1591 396 230 108 -1 -1
16 23 122 1293 527 310 258 -1 -1
16 25 122 987 78 98 49 -1 -1
16 26 122 1303 542 314 116 -1 -1
16 9 123 1041 307 143 108 -1 -1
16 10 123 1590 397 230 107 -1 -1
16 23 123 1295 528 299 259 -1 -1
16 25 123 974 78 119 51 -1 -1
16 26 123 1303 542 314 116 -1 -1
16 9 124 1031 301 144 106 -1 -1
16 10 124 1590 397 230 107 -1 -1
16 23 124 1289 555 290 218 -1 -1
16 25 124 969 79 78 49 -1 -1
16 9 125 1026 295 138 107 -1 -1
16 10 125 1590 397 231 107 -1 -1
16 23 125 1278 510 291 234 -1 -1
16 25 125 969 79 78 49 -1 -1
16 9 126 1016 290 138 105 -1 -1
16 10 126 1590 397 231 107 -1 -1
16 23 126 1276 502 279 237 -1 -1
16 25 126 969 79 78 49 -1 -1
16 9 127 1010 285 137 105 -1 -1
16 10 127 1590 397 231 107 -1 -1
16 23 127 1270 495 279 223 -1 -1
16 25 127 969 79 78 49 -1 -1
16 9 128 1005 282 132 101 -1 -1
16 10 128 1590 397 231 107 -1 -1
16 23 128 1267 491 278 229 -1 -1
16 9 129 1001 277 129 100 -1 -1
16 10 129 1592 393 250 112 -1 -1
16 23 129 1265 486 268 229 -1 -1
16 9 130 996 272 128 99 -1 -1
16 10 130 1590 397 231 107 -1 -1
16 23 130 1261 478 261 214 -1 -1
16 9 131 994 268 124 101 -1 -1
16 10 131 1592 393 243 113 -1 -1
16 23 131 1255 471 260 220 -1 -1
16 9 132 990 266 125 95 -1 -1
16 10 132 1593 393 244 112 -1 -1
16 23 132 1252 470 255 217 -1 -1
16 27 132 509 194 91 39 -1 -1
16 9 133 989 260 122 96 -1 -1
16 10 133 1593 392 249 113 -1 -1
16 23 133 1244 461 252 217 -1 -1
16 27 133 509 194 91 39 -1 -1
16 9 134 989 256 119 95 -1 -1
16 10 134 1593 391 250 115 -1 -1
16 23 134 1244 461 252 217 -1 -1
16 27 134 509 194 91 39 -1 -1
16 9 135 987 252 118 94 -1 -1
16 10 135 1593 391 250 115 -1 -1
16 23 135 1242 442 240 183 -1 -1
16 27 135 513 194 87 39 -1 -1
16 9 136 986 247 116 95 -1 -1
16 10 136 1592 391 261 115 -1 -1
16 23 136 1240 439 234 201 -1 -1
16 27 136 512 194 88 39 -1 -1
16 9 137 986 245 114 92 -1 -1
16 10 137 1592 391 259 115 -1 -1
16 23 137 1237 429 234 207 -1 -1
16 27 137 512 194 88 39 -1 -1
16 9 138 986 243 113 89 -1 -1
16 10 138 1592 391 257 114 -1 -1
16 23 138 1229 423 230 181 -1 -1
16 27 138 510 194 90 39 -1 -1
16 9 139 987 237 112 92 -1 -1
16 10 139 1592 392 259 114 -1 -1
16 23 139 1224 417 232 196 -1 -1
16 27 139 511 194 90 40 -1 -1
16 9 140 986 235 111 88 -1 -1
16 10 140 1592 392 261 114 -1 -1
16 23 140 1224 410 224 196 -1 -1
16 27 140 511 194 90 40 -1 -1
16 9 141 987 232 108 89 -1 -1
16 10 141 1593 391 250 115 -1 -1
16 23 141 1222 402 220 194 -1 -1
16 27 141 511 194 90 40 -1 -1
16 9 142 986 230 109 85 -1 -1
16 10 142 1593 391 246 115 -1 -1
16 23 142 1216 394 215 191 -1 -1
16 27 142 511 194 90 40 -1 -1
16 9 143 986 226 107 86 -1 -1
16 10 143 1592 391 248 115 -1 -1
16 23 143 1214 388 210 188 -1 -1
16 9 144 985 223 107 85 -1 -1
16 10 144 1592 391 246 115 -1 -1
16 23 144 1207 380 213 181 -1 -1
16 9 145 986 219 106 85 -1 -1
16 10 145 1593 391 240 114 -1 -1
16 23 145 1201 373 208 182 -1 -1
16 9 146 987 217 103 82 -1 -1
16 10 146 1593 391 240 114 -1 -1
16 23 146 1200 369 205 179 -1 -1
16 9 147 987 215 102 81 -1 -1
16 10 147 1593 391 240 114 -1 -1
16 23 147 1198 357 200 175 -1 -1
16 9 148 987 211 100 81 -1 -1
16 10 148 1593 392 240 112 -1 -1
16 23 148 1194 350 199 173 -1 -1
16 9 149 986 209 101 79 -1 -1
16 10 149 1593 391 241 114 -1 -1
16 23 149 1191 345 194 173 -1 -1
16 9 150 989 205 101 82 -1 -1
16 10 150 1593 392 243 113 -1 -1
16 23 150 1191 336 189 150 -1 -1
16 9 151 990 202 100 80 -1 -1
16 10 151 1592 392 241 113 -1 -1
16 23 151 1187 331 187 150 -1 -1
16 9 152 992 199 103 79 -1 -1
16 10 152 1593 392 244 113 -1 -1
16 23 152 1184 324 183 133 -1 -1
16 9 153 993 195 103 79 -1 -1
16 10 153 1593 393 242 112 -1 -1
16 23 153 1179 319 183 157 -1 -1
16 9 154 996 193 101 79 -1 -1
16 10 154 1593 393 243 112 -1 -1
16 23 154 1176 313 179 156 -1 -1
16 9 155 997 191 103 78 -1 -1
16 10 155 1592 392 243 113 -1 -1
16 23 155 1173 307 175 158 -1 -1
16 9 156 1002 188 101 76 -1 -1
16 10 156 1592 392 245 113 -1 -1
16 23 156 1168 302 175 135 -1 -1
16 28 156 504 194 96 39 -1 -1
16 9 157 1004 186 102 76 -1 -1
16 10 157 1592 393 245 112 -1 -1
16 23 157 1166 296 174 118 -1 -1
16 28 157 504 194 96 39 -1 -1
16 9 158 1008 185 101 74 -1 -1
16 10 158 1592 393 246 112 -1 -1
16 23 158 1161 290 174 144 -1 -1
16 28 158 504 194 96 39 -1 -1
16 9 159 1014 183 100 73 -1 -1
16 10 159 1592 393 243 113 -1 -1
16 23 159 1158 287 171 150 -1 -1
16 28 159 504 194 96 39 -1 -1
16 9 160 1018 178 101 75 -1 -1
16 10 160 1593 393 241 112 -1 -1
16 23 160 1156 279 166 117 -1 -1
16 9 161 1024 176 99 74 -1 -1
16 10 161 1592 392 244 113 -1 -1
16 23 161 1152 275 166 115 -1 -1
16 29 161 1446 77 45 39 -1 -1
16 9 162 1028 175 100 73 -1 -1
16 10 162 1592 393 245 113 -1 -1
16 23 162 1151 271 162 126 -1 -1
16 29 162 1446 77 45 39 -1 -1
16 9 163 1033 173 101 71 -1 -1
16 10 163 1592 392 245 114 -1 -1
16 23 163 1148 266 159 142 -1 -1
16 29 163 1446 77 45 39 -1 -1
16 9 164 1039 170 101 71 -1 -1
16 10 164 1592 393 243 112 -1 -1
16 23 164 1143 262 159 138 -1 -1
16 29 164 1446 77 45 39 -1 -1
16 9 165 1045 170 103 70 -1 -1
16 10 165 1592 392 244 113 -1 -1
16 23 165 1140 255 158 121 -1 -1
16 9 166 1052 168 101 69 -1 -1
16 10 166 1592 392 238 114 -1 -1
16 23 166 1138 250 156 137 -1 -1
16 9 167 1058 165 102 69 -1 -1
16 10 167 1592 392 243 114 -1 -1
16 23 167 1135 245 154 136 -1 -1
16 9 168 1065 163 105 69 -1 -1
16 10 168 1592 392 243 114 -1 -1
16 23 168 1134 241 151 131 -1 -1
16 9 169 1073 161 101 67 -1 -1
16 10 169 1591 391 237 115 -1 -1
16 23 169 1132 237 150 88 -1 -1
16 9 170 1080 159 99 66 -1 -1
16 10 170 1591 391 239 115 -1 -1
16 23 170 1131 233 147 99 -1 -1
16 9 171 1087 158 103 65 -1 -1
16 10 171 1592 391 234 114 -1 -1
16 23 171 1129 227 145 124 -1 -1
16 30 171 1130 263 143 95 -1 -1
16 9 172 1096 156 102 63 -1 -1
16 10 172 1592 392 233 113 -1 -1
16 23 172 1126 225 142 123 -1 -1
16 30 172 1130 263 143 95 -1 -1
16 9 173 1105 154 101 65 -1 -1
16 10 173 1592 392 236 114 -1 -1
16 23 173 1125 220 139 124 -1 -1
16 30 173 1130 263 143 95 -1 -1
16 31 173 1120 215 131 43 -1 -1
16 9 174 1113 151 104 65 -1 -1
16 10 174 1592 392 237 114 -1 -1
16 23 174 1123 217 139 125 -1 -1
16 30 174 1130 263 143 95 -1 -1
16 31 174 1120 215 131 43 -1 -1
16 9 175 1121 149 103 64 -1 -1
16 10 175 1592 392 238 114 -1 -1
16 23 175 1125 247 132 88 -1 -1
16 31 175 1120 215 131 43 -1 -1
16 9 176 1127 146 105 66 -1 -1
16 10 176 1592 392 239 114 -1 -1
16 23 176 1125 247 132 88 -1 -1
16 31 176 1120 215 131 43 -1 -1
16 32 176 1128 146 101 65 -1 -1
16 9 177 1135 143 101 68 -1 -1
16 10 177 1592 392 237 114 -1 -1
16 23 177 1125 247 132 88 -1 -1
16 31 177 1117 207 138 77 -1 -1
16 32 177 1128 146 101 65 -1 -1
16 9 178 1145 142 100 68 -1 -1
16 10 178 1592 393 239 113 -1 -1
16 23 178 1125 247 132 88 -1 -1
16 31 178 1117 207 138 77 -1 -1
16 32 178 1128 146 101 65 -1 -1
16 9 179 1153 139 99 64 -1 -1
16 10 179 1593 393 236 113 -1 -1
16 31 179 1115 200 133 87 -1 -1
16 32 179 1128 146 101 65 -1 -1
16 9 180 1162 138 96 63 -1 -1
16 10 180 1592 392 239 114 -1 -1
16 31 180 1116 196 133 115 -1 -1
16 9 181 1169 134 101 65 -1 -1
16 10 181 1593 392 242 113 -1 -1
16 31 181 1116 195 128 112 -1 -1
16 33 181 1112 191 130 72 -1 -1
16 9 182 1177 132 97 65 -1 -1
16 10 182 1593 392 243 113 -1 -1
16 31 182 1112 189 133 72 -1 -1
16 33 182 1112 191 130 72 -1 -1
16 34 182 1122 242 125 60 -1 -1
16 9 183 1186 132 96 63 -1 -1
16 10 183 1593 392 243 113 -1 -1
16 31 183 1115 187 129 68 -1 -1
16 33 183 1112 191 130 72 -1 -1
16 34 183 1125 254 125 45 -1 -1
16 35 183 1614 757 306 303 -1 -1
16 9 184 1195 131 99 63 -1 -1
16 10 184 1593 392 242 113 -1 -1
16 31 184 1118 184 126 107 -1 -1
16 33 184 1112 191 130 72 -1 -1
16 34 184 1125 254 125 45 -1 -1
16 35 184 1614 757 306 303 -1 -1
16 9 185 1195 131 99 63 -1 -1
16 10 185 1593 392 243 113 -1 -1
16 31 185 1117 180 127 110 -1 -1
16 34 185 1125 254 125 45 -1 -1
16 35 185 1614 757 306 303 -1 -1
16 36 185 1124 109 99 53 -1 -1
16 37 185 0 783 252 228 -1 -1
16 9 186 1211 130 98 60 -1 -1
16 10 186 1592 392 248 113 -1 -1
16 31 186 1120 176 126 110 -1 -1
16 34 186 1125 254 125 45 -1 -1
16 35 186 1614 757 306 303 -1 -1
16 36 186 1111 102 109 62 -1 -1
16 37 186 0 783 254 221 -1 -1
16 38 186 1122 178 120 84 -1 -1
16 9 187 1220 129 95 59 -1 -1
16 10 187 1592 392 243 113 -1 -1
16 31 187 1123 178 131 105 -1 -1
16 35 187 1583 719 337 303 -1 -1
16 36 187 1101 109 117 58 -1 -1
16 37 187 0 782 256 230 -1 -1
16 38 187 1122 178 120 84 -1 -1
16 9 188 1226 127 99 62 -1 -1
16 10 188 1592 392 244 113 -1 -1
16 31 188 1123 178 131 105 -1 -1
16 35 188 1573 713 347 308 -1 -1
16 36 188 1101 109 117 58 -1 -1
16 37 188 0 782 256 230 -1 -1
16 38 188 1122 178 120 84 -1 -1
16 9 189 1235 117 100 69 -1 -1
16 10 189 1592 392 251 113 -1 -1
16 31 189 1133 172 118 101 -1 -1
16 35 189 1573 702 347 294 -1 -1
16 36 189 1101 109 117 58 -1 -1
16 37 189 0 783 255 232 -1 -1
16 38 189 1122 178 120 84 -1 -1
16 9 190 1235 117 100 69 -1 -1
16 10 190 1593 392 247 113 -1 -1
16 31 190 1138 164 117 69 -1 -1
16 35 190 1559 688 361 312 -1 -1
16 36 190 1101 109 117 58 -1 -1
16 37 190 0 800 262 266 -1 -1
16 39 190 1559 710 361 307 -1 -1
16 9 191 1235 117 100 69 -1 -1
16 10 191 1593 392 247 113 -1 -1
16 31 191 1139 160 122 106 -1 -1
16 35 191 1556 683 364 288 -1 -1
16 37 191 0 800 262 274 -1 -1
16 39 191 1559 710 361 307 -1 -1
16 40 191 507 194 94 41 -1 -1
16 9 192 1260 125 89 57 -1 -1
16 10 192 1593 392 246 113 -1 -1
16 31 192 1146 159 121 104 -1 -1
16 35 192 1548 672 370 301 -1 -1
16 37 192 0 796 262 284 -1 -1
16 39 192 1547 695 373 294 -1 -1
16 40 192 506 194 94 40 -1 -1
16 9 193 1260 125 89 57 -1 -1
16 10 193 1592 392 247 113 -1 -1
16 31 193 1152 158 121 101 -1 -1
16 35 193 1531 663 381 286 -1 -1
16 37 193 0 796 259 281 -1 -1
16 39 193 1547 695 373 294 -1 -1
16 40 193 513 193 86 40 -1 -1
16 9 194 1276 115 110 65 -1 -1
16 10 194 1592 392 240 113 -1 -1
16 31 194 1152 158 121 101 -1 -1
16 35 194 1528 656 361 289 -1 -1
16 37 194 0 796 259 282 -1 -1
16 39 194 1547 695 373 294 -1 -1
16 40 194 515 194 84 39 -1 -1
16 9 195 1276 115 110 65 -1 -1
16 10 195 1592 392 238 113 -1 -1
16 31 195 1162 153 123 100 -1 -1
16 35 195 1528 656 361 289 -1 -1
16 37 195 0 795 258 285 -1 -1
16 39 195 1547 695 373 294 -1 -1
16 40 195 516 195 84 38 -1 -1
16 9 196 1296 114 96 60 -1 -1
16 10 196 1592 392 242 113 -1 -1
16 31 196 1170 153 122 97 -1 -1
16 35 196 1514 646 345 275 -1 -1
16 37 196 0 795 256 285 -1 -1
16 40 196 516 194 84 39 -1 -1
16 9 197 1303 112 91 61 -1 -1
16 10 197 1592 392 243 113 -1 -1
16 31 197 1178 151 122 95 -1 -1
16 35 197 1499 636 339 278 -1 -1
16 37 197 0 795 258 285 -1 -1
16 40 197 515 194 85 40 -1 -1
16 9 198 1303 112 91 61 -1 -1
16 10 198 1592 392 243 113 -1 -1
16 31 198 1184 151 123 92 -1 -1
16 35 198 1491 626 335 272 -1 -1
16 37 198 0 796 255 284 -1 -1
16 40 198 516 194 84 39 -1 -1
16 9 199 1303 112 91 61 -1 -1
16 10 199 1592 392 241 113 -1 -1
16 31 199 1192 151 123 90 -1 -1
16 35 199 1479 617 341 272 -1 -1
16 37 199 0 797 257 283 -1 -1
16 40 199 516 194 84 39 -1 -1
16 9 200 1303 112 91 61 -1 -1
16 10 200 1591 392 246 113 -1 -1
16 31 200 1201 155 124 83 -1 -1
16 35 200 1472 610 330 259 -1 -1
16 37 200 0 798 253 282 -1 -1
16 40 200 516 194 84 39 -1 -1
16 10 201 1592 392 236 113 -1 -1
16 31 201 1209 143 126 91 -1 -1
16 35 201 1465 602 319 259 -1 -1
16 37 201 0 796 246 282 -1 -1
16 40 201 512 193 87 41 -1 -1
16 41 201 1356 117 64 50 -1 -1
16 10 202 1592 392 237 113 -1 -1
16 31 202 1220 140 131 91 -1 -1
16 35 202 1457 593 316 256 -1 -1
16 37 202 0 796 246 282 -1 -1
16 40 202 512 193 87 41 -1 -1
16 41 202 1356 117 69 47 -1 -1
16 42 202 1353 109 68 55 -1 -1
16 10 203 1591 392 240 114 -1 -1
16 31 203 1220 140 131 91 -1 -1
16 35 203 1449 585 311 247 -1 -1
16 37 203 0 798 228 282 -1 -1
16 40 203 513 193 86 41 -1 -1
16 41 203 1356 109 78 53 -1 -1
16 42 203 1353 109 68 55 -1 -1
16 10 204 1592 392 239 114 -1 -1
16 31 204 1236 143 122 82 -1 -1
16 35 204 1441 579 301 245 -1 -1
16 37 204 0 797 229 283 -1 -1
16 40 204 510 193 89 41 -1 -1
16 41 204 1357 105 83 56 -1 -1
16 42 204 1353 109 68 55 -1 -1
16 43 204 1236 160 111 64 -1 -1
16 10 205 1592 392 239 114 -1 -1
16 31 205 1248 140 121 82 -1 -1
16 35 205 1433 573 298 226 -1 -1
16 37 205 0 797 229 283 -1 -1
16 40 205 510 193 89 41 -1 -1
16 41 205 1363 104 82 55 -1 -1
16 42 205 1363 103 82 57 -1 -1
16 43 205 1236 160 111 64 -1 -1
16 10 206 1592 392 239 114 -1 -1
16 31 206 1258 134 121 84 -1 -1
16 35 206 1423 566 293 235 -1 -1
16 37 206 0 797 229 283 -1 -1
16 40 206 510 193 89 41 -1 -1
16 41 206 1364 101 89 58 -1 -1
16 42 206 1363 103 82 57 -1 -1
16 43 206 1236 160 111 64 -1 -1
16 10 207 1592 392 242 114 -1 -1
16 31 207 1269 137 125 79 -1 -1
16 35 207 1416 561 283 229 -1 -1
16 37 207 0 804 213 276 -1 -1
16 40 207 510 193 89 41 -1 -1
16 41 207 1368 101 90 56 -1 -1
16 42 207 1363 103 82 57 -1 -1
16 43 207 1236 160 111 64 -1 -1
16 44 207 1443 70 48 44 -1 -1
16 10 208 1592 392 241 114 -1 -1
16 31 208 1279 142 124 71 -1 -1
16 35 208 1406 559 283 199 -1 -1
16 37 208 0 804 206 276 -1 -1
16 41 208 1374 98 93 57 -1 -1
16 42 208 1363 103 82 57 -1 -1
16 44 208 1442 71 49 42 -1 -1
16 10 209 1591 392 242 114 -1 -1
16 31 209 1292 130 121 77 -1 -1
16 35 209 1397 545 281 222 -1 -1
16 37 209 0 807 201 273 -1 -1
16 41 209 1381 96 89 57 -1 -1
16 44 209 1442 71 49 44 -1 -1
16 10 210 1591 392 241 114 -1 -1
16 31 210 1292 130 121 77 -1 -1
16 35 210 1391 539 274 221 -1 -1
16 37 210 0 812 188 268 -1 -1
16 41 210 1390 95 83 56 -1 -1
16 44 210 1444 70 47 46 -1 -1
16 10 211 1592 393 239 113 -1 -1
16 31 211 1310 123 119 80 -1 -1
16 35 211 1386 535 259 199 -1 -1
16 37 211 0 812 188 268 -1 -1
16 41 211 1392 95 84 55 -1 -1
16 44 211 1444 72 48 44 -1 -1
16 45 211 513 194 87 40 -1 -1
16 10 212 1591 393 240 113 -1 -1
16 31 212 1325 122 117 79 -1 -1
16 35 212 1375 525 266 212 -1 -1
16 37 212 0 812 188 268 -1 -1
16 41 212 1398 95 87 56 -1 -1
16 44 212 1441 71 50 44 -1 -1
16 45 212 513 194 87 40 -1 -1
16 10 213 1591 392 241 114 -1 -1
16 31 213 1333 136 108 64 -1 -1
16 35 213 1369 519 259 213 -1 -1
16 37 213 0 812 188 268 -1 -1
16 41 213 1385 95 101 53 -1 -1
16 44 213 1441 71 50 44 -1 -1
16 45 213 513 194 87 40 -1 -1
16 46 213 1368 519 257 180 -1 -1
16 10 214 1591 393 240 113 -1 -1
16 31 214 1345 129 111 68 -1 -1
16 35 214 1358 514 258 200 -1 -1
16 41 214 1385 95 101 53 -1 -1
16 44 214 1441 71 50 44 -1 -1
16 45 214 513 194 87 40 -1 -1
16 46 214 1368 519 257 180 -1 -1
16 10 215 1591 393 237 113 -1 -1
16 31 215 1345 129 111 68 -1 -1
16 35 215 1351 510 246 196 -1 -1
16 41 215 1385 95 101 53 -1 -1
16 44 215 1441 71 50 44 -1 -1
16 45 215 513 194 87 40 -1 -1
16 46 215 1368 519 257 180 -1 -1
16 10 216 1591 393 237 113 -1 -1
16 31 216 1362 113 115 81 -1 -1
16 35 216 1345 500 245 197 -1 -1
16 41 216 1385 95 101 53 -1 -1
16 45 216 513 194 87 40 -1 -1
16 46 216 1368 519 257 180 -1 -1
16 10 217 1590 391 243 115 -1 -1
16 31 217 1373 116 120 75 -1 -1
16 35 217 1335 494 238 190 -1 -1
16 41 217 1388 100 101 55 -1 -1
16 10 218 1590 391 243 115 -1 -1
16 31 218 1373 116 120 75 -1 -1
16 35 218 1329 489 236 189 -1 -1
16 41 218 1395 100 95 51 -1 -1
16 10 219 1590 392 240 113 -1 -1
16 31 219 1392 111 120 72 -1 -1
16 35 219 1321 485 228 185 -1 -1
16 41 219 1395 100 95 51 -1 -1
16 10 220 1591 392 239 113 -1 -1
16 31 220 1392 111 120 72 -1 -1
16 35 220 1313 475 229 181 -1 -1
16 41 220 1395 100 95 51 -1 -1
16 10 221 1592 392 237 113 -1 -1
16 31 221 1392 111 120 72 -1 -1
16 35 221 1305 468 227 183 -1 -1
16 41 221 1395 100 95 51 -1 -1
16 10 222 1592 393 236 112 -1 -1
16 31 222 1392 111 120 72 -1 -1
16 35 222 1299 465 219 176 -1 -1
16 10 223 1592 393 236 112 -1 -1
16 35 223 1292 455 222 175 -1 -1
16 10 224 1592 393 234 112 -1 -1
16 35 224 1287 447 210 175 -1 -1
16 47 224 1445 73 51 43 -1 -1
16 10 225 1592 393 234 112 -1 -1
16 35 225 1281 442 207 163 -1 -1
16 47 225 1445 73 51 43 -1 -1
16 10 226 1593 393 234 112 -1 -1
16 35 226 1275 435 209 167 -1 -1
16 47 226 1445 73 51 43 -1 -1
16 10 227 1592 393 236 112 -1 -1
16 35 227 1270 427 201 170 -1 -1
16 47 227 1445 73 51 43 -1 -1
16 10 228 1592 393 236 112 -1 -1
16 35 228 1265 422 199 164 -1 -1
16 48 228 1327 83 96 49 -1 -1
16 49 228 666 189 159 69 -1 -1
16 10 229 1592 393 243 112 -1 -1
16 35 229 1260 418 195 161 -1 -1
16 48 229 1313 83 101 51 -1 -1
16 49 229 660 184 171 78 -1 -1
16 10 230 1592 393 240 113 -1 -1
16 35 230 1255 407 193 160 -1 -1
16 48 230 1293 82 106 56 -1 -1
16 49 230 660 184 171 78 -1 -1
16 10 231 1592 393 239 112 -1 -1
16 35 231 1252 399 188 162 -1 -1
16 48 231 1282 81 112 52 -1 -1
16 49 231 660 184 171 78 -1 -1
16 10 232 1592 394 238 111 -1 -1
16 35 232 1247 393 186 159 -1 -1
16 48 232 1267 81 103 49 -1 -1
16 49 232 660 184 171 78 -1 -1
16 50 232 511 195 87 38 -1 -1
16 10 233 1592 393 237 112 -1 -1
16 35 233 1244 389 181 150 -1 -1
16 48 233 1233 80 127 52 -1 -1
16 50 233 511 195 87 38 -1 -1
16 10 234 1592 393 238 112 -1 -1
16 35 234 1239 383 179 154 -1 -1
16 48 234 1227 76 121 60 -1 -1
16 50 234 511 195 87 38 -1 -1
16 51 234 632 189 170 92 -1 -1
16 10 235 1592 393 238 111 -1 -1
16 35 235 1235 376 178 152 -1 -1
16 48 235 1214 81 118 54 -1 -1
16 50 235 511 195 87 38 -1 -1
16 51 235 632 189 170 92 -1 -1
16 10 236 1592 393 238 112 -1 -1
16 35 236 1229 369 177 144 -1 -1
16 48 236 1214 81 118 54 -1 -1
16 51 236 632 189 170 92 -1 -1
16 10 237 1592 393 237 111 -1 -1
16 35 237 1227 362 173 147 -1 -1
16 48 237 1175 80 118 50 -1 -1
16 51 237 632 189 170 92 -1 -1
16 10 238 1592 393 237 112 -1 -1
16 35 238 1224 355 170 146 -1 -1
16 48 238 1153 82 120 46 -1 -1
16 52 238 513 196 85 37 -1 -1
16 10 239 1592 393 238 112 -1 -1
16 35 239 1220 349 170 144 -1 -1
16 48 239 1136 84 120 44 -1 -1
16 52 239 519 197 81 36 -1 -1
16 10 240 1592 393 236 112 -1 -1
16 35 240 1217 344 166 139 -1 -1
16 48 240 1136 84 120 44 -1 -1
16 52 240 517 196 85 37 -1 -1
16 10 241 1593 391 232 114 -1 -1
16 35 241 1212 336 167 141 -1 -1
16 48 241 1098 87 113 38 -1 -1
16 52 241 517 197 85 36 -1 -1
16 10 242 1593 392 233 113 -1 -1
16 35 242 1208 331 165 137 -1 -1
16 48 242 1080 86 115 40 -1 -1
16 52 242 518 198 81 35 -1 -1
16 10 243 1593 392 232 113 -1 -1
16 35 243 1206 325 161 136 -1 -1
16 48 243 1058 85 119 41 -1 -1
16 52 243 528 197 71 36 -1 -1
16 53 243 888 913 352 167 -1 -1
16 10 244 1592 392 234 113 -1 -1
16 35 244 1204 321 159 134 -1 -1
16 48 244 1041 85 117 41 -1 -1
16 52 244 530 198 64 34 -1 -1
16 53 244 907 904 385 170 -1 -1
16 10 245 1593 392 233 114 -1 -1
16 35 245 1202 316 156 130 -1 -1
16 48 245 1022 87 114 41 -1 -1
16 52 245 530 198 64 34 -1 -1
16 53 245 926 881 384 199 -1 -1
16 10 246 1593 392 233 113 -1 -1
16 35 246 1199 309 154 130 -1 -1
16 48 246 1000 88 114 40 -1 -1
16 52 246 530 198 64 34 -1 -1
16 53 246 943 865 417 215 -1 -1
16 10 247 1592 392 235 113 -1 -1
16 35 247 1194 305 153 129 -1 -1
16 48 247 976 88 120 41 -1 -1
16 52 247 537 198 53 33 -1 -1
16 53 247 959 852 439 213 -1 -1
16 10 248 1592 392 235 114 -1 -1
16 35 248 1190 300 153 128 -1 -1
16 48 248 971 87 105 40 -1 -1
16 52 248 523 197 65 35 -1 -1
16 53 248 980 820 448 260 -1 -1
16 10 249 1592 392 236 114 -1 -1
16 35 249 1187 295 152 126 -1 -1
16 48 249 971 87 105 40 -1 -1
16 52 249 523 197 65 35 -1 -1
16 53 249 996 809 430 271 -1 -1
16 10 250 1592 392 236 114 -1 -1
16 35 250 1184 290 150 125 -1 -1
16 48 250 971 87 105 40 -1 -1
16 52 250 523 197 65 35 -1 -1
16 53 250 1011 796 437 284 -1 -1
16 54 250 586 242 162 101 -1 -1
16 10 251 1592 391 235 114 -1 -1
16 35 251 1181 286 148 124 -1 -1
16 48 251 971 87 105 40 -1 -1
16 52 251 523 197 65 35 -1 -1
16 53 251 1027 776 437 304 -1 -1
16 54 251 586 242 162 101 -1 -1
16 10 252 1592 391 237 115 -1 -1
16 35 252 1178 280 145 122 -1 -1
16 53 252 1040 771 423 309 -1 -1
16 54 252 586 242 162 101 -1 -1
16 10 253 1593 392 231 113 -1 -1
16 35 253 1174 276 145 120 -1 -1
16 53 253 1045 753 437 327 -1 -1
16 54 253 586 242 162 101 -1 -1
16 10 254 1593 392 233 113 -1 -1
16 35 254 1172 272 144 120 -1 -1
16 53 254 1057 745 428 335 -1 -1
16 55 254 1056 780 417 300 -1 -1
16 56 254 1448 67 57 47 -1 -1
16 10 255 1593 392 232 113 -1 -1
16 35 255 1169 268 143 119 -1 -1
16 53 255 1066 746 415 324 -1 -1
16 55 255 1066 753 404 321 -1 -1
16 56 255 1449 65 62 50 -1 -1
16 10 256 1593 392 233 112 -1 -1
16 35 256 1165 263 141 118 -1 -1
16 53 256 1078 749 386 293 -1 -1
16 55 256 1066 753 404 321 -1 -1
16 56 256 1449 65 62 50 -1 -1
16 10 257 1593 392 232 113 -1 -1
16 35 257 1162 259 139 112 -1 -1
16 53 257 1081 733 379 306 -1 -1
16 55 257 1066 753 404 321 -1 -1
16 56 257 1449 65 62 50 -1 -1
16 10 258 1593 392 233 112 -1 -1
16 35 258 1160 255 137 112 -1 -1
16 53 258 1087 729 366 286 -1 -1
16 55 258 1066 753 404 321 -1 -1
16 56 258 1444 70 58 47 -1 -1
16 10 259 1593 392 232 113 -1 -1
16 35 259 1156 251 138 113 -1 -1
16 53 259 1087 721 362 287 -1 -1
16 56 259 1438 72 54 44 -1 -1
16 57 259 1433 74 59 44 -1 -1
16 10 260 1593 392 232 113 -1 -1
16 35 260 1154 248 135 111 -1 -1
16 53 260 1089 709 351 278 -1 -1
16 56 260 1421 71 70 48 -1 -1
16 57 260 1433 74 59 44 -1 -1
16 10 261 1592 392 241 113 -1 -1
16 35 261 1152 243 134 109 -1 -1
16 53 261 1088 703 345 271 -1 -1
16 56 261 1410 67 81 52 -1 -1
16 57 261 1433 74 59 44 -1 -1
16 10 262 1592 392 240 113 -1 -1
16 35 262 1149 239 134 107 -1 -1
16 53 262 1089 689 341 270 -1 -1
16 56 262 1410 67 81 52 -1 -1
16 57 262 1433 74 59 44 -1 -1
16 10 263 1592 392 241 113 -1 -1
16 35 263 1147 236 130 107 -1 -1
16 53 263 1088 685 339 262 -1 -1
16 56 263 1441 71 50 46 -1 -1
16 10 264 1592 392 240 113 -1 -1
16 35 264 1145 232 128 107 -1 -1
16 53 264 1089 678 331 252 -1 -1
16 56 264 1422 68 68 51 -1 -1
16 58 264 1384 66 106 56 -1 -1
16 59 264 527 175 211 70 -1 -1
16 10 265 1591 393 245 112 -1 -1
16 35 265 1141 229 128 105 -1 -1
16 53 265 1085 666 326 252 -1 -1
16 56 265 1424 70 67 49 -1 -1
16 58 265 1376 69 112 53 -1 -1
16 59 265 527 175 211 70 -1 -1
16 60 265 536 321 186 87 -1 -1
16 10 266 1592 393 241 112 -1 -1
16 35 266 1140 226 126 103 -1 -1
16 53 266 1086 660 313 240 -1 -1
16 56 266 1424 70 67 49 -1 -1
16 58 266 1368 70 83 54 -1 -1
16 59 266 527 175 211 70 -1 -1
16 60 266 536 321 186 87 -1 -1
16 10 267 1591 393 241 112 -1 -1
16 35 267 1138 223 128 101 -1 -1
16 53 267 1083 651 312 240 -1 -1
16 56 267 1424 70 67 49 -1 -1
16 58 267 1361 72 72 52 -1 -1
16 59 267 527 175 211 70 -1 -1
16 60 267 536 321 186 87 -1 -1
16 10 268 1590 393 243 112 -1 -1
16 35 268 1133 218 127 101 -1 -1
16 53 268 1081 643 308 230 -1 -1
16 56 268 1424 70 67 49 -1 -1
16 58 268 1346 71 82 53 -1 -1
16 60 268 536 321 186 87 -1 -1
16 10 269 1591 393 243 112 -1 -1
16 35 269 1132 216 123 100 -1 -1
16 53 269 1080 635 298 229 -1 -1
16 58 269 1338 73 81 53 -1 -1
16 10 270 1591 393 242 113 -1 -1
16 35 270 1131 212 121 101 -1 -1
16 53 270 1076 628 290 226 -1 -1
16 58 270 1338 73 81 53 -1 -1
16 61 270 1075 629 291 207 -1 -1
16 10 271 1592 393 251 113 -1 -1
16 35 271 1130 208 119 100 -1 -1
16 53 271 1072 618 288 221 -1 -1
16 58 271 1338 73 81 53 -1 -1
16 61 271 1075 629 291 207 -1 -1
16 62 271 851 62 80 36 -1 -1
16 63 271 507 199 219 70 -1 -1
16 10 272 1592 394 251 112 -1 -1
16 35 272 1128 204 118 100 -1 -1
16 53 272 1070 611 284 218 -1 -1
16 58 272 1338 73 81 53 -1 -1
16 61 272 1075 629 291 207 -1 -1
16 62 272 851 62 80 36 -1 -1
16 63 272 507 199 219 70 -1 -1
16 64 272 1447 69 45 44 -1 -1
16 10 273 1592 394 251 112 -1 -1
16 35 273 1127 202 117 97 -1 -1
16 53 273 1066 604 279 210 -1 -1
16 61 273 1075 629 291 207 -1 -1
16 62 273 869 62 80 45 -1 -1
16 63 273 507 199 219 70 -1 -1
16 64 273 1447 69 45 43 -1 -1
16 10 274 1592 394 251 112 -1 -1
16 35 274 1126 200 116 96 -1 -1
16 53 274 1062 595 275 212 -1 -1
16 62 274 878 65 80 32 -1 -1
16 63 274 507 199 219 70 -1 -1
16 64 274 1447 69 45 43 -1 -1
16 10 275 1592 393 251 113 -1 -1
16 35 275 1125 196 117 95 -1 -1
16 53 275 1060 589 270 199 -1 -1
16 62 275 878 65 80 32 -1 -1
16 64 275 1447 69 45 43 -1 -1
16 10 276 1592 394 246 111 -1 -1
16 35 276 1125 193 117 95 -1 -1
16 53 276 1057 582 263 202 -1 -1
16 62 276 878 65 80 32 -1 -1
16 64 276 1447 69 45 43 -1 -1
16 10 277 1593 392 242 113 -1 -1
16 35 277 1126 188 116 97 -1 -1
16 53 277 1055 576 258 194 -1 -1
16 62 277 878 65 80 32 -1 -1
16 65 277 925 66 107 64 -1 -1
16 10 278 1593 392 241 113 -1 -1
16 35 278 1129 187 113 94 -1 -1
16 53 278 1052 567 255 194 -1 -1
16 65 278 945 67 96 63 -1 -1
16 66 278 1270 81 86 55 -1 -1
16 10 279 1593 392 239 113 -1 -1
16 35 279 1130 185 114 92 -1 -1
16 53 279 1049 560 250 190 -1 -1
16 65 279 958 65 96 64 -1 -1
16 66 279 1260 80 79 60 -1 -1
16 10 280 1593 392 240 113 -1 -1
16 35 280 1132 181 112 92 -1 -1
16 53 280 1047 552 246 186 -1 -1
16 65 280 969 67 92 64 -1 -1
16 66 280 1252 81 83 60 -1 -1
16 10 281 1593 391 238 114 -1 -1
16 35 281 1135 180 110 89 -1 -1
16 53 281 1046 546 241 182 -1 -1
16 65 281 971 66 99 64 -1 -1
16 66 281 1234 82 89 63 -1 -1
16 10 282 1593 391 238 114 -1 -1
16 35 282 1138 178 110 89 -1 -1
16 53 282 1045 540 238 182 -1 -1
16 65 282 974 65 107 66 -1 -1
16 66 282 1226 82 95 66 -1 -1
16 10 283 1593 391 240 114 -1 -1
16 35 283 1141 175 110 89 -1 -1
16 53 283 1042 536 235 175 -1 -1
16 65 283 981 66 108 65 -1 -1
16 66 283 1219 84 89 64 -1 -1
16 67 283 1042 536 234 166 -1 -1
16 10 284 1593 392 239 113 -1 -1
16 35 284 1146 174 111 87 -1 -1
16 53 284 1041 528 230 172 -1 -1
16 65 284 988 66 109 66 -1 -1
16 66 284 1207 85 90 65 -1 -1
16 67 284 1042 536 234 166 -1 -1
16 10 285 1593 392 239 113 -1 -1
16 35 285 1150 172 112 85 -1 -1
16 53 285 1040 521 226 175 -1 -1
16 65 285 1006 65 99 69 -1 -1
16 66 285 1195 88 96 63 -1 -1
16 67 285 1042 536 234 166 -1 -1
16 10 286 1593 392 242 113 -1 -1
16 35 286 1155 171 112 82 -1 -1
16 53 286 1038 515 223 169 -1 -1
16 65 286 1017 66 94 68 -1 -1
16 66 286 1182 90 92 62 -1 -1
16 67 286 1042 536 234 166 -1 -1
16 10 287 1593 392 242 113 -1 -1
16 35 287 1161 166 112 85 -1 -1
16 53 287 1038 507 220 166 -1 -1
16 65 287 1026 67 94 68 -1 -1
16 66 287 1170 91 97 64 -1 -1
16 68 287 1043 74 77 61 -1 -1
16 10 288 1593 392 240 113 -1 -1
16 35 288 1165 164 114 85 -1 -1
16 53 288 1037 502 217 166 -1 -1
16 65 288 1048 76 78 61 -1 -1
16 66 288 1155 93 96 64 -1 -1
16 68 288 1043 74 77 61 -1 -1
16 69 288 503 193 98 40 -1 -1
16 10 289 1593 392 240 113 -1 -1
16 35 289 1173 163 112 82 -1 -1
16 53 289 1037 496 212 162 -1 -1
16 65 289 1047 70 84 68 -1 -1
16 66 289 1145 93 99 66 -1 -1
16 68 289 1043 74 77 61 -1 -1
16 69 289 503 193 98 40 -1 -1
16 10 290 1593 392 240 113 -1 -1
16 35 290 1179 161 115 83 -1 -1
16 53 290 1033 489 212 159 -1 -1
16 65 290 1056 75 83 65 -1 -1
16 66 290 1132 96 96 64 -1 -1
16 68 290 1043 74 77 61 -1 -1
16 69 290 504 193 95 40 -1 -1
16 70 290 413 370 260 204 -1 -1
16 10 291 1592 393 237 113 -1 -1
16 35 291 1186 159 114 82 -1 -1
16 53 291 1035 482 207 160 -1 -1
16 65 291 1066 78 74 65 -1 -1
16 66 291 1116 99 101 63 -1 -1
16 69 291 501 193 97 40 -1 -1
16 70 291 410 368 262 211 -1 -1
16 10 292 1592 393 237 113 -1 -1
16 35 292 1196 157 113 81 -1 -1
16 53 292 1034 474 203 159 -1 -1
16 65 292 1063 77 79 67 -1 -1
16 66 292 1101 101 97 63 -1 -1
16 69 292 501 192 97 41 -1 -1
16 70 292 405 370 264 217 -1 -1
16 10 293 1592 393 237 113 -1 -1
16 35 293 1204 154 116 80 -1 -1
16 53 293 1034 468 201 154 -1 -1
16 65 293 1057 73 86 70 -1 -1
16 66 293 1086 102 100 65 -1 -1
16 69 293 501 193 98 41 -1 -1
16 70 293 404 408 260 188 -1 -1
16 10 294 1592 393 238 113 -1 -1
16 35 294 1213 150 117 81 -1 -1
16 53 294 1036 461 198 152 -1 -1
16 65 294 1062 74 80 59 -1 -1
16 66 294 1069 99 107 71 -1 -1
16 69 294 501 193 98 41 -1 -1
16 70 294 404 408 260 188 -1 -1
16 10 295 1592 393 239 113 -1 -1
16 35 295 1222 146 132 84 -1 -1
16 53 295 1037 455 197 150 -1 -1
16 65 295 1065 77 88 51 -1 -1
16 66 295 1057 98 104 73 -1 -1
16 69 295 502 193 97 41 -1 -1
16 70 295 404 408 260 188 -1 -1
16 10 296 1592 393 241 113 -1 -1
16 35 296 1231 146 124 81 -1 -1
16 53 296 1040 451 193 147 -1 -1
16 65 296 1067 76 84 52 -1 -1
16 66 296 1041 103 109 71 -1 -1
16 69 296 502 193 97 41 -1 -1
16 70 296 404 408 260 188 -1 -1
16 71 296 1044 100 108 74 -1 -1
16 10 297 1592 393 239 112 -1 -1
16 35 297 1241 143 117 80 -1 -1
16 53 297 1044 445 191 144 -1 -1
16 65 297 1069 80 86 66 -1 -1
16 66 297 1026 111 83 66 -1 -1
16 69 297 503 193 96 41 -1 -1
16 70 297 381 414 272 214 -1 -1
16 71 297 1050 123 74 54 -1 -1
16 10 298 1592 393 239 112 -1 -1
16 35 298 1251 139 116 81 -1 -1
16 53 298 1049 439 187 143 -1 -1
16 65 298 1074 79 82 66 -1 -1
16 66 298 1011 112 95 68 -1 -1
16 69 298 503 194 96 40 -1 -1
16 70 298 379 419 279 216 -1 -1
16 71 298 1050 123 74 54 -1 -1
16 10 299 1592 393 242 113 -1 -1
16 35 299 1261 139 112 79 -1 -1
16 53 299 1053 432 186 145 -1 -1
16 65 299 1072 80 84 67 -1 -1
16 66 299 995 113 108 69 -1 -1
16 69 299 501 193 97 41 -1 -1
16 70 299 379 419 279 216 -1 -1
16 71 299 1050 123 74 54 -1 -1
16 10 300 1592 393 242 113 -1 -1
16 35 300 1272 137 116 79 -1 -1
16 53 300 1058 425 184 145 -1 -1
16 65 300 1074 82 82 68 -1 -1
16 66 300 979 116 103 67 -1 -1
16 69 300 502 193 96 41 -1 -1
16 70 300 367 446 283 207 -1 -1
16 71 300 1050 123 74 54 -1 -1
16 10 301 1593 393 235 112 -1 -1
16 35 301 1282 135 114 77 -1 -1
16 53 301 1064 418 182 143 -1 -1
16 65 301 1076 82 79 69 -1 -1
16 66 301 964 118 88 68 -1 -1
16 69 301 502 193 96 41 -1 -1
16 70 301 367 446 283 207 -1 -1
16 72 301 999 129 75 57 -1 -1
16 10 302 1593 392 235 113 -1 -1
16 35 302 1282 135 114 77 -1 -1
16 53 302 1069 412 183 140 -1 -1
16 65 302 1075 93 80 60 -1 -1
16 66 302 950 117 107 72 -1 -1
16 69 302 502 193 96 41 -1 -1
16 70 302 358 447 282 218 -1 -1
16 72 302 999 129 75 57 -1 -1
16 73 302 1077 79 75 48 -1 -1
16 10 303 1593 393 235 112 -1 -1
16 35 303 1302 127 110 81 -1 -1
16 53 303 1073 406 182 139 -1 -1
16 65 303 1072 85 82 70 -1 -1
16 66 303 935 121 107 71 -1 -1
16 69 303 502 193 96 41 -1 -1
16 70 303 358 447 282 218 -1 -1
16 72 303 999 129 75 57 -1 -1
16 73 303 1077 79 75 48 -1 -1
16 10 304 1593 393 236 112 -1 -1
16 35 304 1311 123 110 82 -1 -1
16 53 304 1078 401 184 137 -1 -1
16 65 304 1072 90 82 65 -1 -1
16 66 304 921 122 110 72 -1 -1
16 70 304 343 460 296 220 -1 -1
16 72 304 999 129 75 57 -1 -1
16 73 304 1074 79 76 46 -1 -1
16 10 305 1593 393 236 112 -1 -1
16 35 305 1323 122 107 80 -1 -1
16 53 305 1086 396 182 132 -1 -1
16 65 305 1068 89 84 68 -1 -1
16 66 305 907 125 107 71 -1 -1
16 70 305 335 467 303 221 -1 -1
16 73 305 1073 79 75 45 -1 -1
16 74 305 499 194 102 40 -1 -1
16 10 306 1593 393 238 112 -1 -1
16 35 306 1330 121 108 79 -1 -1
16 53 306 1096 390 178 134 -1 -1
16 65 306 1066 89 85 69 -1 -1
16 66 306 892 128 108 71 -1 -1
16 70 306 328 480 312 211 -1 -1
16 73 306 1073 79 75 45 -1 -1
16 74 306 498 194 102 40 -1 -1
16 10 307 1593 393 238 112 -1 -1
16 35 307 1342 121 105 76 -1 -1
16 53 307 1105 385 176 130 -1 -1
16 65 307 1064 92 88 67 -1 -1
16 66 307 879 130 105 72 -1 -1
16 70 307 313 490 326 206 -1 -1
16 73 307 1073 79 75 45 -1 -1
16 74 307 498 194 103 40 -1 -1
16 10 308 1593 393 238 112 -1 -1
16 35 308 1348 116 110 80 -1 -1
16 53 308 1112 377 176 129 -1 -1
16 65 308 1060 87 89 73 -1 -1
16 66 308 862 130 107 75 -1 -1
16 70 308 312 486 322 221 -1 -1
16 73 308 1073 79 75 45 -1 -1
16 74 308 498 194 103 40 -1 -1
16 10 309 1593 393 254 112 -1 -1
16 35 309 1360 119 107 74 -1 -1
16 53 309 1121 372 172 128 -1 -1
16 65 309 1057 87 92 74 -1 -1
16 66 309 848 131 110 76 -1 -1
16 70 309 306 479 325 236 -1 -1
16 74 309 498 194 103 40 -1 -1
16 10 310 1593 393 255 112 -1 -1
16 35 310 1369 120 101 72 -1 -1
16 53 310 1127 366 172 128 -1 -1
16 65 310 1053 87 92 76 -1 -1
16 66 310 836 134 105 75 -1 -1
16 70 310 292 505 339 194 -1 -1
16 74 310 498 194 103 40 -1 -1
