24 0 0 592 263 132 80 -1 -1
24 1 0 718 198 113 79 -1 -1
24 2 0 805 175 68 56 -1 -1
24 3 0 6 194 218 123 -1 -1
24 4 0 830 118 113 58 -1 -1
24 0 1 592 263 131 79 -1 -1
24 1 1 718 198 114 79 -1 -1
24 2 1 803 173 70 57 -1 -1
24 3 1 4 195 220 119 -1 -1
24 4 1 831 117 111 56 -1 -1
24 0 2 592 262 131 80 -1 -1
24 1 2 718 196 114 81 -1 -1
24 2 2 804 173 69 58 -1 -1
24 3 2 5 194 219 122 -1 -1
24 4 2 831 117 111 56 -1 -1
24 5 2 827 183 62 41 -1 -1
24 0 3 592 262 132 80 -1 -1
24 1 3 719 196 114 80 -1 -1
24 2 3 805 173 69 58 -1 -1
24 3 3 5 193 218 124 -1 -1
24 4 3 831 117 111 56 -1 -1
24 5 3 827 183 62 41 -1 -1
24 0 4 592 263 132 80 -1 -1
24 1 4 719 195 114 81 -1 -1
24 2 4 805 173 70 58 -1 -1
24 3 4 6 193 216 123 -1 -1
24 4 4 831 117 111 56 -1 -1
24 5 4 827 183 62 41 -1 -1
24 0 5 592 263 132 80 -1 -1
24 1 5 719 195 114 81 -1 -1
24 2 5 804 173 71 58 -1 -1
24 3 5 5 193 218 123 -1 -1
24 5 5 827 183 62 41 -1 -1
24 0 6 592 264 131 78 -1 -1
24 1 6 719 196 113 80 -1 -1
24 2 6 804 173 70 57 -1 -1
24 3 6 5 194 217 122 -1 -1
24 0 7 591 263 132 79 -1 -1
24 1 7 718 197 114 80 -1 -1
24 2 7 803 172 71 58 -1 -1
24 3 7 4 195 220 119 -1 -1
24 0 8 591 264 132 78 -1 -1
24 1 8 718 197 114 80 -1 -1
24 2 8 803 172 71 58 -1 -1
24 3 8 4 195 220 119 -1 -1
24 0 9 592 263 132 80 -1 -1
24 1 9 718 195 114 81 -1 -1
24 2 9 805 173 69 57 -1 -1
24 3 9 5 194 216 122 -1 -1
24 0 10 592 262 132 80 -1 -1
24 1 10 719 194 113 82 -1 -1
24 2 10 805 173 70 58 -1 -1
24 3 10 5 194 217 122 -1 -1
24 0 11 592 262 132 80 -1 -1
24 1 11 719 195 113 81 -1 -1
24 2 11 806 173 69 58 -1 -1
24 3 11 5 194 217 122 -1 -1
24 0 12 592 262 131 80 -1 -1
24 1 12 719 193 113 83 -1 -1
24 2 12 808 175 67 55 -1 -1
24 3 12 4 195 219 119 -1 -1
24 0 13 591 262 132 80 -1 -1
24 1 13 718 195 114 82 -1 -1
24 2 13 806 175 68 55 -1 -1
24 3 13 4 194 222 120 -1 -1
24 0 14 591 263 132 79 -1 -1
24 1 14 718 197 114 80 -1 -1
24 2 14 806 176 67 54 -1 -1
24 3 14 4 194 222 119 -1 -1
24 0 15 591 262 132 80 -1 -1
24 1 15 718 197 114 80 -1 -1
24 2 15 805 175 69 55 -1 -1
24 3 15 4 194 222 119 -1 -1
24 0 16 592 262 131 80 -1 -1
24 1 16 719 196 113 81 -1 -1
24 2 16 807 177 67 54 -1 -1
24 3 16 4 194 220 120 -1 -1
24 0 17 592 262 132 80 -1 -1
24 1 17 719 194 113 83 -1 -1
24 2 17 808 175 67 56 -1 -1
24 3 17 4 194 220 121 -1 -1
24 0 18 592 262 132 80 -1 -1
24 1 18 719 194 113 83 -1 -1
24 2 18 808 175 67 56 -1 -1
24 3 18 4 195 220 119 -1 -1
24 0 19 592 262 132 80 -1 -1
24 1 19 719 196 113 81 -1 -1
24 2 19 806 175 68 55 -1 -1
24 3 19 4 195 220 119 -1 -1
24 0 20 592 262 131 80 -1 -1
24 1 20 718 197 114 80 -1 -1
24 2 20 805 175 68 56 -1 -1
24 3 20 4 195 220 119 -1 -1
24 0 21 592 262 131 80 -1 -1
24 1 21 718 196 114 81 -1 -1
24 2 21 807 174 66 56 -1 -1
24 3 21 5 194 216 121 -1 -1
24 0 22 592 262 131 80 -1 -1
24 1 22 718 196 114 81 -1 -1
24 2 22 805 174 69 56 -1 -1
24 3 22 5 194 216 122 -1 -1
24 0 23 592 262 131 80 -1 -1
24 1 23 719 194 114 82 -1 -1
24 2 23 808 174 67 56 -1 -1
24 3 23 4 194 219 120 -1 -1
24 0 24 592 263 132 79 -1 -1
24 1 24 719 194 114 82 -1 -1
24 2 24 808 176 67 54 -1 -1
24 3 24 5 193 217 123 -1 -1
24 0 25 592 263 132 79 -1 -1
24 1 25 719 195 114 81 -1 -1
24 2 25 809 176 66 54 -1 -1
24 3 25 5 193 217 123 -1 -1
24 0 26 592 264 131 78 -1 -1
24 1 26 718 196 114 80 -1 -1
24 2 26 806 175 68 55 -1 -1
24 3 26 5 193 217 123 -1 -1
24 0 27 591 265 132 77 -1 -1
24 1 27 718 197 114 79 -1 -1
24 2 27 806 175 67 55 -1 -1
24 3 27 4 193 222 123 -1 -1
24 0 28 592 264 131 78 -1 -1
24 1 28 718 197 114 80 -1 -1
24 2 28 807 175 66 55 -1 -1
24 3 28 4 193 222 123 -1 -1
24 0 29 592 263 131 79 -1 -1
24 1 29 718 197 114 79 -1 -1
24 2 29 804 175 70 55 -1 -1
24 3 29 5 193 218 123 -1 -1
24 0 30 592 263 131 79 -1 -1
24 1 30 719 195 114 81 -1 -1
24 2 30 806 175 69 55 -1 -1
24 3 30 5 193 217 124 -1 -1
24 0 31 592 263 131 79 -1 -1
24 1 31 719 194 114 82 -1 -1
24 2 31 805 175 70 55 -1 -1
24 3 31 4 194 221 121 -1 -1
24 0 32 592 263 131 79 -1 -1
24 1 32 719 195 114 81 -1 -1
24 2 32 805 174 70 56 -1 -1
24 3 32 4 193 222 122 -1 -1
24 0 33 591 264 132 78 -1 -1
24 1 33 718 196 114 80 -1 -1
24 2 33 803 174 71 56 -1 -1
24 3 33 5 194 219 122 -1 -1
24 0 34 591 264 132 78 -1 -1
24 1 34 718 195 114 81 -1 -1
24 2 34 804 175 69 55 -1 -1
24 3 34 4 194 221 122 -1 -1
24 0 35 591 263 132 79 -1 -1
24 1 35 718 196 114 80 -1 -1
24 2 35 804 175 69 55 -1 -1
24 3 35 4 194 220 122 -1 -1
24 0 36 592 263 131 79 -1 -1
24 1 36 718 194 115 82 -1 -1
24 2 36 802 175 72 55 -1 -1
24 3 36 5 192 217 125 -1 -1
24 0 37 593 263 130 79 -1 -1
24 1 37 719 193 114 83 -1 -1
24 2 37 804 175 71 55 -1 -1
24 3 37 5 193 217 124 -1 -1
24 0 38 593 263 130 79 -1 -1
24 1 38 719 193 114 83 -1 -1
24 2 38 805 175 70 55 -1 -1
24 3 38 5 192 217 125 -1 -1
24 0 39 592 263 131 79 -1 -1
24 1 39 719 192 114 84 -1 -1
24 2 39 805 175 70 55 -1 -1
24 3 39 5 192 217 125 -1 -1
24 0 40 592 264 131 78 -1 -1
24 1 40 718 194 114 83 -1 -1
24 2 40 802 176 71 54 -1 -1
24 3 40 5 192 220 124 -1 -1
24 6 40 780 176 83 55 -1 -1
24 7 40 825 182 64 41 -1 -1
24 0 41 592 264 131 78 -1 -1
24 1 41 718 194 114 83 -1 -1
24 2 41 801 174 72 56 -1 -1
24 3 41 5 192 221 123 -1 -1
24 6 41 780 176 83 55 -1 -1
24 7 41 825 182 64 41 -1 -1
24 0 42 592 264 131 78 -1 -1
24 1 42 718 193 114 84 -1 -1
24 2 42 802 174 71 56 -1 -1
24 3 42 5 192 222 124 -1 -1
24 6 42 780 176 83 55 -1 -1
24 7 42 825 182 64 41 -1 -1
24 0 43 592 263 131 79 -1 -1
24 1 43 718 193 114 84 -1 -1
24 2 43 804 174 70 56 -1 -1
24 3 43 5 192 220 124 -1 -1
24 6 43 780 176 83 55 -1 -1
24 7 43 825 182 64 41 -1 -1
24 0 44 592 263 131 79 -1 -1
24 1 44 719 192 114 84 -1 -1
24 2 44 804 175 70 55 -1 -1
24 3 44 5 193 218 123 -1 -1
24 0 45 592 263 131 79 -1 -1
24 1 45 719 192 114 84 -1 -1
24 2 45 803 174 71 56 -1 -1
24 3 45 5 193 218 123 -1 -1
24 0 46 592 264 131 78 -1 -1
24 1 46 719 194 113 82 -1 -1
24 2 46 804 174 71 56 -1 -1
24 3 46 5 193 219 123 -1 -1
24 0 47 591 266 132 76 -1 -1
24 1 47 718 195 114 82 -1 -1
24 2 47 802 174 72 56 -1 -1
24 3 47 5 193 221 122 -1 -1
24 0 48 591 265 132 77 -1 -1
24 1 48 718 196 113 80 -1 -1
24 2 48 802 174 72 56 -1 -1
24 3 48 5 192 221 124 -1 -1
24 0 49 592 264 131 78 -1 -1
24 1 49 718 196 113 80 -1 -1
24 2 49 802 174 72 56 -1 -1
24 3 49 5 191 222 125 -1 -1
24 8 49 830 118 113 61 -1 -1
24 0 50 592 264 131 78 -1 -1
24 1 50 719 195 112 81 -1 -1
24 2 50 800 173 75 57 -1 -1
24 3 50 5 191 220 126 -1 -1
24 8 50 830 118 113 61 -1 -1
24 0 51 592 263 131 79 -1 -1
24 1 51 719 194 113 82 -1 -1
24 2 51 803 173 72 57 -1 -1
24 3 51 4 192 222 123 -1 -1
24 8 51 830 118 113 61 -1 -1
24 0 52 592 263 131 79 -1 -1
24 1 52 719 194 113 82 -1 -1
24 2 52 802 173 73 57 -1 -1
24 3 52 4 193 221 122 -1 -1
24 8 52 830 118 113 61 -1 -1
24 0 53 592 264 131 78 -1 -1
24 1 53 718 196 113 80 -1 -1
24 2 53 802 173 73 57 -1 -1
24 3 53 5 192 219 124 -1 -1
24 0 54 592 264 131 78 -1 -1
24 1 54 718 195 113 81 -1 -1
24 2 54 800 172 74 58 -1 -1
24 3 54 3 194 221 120 -1 -1
24 9 54 833 159 76 39 -1 -1
24 10 54 826 182 63 42 -1 -1
24 11 54 829 120 113 61 -1 -1
24 0 55 592 264 131 78 -1 -1
24 1 55 718 195 113 81 -1 -1
24 2 55 800 172 74 58 -1 -1
24 3 55 5 192 219 124 -1 -1
24 9 55 833 158 76 40 -1 -1
24 10 55 825 182 64 42 -1 -1
24 11 55 829 120 113 61 -1 -1
24 0 56 592 263 131 79 -1 -1
24 1 56 718 195 113 81 -1 -1
24 2 56 799 173 75 57 -1 -1
24 3 56 5 191 218 126 -1 -1
24 9 56 833 158 76 40 -1 -1
24 10 56 826 182 63 42 -1 -1
24 11 56 829 120 113 61 -1 -1
24 0 57 592 263 132 79 -1 -1
24 1 57 719 195 112 81 -1 -1
24 2 57 802 174 73 56 -1 -1
24 3 57 5 192 217 125 -1 -1
24 9 57 833 158 76 40 -1 -1
24 10 57 826 182 63 42 -1 -1
24 11 57 829 120 113 61 -1 -1
24 0 58 592 263 132 79 -1 -1
24 1 58 719 194 112 82 -1 -1
24 2 58 805 174 71 56 -1 -1
24 3 58 4 193 220 122 -1 -1
24 9 58 833 158 76 40 -1 -1
24 10 58 826 182 63 42 -1 -1
24 11 58 829 120 113 61 -1 -1
24 0 59 592 263 132 79 -1 -1
24 1 59 719 195 112 81 -1 -1
24 2 59 805 175 70 55 -1 -1
24 3 59 4 192 220 123 -1 -1
24 10 59 826 182 63 42 -1 -1
24 0 60 591 264 132 78 -1 -1
24 1 60 718 195 114 81 -1 -1
24 2 60 801 174 74 56 -1 -1
24 3 60 3 194 220 120 -1 -1
24 0 61 591 264 132 78 -1 -1
24 1 61 718 196 114 80 -1 -1
24 2 61 802 174 72 56 -1 -1
24 3 61 3 194 220 120 -1 -1
24 0 62 591 264 132 78 -1 -1
24 1 62 718 195 113 81 -1 -1
24 2 62 802 174 72 56 -1 -1
24 3 62 3 193 220 121 -1 -1
24 0 63 592 263 131 79 -1 -1
24 1 63 718 194 113 82 -1 -1
24 2 63 803 174 72 56 -1 -1
24 3 63 5 193 216 124 -1 -1
24 0 64 592 263 132 79 -1 -1
24 1 64 719 194 113 82 -1 -1
24 2 64 804 175 72 55 -1 -1
24 3 64 5 193 216 123 -1 -1
24 0 65 592 263 132 79 -1 -1
24 1 65 719 194 113 82 -1 -1
24 2 65 805 175 71 55 -1 -1
24 3 65 5 193 216 123 -1 -1
24 0 66 592 263 131 79 -1 -1
24 1 66 719 194 113 82 -1 -1
24 2 66 803 174 72 56 -1 -1
24 3 66 5 193 216 123 -1 -1
24 0 67 592 264 131 78 -1 -1
24 1 67 718 195 114 81 -1 -1
24 2 67 801 174 73 56 -1 -1
24 3 67 3 194 220 120 -1 -1
24 0 68 591 263 133 79 -1 -1
24 1 68 718 195 114 81 -1 -1
24 2 68 801 174 73 56 -1 -1
24 3 68 3 194 220 120 -1 -1
24 0 69 591 263 132 79 -1 -1
24 1 69 718 195 113 81 -1 -1
24 2 69 801 174 73 56 -1 -1
24 3 69 3 194 220 120 -1 -1
24 12 69 836 125 107 55 -1 -1
24 13 69 826 183 63 40 -1 -1
24 0 70 592 263 131 79 -1 -1
24 1 70 718 194 114 82 -1 -1
24 2 70 803 174 72 56 -1 -1
24 3 70 5 191 218 126 -1 -1
24 12 70 836 125 107 55 -1 -1
24 13 70 826 183 63 40 -1 -1
24 14 70 535 144 117 57 -1 -1
24 0 71 592 262 131 80 -1 -1
24 1 71 719 194 113 82 -1 -1
24 2 71 804 174 71 56 -1 -1
24 3 71 5 191 218 126 -1 -1
24 12 71 836 125 107 55 -1 -1
24 13 71 826 183 63 40 -1 -1
24 14 71 535 144 117 57 -1 -1
24 0 72 592 262 131 80 -1 -1
24 1 72 718 195 113 81 -1 -1
24 2 72 804 174 71 56 -1 -1
24 3 72 5 193 217 124 -1 -1
24 12 72 836 125 107 55 -1 -1
24 13 72 826 183 63 40 -1 -1
24 14 72 535 144 117 57 -1 -1
24 0 73 592 262 131 80 -1 -1
24 1 73 718 195 113 81 -1 -1
24 2 73 803 174 72 56 -1 -1
24 3 73 5 193 217 124 -1 -1
24 12 73 839 128 104 54 -1 -1
24 14 73 535 144 117 57 -1 -1
24 0 74 591 263 132 79 -1 -1
24 1 74 717 196 115 80 -1 -1
24 2 74 801 174 73 56 -1 -1
24 3 74 5 191 219 125 -1 -1
24 12 74 828 120 114 60 -1 -1
24 0 75 591 263 132 79 -1 -1
24 1 75 718 196 114 80 -1 -1
24 2 75 801 173 73 57 -1 -1
24 3 75 4 191 220 125 -1 -1
24 12 75 827 120 115 60 -1 -1
24 0 76 591 262 132 80 -1 -1
24 1 76 718 196 114 80 -1 -1
24 2 76 802 174 72 56 -1 -1
24 3 76 4 191 220 125 -1 -1
24 12 76 827 120 115 60 -1 -1
24 15 76 827 183 61 40 -1 -1
24 0 77 591 262 132 81 -1 -1
24 1 77 719 194 113 82 -1 -1
24 2 77 804 174 71 56 -1 -1
24 3 77 4 193 222 122 -1 -1
24 12 77 827 120 115 60 -1 -1
24 15 77 827 183 61 40 -1 -1
24 0 78 591 262 133 80 -1 -1
24 1 78 719 194 113 82 -1 -1
24 2 78 805 175 69 55 -1 -1
24 3 78 4 195 220 120 -1 -1
24 12 78 827 120 115 60 -1 -1
24 15 78 827 183 61 40 -1 -1
24 0 79 591 262 133 80 -1 -1
24 1 79 718 194 114 82 -1 -1
24 2 79 805 175 69 55 -1 -1
24 3 79 4 195 220 119 -1 -1
24 15 79 827 183 61 40 -1 -1
24 0 80 591 262 133 80 -1 -1
24 1 80 717 196 114 80 -1 -1
24 2 80 804 176 70 54 -1 -1
24 3 80 4 194 221 120 -1 -1
24 0 81 591 263 132 79 -1 -1
24 1 81 717 196 114 80 -1 -1
24 2 81 804 177 70 53 -1 -1
24 3 81 4 194 223 120 -1 -1
24 16 81 535 1709 615 208 -1 -1
24 0 82 591 263 132 79 -1 -1
24 1 82 717 196 114 80 -1 -1
24 2 82 803 175 71 55 -1 -1
24 3 82 4 194 223 120 -1 -1
24 16 82 535 1709 615 208 -1 -1
24 17 82 2196 1870 329 50 -1 -1
24 0 83 591 262 132 80 -1 -1
24 1 83 717 196 114 80 -1 -1
24 2 83 804 176 70 55 -1 -1
24 3 83 5 193 222 123 -1 -1
24 16 83 535 1709 615 208 -1 -1
24 17 83 2196 1870 329 50 -1 -1
24 0 84 592 263 131 79 -1 -1
24 1 84 718 195 114 81 -1 -1
24 2 84 804 176 70 54 -1 -1
24 3 84 5 193 222 123 -1 -1
24 16 84 535 1709 615 208 -1 -1
24 17 84 2196 1870 329 50 -1 -1
24 18 84 2191 1880 337 40 -1 -1
24 0 85 591 262 132 80 -1 -1
24 1 85 719 195 114 81 -1 -1
24 2 85 805 175 69 55 -1 -1
24 3 85 5 193 222 123 -1 -1
24 17 85 2196 1870 329 50 -1 -1
24 18 85 2191 1880 337 40 -1 -1
24 0 86 591 262 132 80 -1 -1
24 1 86 718 195 114 81 -1 -1
24 2 86 806 177 68 53 -1 -1
24 3 86 4 194 221 120 -1 -1
24 18 86 2191 1880 337 40 -1 -1
24 19 86 843 127 100 55 -1 -1
24 0 87 591 263 132 79 -1 -1
24 1 87 718 197 114 79 -1 -1
24 2 87 805 176 68 54 -1 -1
24 3 87 4 194 221 120 -1 -1
24 18 87 2191 1880 337 40 -1 -1
24 19 87 838 126 105 56 -1 -1
24 0 88 591 263 133 79 -1 -1
24 1 88 719 196 113 80 -1 -1
24 2 88 804 175 69 55 -1 -1
24 3 88 5 194 220 122 -1 -1
24 19 88 838 127 105 55 -1 -1
24 0 89 591 263 133 79 -1 -1
24 1 89 719 196 113 80 -1 -1
24 2 89 804 176 69 54 -1 -1
24 3 89 5 194 220 122 -1 -1
24 19 89 837 127 106 55 -1 -1
24 0 90 592 262 132 80 -1 -1
24 1 90 719 195 113 81 -1 -1
24 2 90 805 175 69 55 -1 -1
24 3 90 5 194 220 122 -1 -1
24 19 90 848 128 95 54 -1 -1
24 0 91 592 263 131 79 -1 -1
24 1 91 719 194 114 82 -1 -1
24 2 91 805 176 69 54 -1 -1
24 3 91 5 193 219 123 -1 -1
24 19 91 848 128 95 54 -1 -1
24 0 92 592 263 132 79 -1 -1
24 1 92 719 193 115 83 -1 -1
24 2 92 806 176 68 54 -1 -1
24 3 92 5 193 219 123 -1 -1
24 19 92 848 128 95 54 -1 -1
24 0 93 592 263 132 79 -1 -1
24 1 93 719 195 114 81 -1 -1
24 2 93 807 176 67 54 -1 -1
24 3 93 5 193 220 123 -1 -1
24 19 93 848 128 95 54 -1 -1
24 0 94 591 263 132 79 -1 -1
24 1 94 718 194 114 82 -1 -1
24 2 94 808 178 66 52 -1 -1
24 3 94 5 194 221 122 -1 -1
24 0 95 591 263 132 79 -1 -1
24 1 95 718 195 114 81 -1 -1
24 2 95 807 177 67 53 -1 -1
24 3 95 5 194 220 122 -1 -1
24 0 96 592 263 131 79 -1 -1
24 1 96 719 196 114 81 -1 -1
24 2 96 805 176 69 54 -1 -1
24 3 96 5 193 221 123 -1 -1
24 0 97 592 263 132 79 -1 -1
24 1 97 719 196 113 81 -1 -1
24 2 97 805 176 70 54 -1 -1
24 3 97 6 192 219 124 -1 -1
24 0 98 592 262 131 80 -1 -1
24 1 98 719 193 114 83 -1 -1
24 2 98 805 174 69 56 -1 -1
24 3 98 5 194 219 122 -1 -1
24 0 99 592 262 131 80 -1 -1
24 1 99 718 193 115 83 -1 -1
24 2 99 803 172 71 58 -1 -1
24 3 99 5 194 220 122 -1 -1
24 0 100 591 262 132 80 -1 -1
24 1 100 718 193 115 83 -1 -1
24 2 100 804 173 70 57 -1 -1
24 3 100 5 194 221 122 -1 -1
24 0 101 591 262 132 80 -1 -1
24 1 101 718 193 115 83 -1 -1
24 2 101 803 175 70 56 -1 -1
24 3 101 5 194 220 122 -1 -1
24 0 102 591 262 132 80 -1 -1
24 1 102 718 193 115 83 -1 -1
24 2 102 803 174 70 57 -1 -1
24 3 102 5 194 220 122 -1 -1
24 0 103 591 262 132 80 -1 -1
24 2 103 800 171 73 59 -1 -1
24 3 103 5 194 220 122 -1 -1
24 0 104 591 262 132 80 -1 -1
24 2 104 804 172 70 59 -1 -1
24 3 104 5 194 219 122 -1 -1
24 20 104 718 191 114 85 -1 -1
24 0 105 591 262 132 80 -1 -1
24 2 105 807 173 68 58 -1 -1
24 3 105 5 194 219 122 -1 -1
24 20 105 719 190 113 86 -1 -1
24 0 106 591 262 132 80 -1 -1
24 2 106 808 174 66 57 -1 -1
24 3 106 5 194 219 122 -1 -1
24 20 106 718 193 113 83 -1 -1
24 21 106 623 124 112 67 -1 -1
24 0 107 591 262 132 80 -1 -1
24 2 107 806 174 68 57 -1 -1
24 3 107 5 194 220 122 -1 -1
24 20 107 718 190 113 86 -1 -1
24 21 107 623 124 112 67 -1 -1
24 22 107 774 173 95 60 -1 -1
24 0 108 591 262 132 80 -1 -1
24 2 108 803 173 71 58 -1 -1
24 3 108 5 194 220 122 -1 -1
24 20 108 718 192 113 85 -1 -1
24 21 108 623 124 112 67 -1 -1
24 22 108 770 172 102 61 -1 -1
24 0 109 591 262 132 80 -1 -1
24 2 109 803 174 70 57 -1 -1
24 3 109 5 194 220 122 -1 -1
24 20 109 718 194 113 83 -1 -1
24 21 109 623 124 112 67 -1 -1
24 22 109 777 174 93 59 -1 -1
24 0 110 591 262 132 80 -1 -1
24 2 110 804 173 71 58 -1 -1
24 3 110 5 194 220 122 -1 -1
24 20 110 719 194 111 82 -1 -1
24 22 110 779 175 88 57 -1 -1
24 0 111 591 262 132 80 -1 -1
24 2 111 805 173 70 58 -1 -1
24 3 111 5 193 218 123 -1 -1
24 20 111 719 191 111 85 -1 -1
24 22 111 774 175 92 57 -1 -1
24 0 112 591 262 132 80 -1 -1
24 2 112 805 173 70 58 -1 -1
24 3 112 5 193 218 123 -1 -1
24 20 112 719 191 112 85 -1 -1
24 22 112 774 174 95 58 -1 -1
24 0 113 591 262 132 80 -1 -1
24 2 113 806 173 69 58 -1 -1
24 3 113 5 193 219 123 -1 -1
24 20 113 719 193 112 83 -1 -1
24 22 113 774 174 95 58 -1 -1
24 0 114 591 262 132 80 -1 -1
24 2 114 804 173 70 58 -1 -1
24 3 114 5 193 219 123 -1 -1
24 20 114 720 196 111 81 -1 -1
24 22 114 774 174 95 58 -1 -1
24 0 115 591 262 132 80 -1 -1
24 2 115 805 174 68 57 -1 -1
24 3 115 5 193 219 123 -1 -1
24 20 115 720 196 111 81 -1 -1
24 22 115 774 174 95 58 -1 -1
24 0 116 591 262 132 80 -1 -1
24 2 116 806 174 68 57 -1 -1
24 3 116 5 193 219 123 -1 -1
24 20 116 718 195 112 81 -1 -1
24 0 117 591 262 132 80 -1 -1
24 2 117 805 173 69 58 -1 -1
24 3 117 5 193 219 123 -1 -1
24 20 117 718 195 113 81 -1 -1
24 0 118 591 262 132 80 -1 -1
24 2 118 805 173 69 58 -1 -1
24 3 118 5 194 218 122 -1 -1
24 20 118 718 193 113 83 -1 -1
24 23 118 625 124 115 68 -1 -1
24 0 119 591 262 132 80 -1 -1
24 2 119 806 173 68 58 -1 -1
24 3 119 5 194 218 122 -1 -1
24 20 119 719 193 112 83 -1 -1
24 23 119 623 124 116 68 -1 -1
24 0 120 591 262 131 80 -1 -1
24 2 120 805 174 69 57 -1 -1
24 3 120 3 194 221 120 -1 -1
24 20 120 718 197 113 79 -1 -1
24 23 120 622 123 114 68 -1 -1
24 0 121 591 263 132 79 -1 -1
24 2 121 804 173 70 58 -1 -1
24 3 121 3 194 221 120 -1 -1
24 20 121 718 198 113 78 -1 -1
24 23 121 625 124 111 67 -1 -1
24 24 121 780 175 89 58 -1 -1
24 0 122 591 263 132 79 -1 -1
24 2 122 803 173 71 58 -1 -1
24 3 122 3 194 221 120 -1 -1
24 20 122 718 198 113 78 -1 -1
24 23 122 624 123 109 67 -1 -1
24 24 122 780 175 89 58 -1 -1
24 0 123 591 263 131 79 -1 -1
24 2 123 803 173 71 58 -1 -1
24 3 123 3 194 220 120 -1 -1
24 20 123 718 198 113 78 -1 -1
24 23 123 624 123 109 67 -1 -1
24 24 123 781 175 89 58 -1 -1
24 0 124 592 263 130 79 -1 -1
24 2 124 803 173 71 58 -1 -1
24 3 124 3 194 220 120 -1 -1
24 20 124 718 196 113 80 -1 -1
24 23 124 627 124 106 66 -1 -1
24 24 124 781 175 89 58 -1 -1
24 0 125 592 263 130 79 -1 -1
24 2 125 804 173 70 58 -1 -1
24 3 125 3 194 220 120 -1 -1
24 20 125 718 197 114 79 -1 -1
24 23 125 625 124 107 67 -1 -1
24 24 125 781 175 89 58 -1 -1
24 0 126 592 263 130 79 -1 -1
24 2 126 804 173 70 58 -1 -1
24 3 126 3 194 220 120 -1 -1
24 20 126 718 197 113 79 -1 -1
24 23 126 626 123 105 67 -1 -1
24 24 126 781 175 88 58 -1 -1
24 0 127 592 263 131 79 -1 -1
24 2 127 804 173 70 58 -1 -1
24 3 127 5 192 219 125 -1 -1
24 20 127 718 197 113 79 -1 -1
24 23 127 625 124 109 66 -1 -1
24 24 127 781 174 90 59 -1 -1
24 0 128 591 262 131 80 -1 -1
24 2 128 803 173 70 58 -1 -1
24 3 128 4 192 221 125 -1 -1
24 20 128 718 197 113 79 -1 -1
24 23 128 626 125 108 65 -1 -1
24 24 128 781 174 89 59 -1 -1
24 0 129 591 263 132 79 -1 -1
24 2 129 803 173 71 58 -1 -1
24 3 129 5 193 220 124 -1 -1
24 20 129 718 198 113 79 -1 -1
24 23 129 626 125 108 65 -1 -1
24 24 129 781 174 89 59 -1 -1
24 0 130 591 263 132 79 -1 -1
24 2 130 802 173 72 58 -1 -1
24 3 130 5 193 220 124 -1 -1
24 20 130 718 198 113 78 -1 -1
24 23 130 625 125 108 65 -1 -1
24 24 130 781 174 89 59 -1 -1
24 0 131 592 262 131 80 -1 -1
24 2 131 801 173 72 57 -1 -1
24 3 131 4 196 221 118 -1 -1
24 20 131 719 197 113 79 -1 -1
24 23 131 629 127 102 63 -1 -1
24 24 131 782 173 88 59 -1 -1
24 0 132 592 262 131 80 -1 -1
24 2 132 802 173 71 57 -1 -1
24 3 132 4 196 221 118 -1 -1
24 20 132 719 197 113 79 -1 -1
24 23 132 629 127 102 63 -1 -1
24 24 132 781 173 88 59 -1 -1
24 25 132 544 1860 420 59 -1 -1
24 0 133 592 262 131 80 -1 -1
24 2 133 803 173 70 57 -1 -1
24 3 133 4 196 221 119 -1 -1
24 20 133 719 196 113 80 -1 -1
24 23 133 629 127 102 63 -1 -1
24 24 133 781 173 89 59 -1 -1
24 25 133 544 1860 420 59 -1 -1
24 26 133 835 166 67 42 -1 -1
24 27 133 826 181 64 41 -1 -1
24 0 134 592 262 131 80 -1 -1
24 2 134 802 174 71 56 -1 -1
24 3 134 4 196 220 119 -1 -1
24 20 134 718 197 113 79 -1 -1
24 23 134 629 127 102 63 -1 -1
24 24 134 780 174 89 58 -1 -1
24 25 134 544 1860 420 59 -1 -1
24 26 134 837 166 68 40 -1 -1
24 27 134 826 181 64 41 -1 -1
24 0 135 591 262 132 80 -1 -1
24 2 135 801 173 72 57 -1 -1
24 3 135 4 196 221 118 -1 -1
24 20 135 718 196 113 80 -1 -1
24 24 135 781 175 86 57 -1 -1
24 25 135 544 1860 420 59 -1 -1
24 26 135 836 164 69 38 -1 -1
24 27 135 826 181 64 41 -1 -1
24 0 136 591 262 132 80 -1 -1
24 2 136 801 173 72 57 -1 -1
24 3 136 4 196 220 118 -1 -1
24 20 136 718 196 114 80 -1 -1
24 24 136 780 175 86 57 -1 -1
24 26 136 836 164 69 38 -1 -1
24 27 136 826 181 64 41 -1 -1
24 0 137 592 262 131 80 -1 -1
24 2 137 800 173 74 57 -1 -1
24 3 137 4 196 220 118 -1 -1
24 20 137 719 196 113 80 -1 -1
24 24 137 780 174 86 58 -1 -1
24 26 137 836 164 69 38 -1 -1
24 28 137 626 124 105 66 -1 -1
24 0 138 592 262 131 80 -1 -1
24 2 138 800 173 74 57 -1 -1
24 3 138 4 196 220 118 -1 -1
24 20 138 719 196 113 80 -1 -1
24 24 138 781 174 85 58 -1 -1
24 26 138 836 164 69 38 -1 -1
24 28 138 626 124 105 66 -1 -1
24 0 139 592 262 131 80 -1 -1
24 2 139 800 172 74 58 -1 -1
24 3 139 4 196 220 118 -1 -1
24 20 139 719 196 113 80 -1 -1
24 24 139 781 174 86 58 -1 -1
24 26 139 834 166 67 42 -1 -1
24 28 139 626 124 105 66 -1 -1
24 29 139 827 181 63 42 -1 -1
24 0 140 591 262 132 80 -1 -1
24 2 140 801 173 72 58 -1 -1
24 3 140 3 195 222 119 -1 -1
24 20 140 719 196 113 80 -1 -1
24 24 140 780 175 86 57 -1 -1
24 26 140 835 165 70 40 -1 -1
24 28 140 629 124 103 67 -1 -1
24 29 140 827 181 63 42 -1 -1
24 0 141 591 262 132 80 -1 -1
24 2 141 802 174 71 56 -1 -1
24 3 141 3 196 221 118 -1 -1
24 20 141 718 197 114 80 -1 -1
24 24 141 780 175 86 57 -1 -1
24 26 141 835 165 70 40 -1 -1
24 28 141 629 124 103 67 -1 -1
24 29 141 827 181 63 42 -1 -1
24 0 142 591 262 132 80 -1 -1
24 2 142 802 174 71 56 -1 -1
24 3 142 3 196 222 118 -1 -1
24 20 142 718 196 114 81 -1 -1
24 24 142 780 175 87 57 -1 -1
24 26 142 835 165 70 40 -1 -1
24 28 142 629 124 103 67 -1 -1
24 29 142 827 181 63 42 -1 -1
24 0 143 592 263 131 79 -1 -1
24 2 143 803 174 71 57 -1 -1
24 3 143 5 194 218 122 -1 -1
24 20 143 719 195 113 82 -1 -1
24 24 143 780 174 89 59 -1 -1
24 26 143 835 165 70 40 -1 -1
24 28 143 629 124 103 67 -1 -1
24 29 143 826 181 64 42 -1 -1
24 0 144 591 263 132 79 -1 -1
24 2 144 803 175 71 56 -1 -1
24 3 144 5 194 218 122 -1 -1
24 20 144 719 195 113 81 -1 -1
24 24 144 781 174 89 59 -1 -1
24 29 144 826 181 64 42 -1 -1
24 0 145 591 263 132 79 -1 -1
24 2 145 803 176 71 55 -1 -1
24 3 145 3 195 221 120 -1 -1
24 20 145 719 196 113 81 -1 -1
24 24 145 781 174 90 59 -1 -1
24 29 145 826 181 64 42 -1 -1
24 0 146 591 263 132 79 -1 -1
24 2 146 803 176 71 55 -1 -1
24 3 146 3 195 220 119 -1 -1
24 20 146 719 196 113 81 -1 -1
24 24 146 781 174 90 59 -1 -1
24 29 146 826 181 64 42 -1 -1
24 0 147 591 264 132 78 -1 -1
24 2 147 802 175 71 56 -1 -1
24 3 147 3 195 222 119 -1 -1
24 20 147 718 196 114 80 -1 -1
24 24 147 781 175 89 58 -1 -1
24 0 148 591 264 132 78 -1 -1
24 2 148 802 175 71 56 -1 -1
24 3 148 3 195 222 120 -1 -1
24 20 148 718 196 114 80 -1 -1
24 24 148 781 175 88 58 -1 -1
24 0 149 591 263 132 79 -1 -1
24 2 149 802 175 71 56 -1 -1
24 3 149 3 195 222 119 -1 -1
24 20 149 718 196 114 80 -1 -1
24 24 149 781 175 88 58 -1 -1
24 0 150 591 264 132 78 -1 -1
24 2 150 802 175 71 56 -1 -1
24 3 150 3 195 221 119 -1 -1
24 20 150 718 196 114 80 -1 -1
24 24 150 781 175 89 58 -1 -1
24 0 151 592 262 131 80 -1 -1
24 2 151 803 174 71 57 -1 -1
24 3 151 4 196 221 118 -1 -1
24 20 151 718 194 114 82 -1 -1
24 24 151 782 175 87 58 -1 -1
24 30 151 827 182 63 42 -1 -1
24 0 152 591 262 132 80 -1 -1
24 2 152 803 174 71 57 -1 -1
24 3 152 4 195 221 119 -1 -1
24 20 152 718 194 114 82 -1 -1
24 24 152 782 175 86 58 -1 -1
24 30 152 827 182 63 42 -1 -1
24 0 153 591 263 132 79 -1 -1
24 2 153 804 175 70 56 -1 -1
24 3 153 4 195 222 119 -1 -1
24 20 153 718 195 113 82 -1 -1
24 24 153 781 176 87 57 -1 -1
24 30 153 827 183 62 42 -1 -1
24 0 154 592 263 131 79 -1 -1
24 2 154 803 175 71 56 -1 -1
24 3 154 4 195 222 119 -1 -1
24 20 154 718 195 113 82 -1 -1
24 24 154 780 176 88 57 -1 -1
24 30 154 827 183 62 41 -1 -1
24 0 155 592 263 131 79 -1 -1
24 2 155 803 175 71 56 -1 -1
24 3 155 4 195 222 119 -1 -1
24 20 155 718 195 113 82 -1 -1
24 24 155 780 176 88 57 -1 -1
24 30 155 827 183 62 42 -1 -1
24 0 156 592 262 132 80 -1 -1
24 2 156 806 176 68 55 -1 -1
24 3 156 4 195 222 119 -1 -1
24 20 156 718 196 113 81 -1 -1
24 24 156 781 177 87 56 -1 -1
24 30 156 827 183 62 42 -1 -1
24 0 157 592 262 132 80 -1 -1
24 2 157 807 175 67 56 -1 -1
24 3 157 4 195 222 119 -1 -1
24 20 157 719 194 113 82 -1 -1
24 24 157 780 176 88 57 -1 -1
24 30 157 827 183 62 42 -1 -1
24 0 158 592 262 132 80 -1 -1
24 2 158 807 175 67 56 -1 -1
24 3 158 4 195 222 119 -1 -1
24 20 158 719 195 113 82 -1 -1
24 24 158 781 176 88 57 -1 -1
24 30 158 827 183 62 42 -1 -1
24 0 159 592 262 132 80 -1 -1
24 2 159 805 175 69 56 -1 -1
24 3 159 4 195 222 119 -1 -1
24 20 159 719 195 112 81 -1 -1
24 24 159 780 176 89 57 -1 -1
24 0 160 592 263 132 79 -1 -1
24 2 160 804 175 70 57 -1 -1
24 3 160 4 195 222 119 -1 -1
24 20 160 718 195 113 82 -1 -1
24 24 160 780 176 88 57 -1 -1
24 0 161 592 262 132 80 -1 -1
24 2 161 804 175 70 57 -1 -1
24 3 161 4 195 222 119 -1 -1
24 20 161 718 195 114 82 -1 -1
24 24 161 779 176 89 57 -1 -1
24 0 162 592 262 132 80 -1 -1
24 2 162 805 176 68 56 -1 -1
24 3 162 4 195 222 119 -1 -1
24 20 162 718 195 113 82 -1 -1
24 24 162 780 176 88 57 -1 -1
24 0 163 592 262 132 80 -1 -1
24 2 163 806 175 68 56 -1 -1
24 20 163 719 194 113 83 -1 -1
24 24 163 779 176 90 57 -1 -1
24 0 164 592 262 132 80 -1 -1
24 2 164 806 174 68 57 -1 -1
24 20 164 719 193 113 84 -1 -1
24 24 164 780 176 89 57 -1 -1
24 31 164 6 194 218 122 -1 -1
24 32 164 827 184 63 41 -1 -1
24 0 165 592 262 132 80 -1 -1
24 2 165 806 175 69 56 -1 -1
24 20 165 719 193 113 84 -1 -1
24 24 165 780 176 88 57 -1 -1
24 31 165 5 194 219 122 -1 -1
24 32 165 827 184 63 41 -1 -1
24 0 166 592 262 132 80 -1 -1
24 2 166 805 174 70 57 -1 -1
24 20 166 719 194 113 82 -1 -1
24 24 166 780 176 88 57 -1 -1
24 31 166 5 194 219 122 -1 -1
24 32 166 827 184 63 41 -1 -1
24 0 167 591 263 133 79 -1 -1
24 2 167 804 174 70 57 -1 -1
24 20 167 719 197 112 80 -1 -1
24 24 167 779 176 90 57 -1 -1
24 31 167 4 194 225 120 -1 -1
24 32 167 827 184 63 41 -1 -1
24 0 168 592 262 132 80 -1 -1
24 2 168 803 174 71 57 -1 -1
24 20 168 719 196 113 81 -1 -1
24 24 168 780 176 86 57 -1 -1
24 31 168 5 194 221 122 -1 -1
24 0 169 592 262 132 80 -1 -1
24 2 169 803 174 71 57 -1 -1
24 20 169 719 195 113 82 -1 -1
24 24 169 779 176 87 57 -1 -1
24 31 169 5 194 221 122 -1 -1
24 0 170 592 262 132 80 -1 -1
24 2 170 805 173 70 58 -1 -1
24 20 170 719 193 114 84 -1 -1
24 24 170 779 176 87 57 -1 -1
24 31 170 5 194 219 122 -1 -1
24 0 171 592 262 131 80 -1 -1
24 2 171 804 174 71 57 -1 -1
24 20 171 719 193 114 84 -1 -1
24 24 171 779 176 86 57 -1 -1
24 31 171 5 194 219 122 -1 -1
24 0 172 592 262 131 80 -1 -1
24 2 172 806 174 69 57 -1 -1
24 20 172 719 193 113 84 -1 -1
24 24 172 779 176 86 57 -1 -1
24 31 172 5 194 219 122 -1 -1
24 0 173 592 262 131 80 -1 -1
24 2 173 806 174 69 57 -1 -1
24 20 173 719 193 113 84 -1 -1
24 24 173 779 176 86 57 -1 -1
24 31 173 4 194 222 120 -1 -1
24 0 174 592 262 132 80 -1 -1
24 2 174 803 175 71 57 -1 -1
24 20 174 718 195 114 82 -1 -1
24 24 174 778 177 88 56 -1 -1
24 31 174 5 193 220 123 -1 -1
24 0 175 592 262 132 80 -1 -1
24 2 175 803 174 71 57 -1 -1
24 20 175 718 195 114 82 -1 -1
24 24 175 779 177 87 56 -1 -1
24 31 175 5 193 220 123 -1 -1
24 0 176 592 262 132 80 -1 -1
24 2 176 804 175 70 56 -1 -1
24 20 176 718 194 114 83 -1 -1
24 24 176 779 176 89 57 -1 -1
24 31 176 5 193 222 123 -1 -1
24 33 176 827 184 63 41 -1 -1
24 0 177 592 262 131 80 -1 -1
24 2 177 806 175 68 56 -1 -1
24 20 177 719 194 113 82 -1 -1
24 24 177 779 176 89 57 -1 -1
24 31 177 6 194 219 122 -1 -1
24 33 177 827 184 63 41 -1 -1
24 0 178 592 262 131 80 -1 -1
24 2 178 806 175 68 57 -1 -1
24 20 178 719 194 113 82 -1 -1
24 24 178 778 176 90 57 -1 -1
24 31 178 5 194 221 122 -1 -1
24 33 178 827 184 63 41 -1 -1
24 0 179 592 262 131 80 -1 -1
24 2 179 805 174 70 58 -1 -1
24 20 179 719 194 113 83 -1 -1
24 24 179 778 176 89 57 -1 -1
24 31 179 5 194 221 122 -1 -1
24 33 179 827 184 63 41 -1 -1
24 0 180 592 261 131 81 -1 -1
24 2 180 803 176 71 56 -1 -1
24 20 180 719 196 113 81 -1 -1
24 24 180 779 176 91 57 -1 -1
24 31 180 5 194 221 122 -1 -1
24 0 181 592 262 132 80 -1 -1
24 2 181 804 176 70 56 -1 -1
24 20 181 719 195 113 82 -1 -1
24 24 181 779 176 90 57 -1 -1
24 31 181 5 193 222 123 -1 -1
24 0 182 592 262 132 80 -1 -1
24 2 182 805 176 69 56 -1 -1
24 20 182 719 195 113 82 -1 -1
24 24 182 779 176 90 57 -1 -1
24 31 182 5 193 222 123 -1 -1
24 0 183 592 261 131 81 -1 -1
24 2 183 804 176 70 55 -1 -1
24 20 183 719 194 113 83 -1 -1
24 24 183 779 176 89 57 -1 -1
24 31 183 5 194 222 122 -1 -1
24 0 184 592 261 131 81 -1 -1
24 2 184 805 176 69 55 -1 -1
24 20 184 719 194 113 83 -1 -1
24 24 184 779 176 89 57 -1 -1
24 31 184 5 194 221 122 -1 -1
24 0 185 592 261 131 81 -1 -1
24 2 185 805 176 70 55 -1 -1
24 20 185 719 194 113 83 -1 -1
24 24 185 779 177 89 56 -1 -1
24 31 185 5 193 222 123 -1 -1
24 0 186 592 261 131 81 -1 -1
24 2 186 806 176 68 55 -1 -1
24 20 186 719 194 113 83 -1 -1
24 24 186 778 177 90 56 -1 -1
24 31 186 5 193 223 123 -1 -1
24 0 187 592 262 131 80 -1 -1
24 2 187 805 176 69 56 -1 -1
24 20 187 719 195 113 82 -1 -1
24 24 187 777 176 93 57 -1 -1
24 31 187 5 193 223 123 -1 -1
24 0 188 591 262 133 80 -1 -1
24 2 188 804 176 70 55 -1 -1
24 20 188 719 194 113 83 -1 -1
24 24 188 778 176 91 57 -1 -1
24 31 188 5 193 223 123 -1 -1
24 0 189 592 262 131 80 -1 -1
24 2 189 804 176 70 55 -1 -1
24 20 189 719 194 113 83 -1 -1
24 24 189 778 176 90 57 -1 -1
24 31 189 5 193 223 123 -1 -1
24 0 190 592 262 131 80 -1 -1
24 2 190 804 176 70 55 -1 -1
24 20 190 719 194 113 83 -1 -1
24 24 190 778 176 90 57 -1 -1
24 31 190 5 194 223 123 -1 -1
24 0 191 591 261 132 81 -1 -1
24 2 191 804 176 71 56 -1 -1
24 20 191 719 194 113 83 -1 -1
24 24 191 777 176 92 57 -1 -1
24 31 191 6 194 219 123 -1 -1
24 0 192 592 261 131 81 -1 -1
24 2 192 802 175 73 56 -1 -1
24 20 192 719 194 114 83 -1 -1
24 24 192 779 176 89 57 -1 -1
24 31 192 6 194 218 122 -1 -1
24 0 193 592 262 131 80 -1 -1
24 2 193 803 176 71 56 -1 -1
24 20 193 719 194 114 83 -1 -1
24 24 193 778 176 90 57 -1 -1
24 31 193 5 194 219 122 -1 -1
24 0 194 592 262 131 80 -1 -1
24 2 194 802 175 72 57 -1 -1
24 20 194 718 194 114 83 -1 -1
24 24 194 779 176 89 57 -1 -1
24 31 194 6 194 218 122 -1 -1
24 0 195 592 262 131 80 -1 -1
24 2 195 802 173 73 58 -1 -1
24 20 195 718 193 114 83 -1 -1
24 24 195 779 176 83 56 -1 -1
24 31 195 6 194 218 122 -1 -1
24 0 196 591 263 132 79 -1 -1
24 2 196 802 172 73 59 -1 -1
24 20 196 718 193 114 83 -1 -1
24 24 196 778 176 86 56 -1 -1
24 31 196 5 193 218 123 -1 -1
24 0 197 592 262 131 80 -1 -1
24 2 197 803 172 72 59 -1 -1
24 20 197 718 194 114 82 -1 -1
24 24 197 779 176 85 56 -1 -1
24 31 197 5 193 218 123 -1 -1
24 0 198 591 262 132 80 -1 -1
24 2 198 802 172 73 59 -1 -1
24 20 198 718 193 114 83 -1 -1
24 24 198 779 176 85 56 -1 -1
24 31 198 5 193 218 123 -1 -1
24 0 199 591 262 132 80 -1 -1
24 2 199 803 174 72 57 -1 -1
24 20 199 718 193 114 83 -1 -1
24 24 199 779 176 86 56 -1 -1
24 31 199 6 194 216 122 -1 -1
24 0 200 591 262 132 80 -1 -1
24 2 200 802 173 73 58 -1 -1
24 20 200 718 192 114 84 -1 -1
24 24 200 779 175 85 57 -1 -1
24 31 200 6 194 217 122 -1 -1
24 34 200 827 183 63 43 -1 -1
24 0 201 591 262 132 80 -1 -1
24 2 201 802 173 73 58 -1 -1
24 20 201 718 193 114 83 -1 -1
24 24 201 779 175 86 57 -1 -1
24 31 201 6 194 217 122 -1 -1
24 34 201 827 183 63 43 -1 -1
24 0 202 591 262 132 80 -1 -1
24 2 202 801 173 74 58 -1 -1
24 20 202 718 193 114 83 -1 -1
24 24 202 779 175 86 57 -1 -1
24 31 202 6 194 217 122 -1 -1
24 34 202 827 183 63 43 -1 -1
24 0 203 591 262 132 80 -1 -1
24 2 203 800 172 75 59 -1 -1
24 20 203 718 192 115 84 -1 -1
24 24 203 779 175 86 57 -1 -1
24 31 203 3 195 221 119 -1 -1
24 34 203 827 183 63 43 -1 -1
24 0 204 592 262 131 81 -1 -1
24 2 204 802 172 74 59 -1 -1
24 20 204 718 192 114 84 -1 -1
24 24 204 779 175 86 57 -1 -1
24 31 204 6 193 218 123 -1 -1
24 0 205 592 262 131 81 -1 -1
24 2 205 801 172 75 59 -1 -1
24 20 205 718 192 115 84 -1 -1
24 24 205 779 175 86 57 -1 -1
24 31 205 6 193 218 123 -1 -1
24 0 206 592 263 131 80 -1 -1
24 2 206 801 172 75 59 -1 -1
24 20 206 718 192 114 84 -1 -1
24 31 206 6 194 218 122 -1 -1
24 0 207 592 263 131 80 -1 -1
24 2 207 801 173 74 58 -1 -1
24 20 207 718 192 114 84 -1 -1
24 31 207 6 194 218 122 -1 -1
24 35 207 829 182 63 42 -1 -1
24 0 208 591 262 132 80 -1 -1
24 2 208 800 172 75 59 -1 -1
24 20 208 718 194 114 82 -1 -1
24 31 208 4 194 221 120 -1 -1
24 35 208 829 182 63 42 -1 -1
24 0 209 592 263 131 79 -1 -1
24 2 209 800 171 75 60 -1 -1
24 20 209 718 192 114 84 -1 -1
24 31 209 4 194 221 120 -1 -1
24 35 209 829 182 63 42 -1 -1
24 0 210 592 263 130 79 -1 -1
24 2 210 798 171 77 60 -1 -1
24 20 210 718 192 114 84 -1 -1
24 31 210 5 193 219 123 -1 -1
24 35 210 829 182 63 42 -1 -1
24 0 211 592 262 130 81 -1 -1
24 2 211 799 171 76 60 -1 -1
24 20 211 718 192 114 84 -1 -1
24 31 211 6 193 217 123 -1 -1
24 0 212 592 263 131 79 -1 -1
24 2 212 799 171 76 60 -1 -1
24 20 212 719 192 113 84 -1 -1
24 31 212 6 194 217 123 -1 -1
24 0 213 592 262 131 80 -1 -1
24 2 213 800 171 75 60 -1 -1
24 20 213 719 192 113 84 -1 -1
24 31 213 6 193 217 124 -1 -1
24 36 213 778 175 87 57 -1 -1
24 0 214 591 263 132 79 -1 -1
24 2 214 800 172 75 59 -1 -1
24 20 214 718 192 114 84 -1 -1
24 31 214 6 194 217 122 -1 -1
24 36 214 778 175 87 57 -1 -1
24 0 215 592 262 131 80 -1 -1
24 2 215 799 171 76 60 -1 -1
24 20 215 718 192 114 84 -1 -1
24 31 215 6 194 218 122 -1 -1
24 36 215 778 175 87 57 -1 -1
24 0 216 591 262 132 81 -1 -1
24 2 216 800 171 75 60 -1 -1
24 20 216 718 193 114 83 -1 -1
24 31 216 5 193 220 123 -1 -1
24 36 216 778 175 87 57 -1 -1
24 37 216 832 163 75 39 -1 -1
24 0 217 592 262 131 80 -1 -1
24 2 217 800 172 75 59 -1 -1
24 20 217 718 193 114 83 -1 -1
24 31 217 6 192 219 124 -1 -1
24 36 217 778 175 87 57 -1 -1
24 37 217 832 163 75 39 -1 -1
24 0 218 592 263 131 79 -1 -1
24 2 218 800 172 75 59 -1 -1
24 20 218 719 193 114 83 -1 -1
24 31 218 5 191 220 126 -1 -1
24 36 218 778 175 89 57 -1 -1
24 37 218 832 163 75 39 -1 -1
24 0 219 592 263 131 79 -1 -1
24 2 219 800 172 75 59 -1 -1
24 20 219 719 193 114 83 -1 -1
24 31 219 5 191 220 126 -1 -1
24 36 219 778 175 87 57 -1 -1
24 37 219 832 163 75 39 -1 -1
24 0 220 592 263 131 79 -1 -1
24 2 220 800 171 75 60 -1 -1
24 20 220 719 192 113 84 -1 -1
24 31 220 5 192 219 124 -1 -1
24 36 220 778 175 87 57 -1 -1
24 0 221 591 262 132 80 -1 -1
24 2 221 799 171 76 60 -1 -1
24 20 221 718 194 113 82 -1 -1
24 31 221 4 193 223 121 -1 -1
24 36 221 778 175 88 57 -1 -1
24 0 222 591 263 132 79 -1 -1
24 2 222 799 171 76 60 -1 -1
24 20 222 718 194 113 83 -1 -1
24 31 222 4 193 222 121 -1 -1
24 36 222 778 175 87 57 -1 -1
24 0 223 592 263 131 79 -1 -1
24 2 223 800 171 75 60 -1 -1
24 20 223 718 192 114 84 -1 -1
24 31 223 4 193 222 121 -1 -1
24 36 223 778 175 87 57 -1 -1
24 0 224 592 263 131 80 -1 -1
24 2 224 799 170 76 61 -1 -1
24 20 224 719 193 113 83 -1 -1
24 31 224 4 193 222 122 -1 -1
24 36 224 777 174 90 58 -1 -1
24 0 225 592 262 131 81 -1 -1
24 2 225 799 171 76 60 -1 -1
24 20 225 719 193 113 84 -1 -1
24 31 225 5 193 220 124 -1 -1
24 36 225 777 174 92 58 -1 -1
24 0 226 592 262 131 81 -1 -1
24 2 226 799 172 76 59 -1 -1
24 20 226 719 193 113 83 -1 -1
24 31 226 4 194 222 121 -1 -1
24 36 226 777 174 92 58 -1 -1
24 0 227 592 263 131 80 -1 -1
24 2 227 799 171 76 60 -1 -1
24 20 227 719 192 113 85 -1 -1
24 31 227 5 194 219 122 -1 -1
24 36 227 777 174 92 58 -1 -1
24 0 228 591 263 133 80 -1 -1
24 2 228 799 170 76 61 -1 -1
24 20 228 719 193 114 84 -1 -1
24 31 228 6 194 219 123 -1 -1
24 36 228 778 174 90 58 -1 -1
24 0 229 591 263 133 80 -1 -1
24 2 229 799 171 76 60 -1 -1
24 20 229 719 193 113 84 -1 -1
24 31 229 6 194 219 123 -1 -1
24 36 229 778 174 90 58 -1 -1
24 0 230 592 263 132 79 -1 -1
24 2 230 798 171 77 60 -1 -1
24 20 230 719 194 114 83 -1 -1
24 31 230 6 193 218 124 -1 -1
24 36 230 777 174 92 59 -1 -1
24 0 231 592 262 132 80 -1 -1
24 2 231 799 171 76 60 -1 -1
24 20 231 719 193 114 84 -1 -1
24 31 231 6 193 218 124 -1 -1
24 36 231 778 174 91 59 -1 -1
24 0 232 592 262 132 80 -1 -1
24 2 232 799 171 76 60 -1 -1
24 20 232 719 193 114 84 -1 -1
24 31 232 6 193 219 123 -1 -1
24 36 232 778 174 91 59 -1 -1
24 0 233 592 262 132 80 -1 -1
24 2 233 799 171 76 60 -1 -1
24 20 233 719 192 114 85 -1 -1
24 31 233 6 193 218 124 -1 -1
24 36 233 777 174 91 58 -1 -1
24 0 234 591 262 132 80 -1 -1
24 2 234 797 170 78 61 -1 -1
24 20 234 718 193 115 84 -1 -1
24 31 234 5 193 219 124 -1 -1
24 36 234 777 173 93 59 -1 -1
24 0 235 591 263 132 80 -1 -1
24 2 235 801 172 73 58 -1 -1
24 20 235 718 195 115 82 -1 -1
24 31 235 4 193 221 121 -1 -1
24 36 235 779 174 91 58 -1 -1
24 0 236 591 263 132 80 -1 -1
24 2 236 801 172 73 59 -1 -1
24 20 236 719 194 114 83 -1 -1
24 31 236 3 193 221 122 -1 -1
24 36 236 779 174 90 58 -1 -1
24 0 237 591 262 132 81 -1 -1
24 2 237 803 174 72 57 -1 -1
24 20 237 719 195 113 82 -1 -1
24 31 237 3 193 221 122 -1 -1
24 36 237 781 173 91 59 -1 -1
24 38 237 827 182 64 42 -1 -1
24 0 238 591 262 132 81 -1 -1
24 2 238 803 174 72 57 -1 -1
24 20 238 719 196 113 81 -1 -1
24 31 238 3 193 221 122 -1 -1
24 36 238 781 173 91 60 -1 -1
24 38 238 827 182 63 42 -1 -1
24 0 239 592 262 131 81 -1 -1
24 2 239 801 173 73 58 -1 -1
24 20 239 719 194 113 82 -1 -1
24 31 239 3 193 221 122 -1 -1
24 36 239 780 174 90 58 -1 -1
24 38 239 827 182 63 42 -1 -1
24 0 240 591 263 132 79 -1 -1
24 2 240 804 175 70 56 -1 -1
24 20 240 718 195 114 82 -1 -1
24 31 240 4 192 222 123 -1 -1
24 36 240 779 174 92 58 -1 -1
24 38 240 827 182 63 42 -1 -1
24 0 241 591 263 132 80 -1 -1
24 2 241 804 175 70 56 -1 -1
24 20 241 718 195 114 82 -1 -1
24 31 241 3 193 223 122 -1 -1
24 36 241 779 174 92 58 -1 -1
24 38 241 827 182 63 42 -1 -1
24 39 241 1077 902 143 84 -1 -1
24 0 242 591 263 132 80 -1 -1
24 2 242 806 175 68 56 -1 -1
24 20 242 718 195 114 82 -1 -1
24 31 242 3 193 223 122 -1 -1
24 36 242 780 173 91 60 -1 -1
24 38 242 826 183 64 41 -1 -1
24 39 242 1077 902 143 84 -1 -1
24 40 242 191 1691 605 228 -1 -1
24 41 242 832 164 73 41 -1 -1
24 0 243 591 263 131 80 -1 -1
24 2 243 805 175 69 56 -1 -1
24 20 243 718 195 113 82 -1 -1
24 31 243 3 193 223 122 -1 -1
24 36 243 780 173 91 60 -1 -1
24 38 243 826 183 64 41 -1 -1
24 39 243 1077 902 143 84 -1 -1
24 40 243 191 1691 605 228 -1 -1
24 41 243 832 164 73 41 -1 -1
24 0 244 592 263 130 80 -1 -1
24 2 244 805 175 70 56 -1 -1
24 20 244 718 194 114 83 -1 -1
24 31 244 3 193 222 122 -1 -1
24 36 244 779 173 92 60 -1 -1
24 38 244 826 183 64 42 -1 -1
24 39 244 1077 902 143 84 -1 -1
24 40 244 191 1691 605 228 -1 -1
24 41 244 832 164 73 41 -1 -1
24 0 245 591 262 132 80 -1 -1
24 2 245 803 174 72 57 -1 -1
24 20 245 718 192 114 85 -1 -1
24 31 245 5 193 218 123 -1 -1
24 36 245 778 174 94 59 -1 -1
24 38 245 826 183 64 42 -1 -1
24 40 245 191 1691 605 228 -1 -1
24 41 245 832 164 73 41 -1 -1
24 0 246 591 263 132 80 -1 -1
24 2 246 802 174 73 57 -1 -1
24 20 246 718 192 115 85 -1 -1
24 31 246 5 194 218 122 -1 -1
24 36 246 778 174 94 58 -1 -1
24 38 246 826 183 64 42 -1 -1
24 0 247 591 263 133 79 -1 -1
24 2 247 804 175 70 56 -1 -1
24 20 247 718 194 114 83 -1 -1
24 31 247 3 192 224 122 -1 -1
24 36 247 779 174 93 58 -1 -1
24 38 247 827 182 63 42 -1 -1
24 0 248 591 262 133 80 -1 -1
24 2 248 802 174 72 57 -1 -1
24 20 248 718 195 114 82 -1 -1
24 31 248 3 193 223 121 -1 -1
24 36 248 781 174 90 59 -1 -1
24 38 248 827 182 62 43 -1 -1
24 0 249 591 262 132 80 -1 -1
24 2 249 801 174 73 57 -1 -1
24 20 249 718 194 114 83 -1 -1
24 31 249 5 192 218 125 -1 -1
24 36 249 778 172 95 61 -1 -1
24 38 249 827 182 62 43 -1 -1
24 0 250 591 261 131 81 -1 -1
24 2 250 800 174 74 57 -1 -1
24 20 250 718 195 115 82 -1 -1
24 31 250 5 193 217 124 -1 -1
24 36 250 778 172 94 60 -1 -1
24 38 250 827 182 62 43 -1 -1
24 0 251 592 261 130 81 -1 -1
24 2 251 799 172 75 58 -1 -1
24 20 251 719 194 114 83 -1 -1
24 31 251 6 193 216 124 -1 -1
24 36 251 778 172 94 60 -1 -1
24 38 251 827 182 62 43 -1 -1
24 0 252 592 261 131 81 -1 -1
24 2 252 798 172 76 59 -1 -1
24 20 252 719 196 114 81 -1 -1
24 31 252 5 193 217 124 -1 -1
24 36 252 779 172 94 60 -1 -1
24 0 253 591 262 132 80 -1 -1
24 2 253 800 173 74 57 -1 -1
24 20 253 718 196 114 81 -1 -1
24 31 253 5 193 217 124 -1 -1
24 36 253 780 171 93 61 -1 -1
24 42 253 626 123 105 68 -1 -1
24 0 254 591 262 132 80 -1 -1
24 2 254 799 172 75 58 -1 -1
24 20 254 718 196 115 81 -1 -1
24 31 254 5 193 217 123 -1 -1
24 36 254 777 171 96 61 -1 -1
24 42 254 626 123 105 68 -1 -1
24 0 255 591 262 132 80 -1 -1
24 2 255 780 172 93 61 -1 -1
24 20 255 720 196 111 82 -1 -1
24 31 255 5 193 217 123 -1 -1
24 36 255 777 171 96 61 -1 -1
24 42 255 626 123 105 68 -1 -1
24 0 256 591 262 132 80 -1 -1
24 2 256 780 172 93 60 -1 -1
24 20 256 720 197 110 81 -1 -1
24 31 256 5 193 217 123 -1 -1
24 36 256 777 171 96 61 -1 -1
24 42 256 626 123 105 68 -1 -1
24 0 257 592 262 131 80 -1 -1
24 2 257 780 173 93 59 -1 -1
24 20 257 720 197 110 81 -1 -1
24 31 257 5 193 217 123 -1 -1
24 36 257 803 175 71 55 -1 -1
24 0 258 592 262 131 80 -1 -1
24 2 258 781 173 92 59 -1 -1
24 20 258 718 196 113 81 -1 -1
24 31 258 4 194 219 121 -1 -1
24 36 258 804 176 70 54 -1 -1
24 0 259 592 262 131 80 -1 -1
24 2 259 781 174 91 57 -1 -1
24 20 259 718 197 113 80 -1 -1
24 31 259 4 195 220 119 -1 -1
24 36 259 804 176 70 54 -1 -1
24 0 260 592 262 131 80 -1 -1
24 2 260 781 174 90 58 -1 -1
24 20 260 718 197 113 80 -1 -1
24 31 260 4 195 220 119 -1 -1
24 36 260 804 175 70 55 -1 -1
24 0 261 592 262 132 80 -1 -1
24 2 261 781 174 91 58 -1 -1
24 20 261 718 197 113 80 -1 -1
24 31 261 4 194 220 120 -1 -1
24 36 261 804 175 70 55 -1 -1
24 43 261 835 163 70 39 -1 -1
24 0 262 592 262 131 80 -1 -1
24 2 262 781 174 91 58 -1 -1
24 20 262 718 197 112 80 -1 -1
24 31 262 3 194 221 120 -1 -1
24 36 262 827 182 63 40 -1 -1
24 43 262 835 163 70 39 -1 -1
24 0 263 592 262 131 80 -1 -1
24 2 263 780 174 92 58 -1 -1
24 20 263 718 197 112 80 -1 -1
24 31 263 3 194 221 120 -1 -1
24 36 263 827 182 63 40 -1 -1
24 43 263 835 163 70 40 -1 -1
24 0 264 592 263 132 79 -1 -1
24 2 264 779 175 90 57 -1 -1
24 20 264 719 195 111 81 -1 -1
24 31 264 3 194 221 121 -1 -1
24 36 264 806 176 68 54 -1 -1
24 43 264 835 163 70 40 -1 -1
24 0 265 592 262 132 80 -1 -1
24 2 265 779 175 92 57 -1 -1
24 20 265 718 195 113 82 -1 -1
24 31 265 4 195 220 119 -1 -1
24 36 265 805 176 69 54 -1 -1
24 43 265 835 163 70 40 -1 -1
24 0 266 592 262 132 80 -1 -1
24 2 266 779 175 92 57 -1 -1
24 20 266 718 195 113 82 -1 -1
24 31 266 4 195 219 119 -1 -1
24 36 266 805 176 69 54 -1 -1
24 43 266 835 163 70 40 -1 -1
24 0 267 592 262 132 80 -1 -1
24 2 267 778 174 94 58 -1 -1
24 20 267 717 194 114 83 -1 -1
24 31 267 4 195 219 120 -1 -1
24 36 267 804 176 70 55 -1 -1
24 0 268 591 262 133 81 -1 -1
24 2 268 778 174 94 58 -1 -1
24 20 268 717 194 114 83 -1 -1
24 31 268 4 195 219 119 -1 -1
24 36 268 803 177 71 54 -1 -1
24 0 269 591 262 133 81 -1 -1
24 2 269 778 174 94 58 -1 -1
24 20 269 718 194 113 83 -1 -1
24 31 269 4 195 219 119 -1 -1
24 36 269 803 177 70 54 -1 -1
24 0 270 591 262 133 80 -1 -1
24 2 270 778 175 93 57 -1 -1
24 20 270 718 194 113 82 -1 -1
24 31 270 4 195 219 119 -1 -1
24 36 270 801 176 72 54 -1 -1
24 0 271 592 262 132 81 -1 -1
24 2 271 779 174 93 58 -1 -1
24 20 271 718 194 113 82 -1 -1
24 31 271 4 195 220 119 -1 -1
24 36 271 800 175 73 56 -1 -1
24 0 272 591 262 133 81 -1 -1
24 2 272 779 174 93 58 -1 -1
24 20 272 718 195 113 81 -1 -1
24 31 272 4 195 220 119 -1 -1
24 36 272 801 175 72 55 -1 -1
24 0 273 591 262 133 81 -1 -1
24 2 273 779 174 93 58 -1 -1
24 20 273 718 195 113 81 -1 -1
24 31 273 4 195 220 119 -1 -1
24 36 273 801 175 72 55 -1 -1
24 0 274 592 262 132 81 -1 -1
24 2 274 779 174 94 58 -1 -1
24 20 274 718 195 113 81 -1 -1
24 31 274 4 194 222 120 -1 -1
24 36 274 801 175 72 55 -1 -1
24 0 275 592 263 131 79 -1 -1
24 2 275 779 173 93 59 -1 -1
24 20 275 717 195 114 82 -1 -1
24 31 275 4 194 222 120 -1 -1
24 36 275 804 175 69 55 -1 -1
24 44 275 826 182 64 42 -1 -1
24 45 275 829 119 113 58 -1 -1
24 0 276 592 262 131 80 -1 -1
24 2 276 780 173 92 59 -1 -1
24 20 276 717 195 114 82 -1 -1
24 31 276 4 193 222 121 -1 -1
24 36 276 803 174 70 56 -1 -1
24 44 276 826 182 64 42 -1 -1
24 45 276 830 119 113 60 -1 -1
24 0 277 592 262 132 80 -1 -1
24 2 277 780 173 91 58 -1 -1
24 20 277 717 196 114 81 -1 -1
24 31 277 4 193 222 121 -1 -1
24 36 277 803 173 71 57 -1 -1
24 44 277 826 182 64 42 -1 -1
24 45 277 831 119 112 58 -1 -1
24 0 278 593 262 131 80 -1 -1
24 2 278 779 173 91 58 -1 -1
24 20 278 718 196 113 81 -1 -1
24 31 278 6 192 218 124 -1 -1
24 36 278 803 173 71 57 -1 -1
24 44 278 826 182 64 42 -1 -1
24 45 278 831 119 112 57 -1 -1
24 0 279 592 262 132 80 -1 -1
24 2 279 778 172 95 60 -1 -1
24 20 279 718 197 113 80 -1 -1
24 31 279 6 192 218 124 -1 -1
24 36 279 803 174 71 56 -1 -1
24 44 279 827 182 63 42 -1 -1
24 45 279 831 119 112 57 -1 -1
24 0 280 592 262 132 80 -1 -1
24 2 280 779 172 94 60 -1 -1
24 20 280 718 196 113 81 -1 -1
24 31 280 6 192 219 124 -1 -1
24 36 280 803 173 71 57 -1 -1
24 44 280 827 182 63 42 -1 -1
24 45 280 831 119 112 57 -1 -1
24 0 281 592 263 132 79 -1 -1
24 2 281 780 173 92 59 -1 -1
24 20 281 719 200 112 78 -1 -1
24 31 281 5 192 220 124 -1 -1
24 36 281 804 175 69 55 -1 -1
24 44 281 827 183 63 41 -1 -1
24 45 281 831 119 112 57 -1 -1
24 0 282 592 262 132 80 -1 -1
24 2 282 780 173 92 59 -1 -1
24 20 282 719 200 112 78 -1 -1
24 31 282 5 192 220 124 -1 -1
24 36 282 805 175 68 55 -1 -1
24 44 282 827 183 62 41 -1 -1
24 0 283 592 262 132 80 -1 -1
24 2 283 780 173 92 59 -1 -1
24 20 283 719 200 112 78 -1 -1
24 31 283 5 193 222 123 -1 -1
24 36 283 802 175 71 55 -1 -1
24 44 283 827 183 62 41 -1 -1
24 0 284 592 262 132 80 -1 -1
24 2 284 779 173 92 59 -1 -1
24 20 284 717 196 115 81 -1 -1
24 31 284 5 194 220 122 -1 -1
24 36 284 800 173 74 57 -1 -1
24 44 284 827 183 62 41 -1 -1
24 0 285 592 262 132 80 -1 -1
24 2 285 778 173 93 59 -1 -1
24 20 285 717 196 114 81 -1 -1
24 31 285 5 194 221 122 -1 -1
24 36 285 801 173 73 57 -1 -1
24 44 285 827 183 62 41 -1 -1
24 0 286 592 262 132 80 -1 -1
24 2 286 778 173 94 59 -1 -1
24 20 286 718 195 113 82 -1 -1
24 31 286 5 194 221 122 -1 -1
24 36 286 803 175 71 55 -1 -1
24 0 287 592 262 132 80 -1 -1
24 2 287 778 172 94 60 -1 -1
24 20 287 718 195 113 82 -1 -1
24 31 287 6 194 220 122 -1 -1
24 36 287 803 175 71 55 -1 -1
24 46 287 827 182 64 42 -1 -1
24 0 288 592 262 131 80 -1 -1
24 2 288 780 172 93 60 -1 -1
24 20 288 717 196 114 81 -1 -1
24 31 288 5 193 221 123 -1 -1
24 36 288 801 174 73 57 -1 -1
24 46 288 827 182 64 42 -1 -1
24 0 289 592 262 131 80 -1 -1
24 2 289 779 172 93 60 -1 -1
24 20 289 717 195 114 82 -1 -1
24 31 289 5 193 221 123 -1 -1
24 36 289 800 173 73 58 -1 -1
24 46 289 827 182 64 42 -1 -1
24 0 290 592 262 132 80 -1 -1
24 2 290 779 173 93 59 -1 -1
24 20 290 717 195 114 82 -1 -1
24 31 290 5 193 221 123 -1 -1
24 36 290 800 173 74 58 -1 -1
24 46 290 827 182 64 42 -1 -1
24 0 291 592 262 131 80 -1 -1
24 2 291 778 172 93 60 -1 -1
24 20 291 717 195 114 82 -1 -1
24 31 291 6 193 220 123 -1 -1
24 36 291 801 173 73 57 -1 -1
24 0 292 592 262 132 80 -1 -1
24 2 292 778 173 93 59 -1 -1
24 20 292 717 195 114 82 -1 -1
24 31 292 5 192 221 125 -1 -1
24 36 292 803 174 71 56 -1 -1
24 0 293 592 262 132 80 -1 -1
24 2 293 778 173 94 59 -1 -1
24 20 293 717 195 114 82 -1 -1
24 31 293 6 192 220 125 -1 -1
24 36 293 803 174 71 56 -1 -1
24 0 294 592 262 132 80 -1 -1
24 2 294 778 173 94 59 -1 -1
24 20 294 717 195 114 82 -1 -1
24 31 294 5 192 221 125 -1 -1
24 36 294 802 174 72 56 -1 -1
24 0 295 592 262 131 81 -1 -1
24 2 295 780 172 92 60 -1 -1
24 20 295 717 195 114 82 -1 -1
24 31 295 5 192 222 125 -1 -1
24 36 295 803 174 71 56 -1 -1
24 0 296 592 262 132 81 -1 -1
24 2 296 780 173 91 59 -1 -1
24 20 296 717 195 114 82 -1 -1
24 31 296 5 192 222 125 -1 -1
24 36 296 804 174 69 56 -1 -1
24 47 296 826 181 64 43 -1 -1
24 0 297 591 263 133 79 -1 -1
24 2 297 781 175 88 57 -1 -1
24 20 297 718 194 113 83 -1 -1
24 31 297 6 193 220 123 -1 -1
24 36 297 806 175 68 55 -1 -1
24 47 297 827 181 64 43 -1 -1
24 48 297 831 119 111 58 -1 -1
24 49 297 833 162 74 39 -1 -1
24 50 297 629 122 104 69 -1 -1
24 0 298 591 263 133 79 -1 -1
24 2 298 780 175 88 57 -1 -1
24 20 298 718 194 113 83 -1 -1
24 31 298 6 192 220 124 -1 -1
24 36 298 806 175 68 56 -1 -1
24 47 298 827 181 64 43 -1 -1
24 48 298 831 119 112 57 -1 -1
24 49 298 834 163 72 39 -1 -1
24 50 298 629 122 104 69 -1 -1
24 0 299 591 263 133 79 -1 -1
24 2 299 780 175 88 58 -1 -1
24 20 299 718 194 113 83 -1 -1
24 31 299 6 193 220 123 -1 -1
24 36 299 806 175 68 56 -1 -1
24 47 299 827 181 64 43 -1 -1
24 48 299 831 119 112 57 -1 -1
24 49 299 834 163 72 39 -1 -1
24 50 299 630 122 103 69 -1 -1
24 51 299 628 85 106 54 -1 -1
24 0 300 592 262 132 80 -1 -1
24 2 300 779 176 87 57 -1 -1
24 20 300 718 194 114 82 -1 -1
24 31 300 5 193 220 123 -1 -1
24 36 300 803 174 71 57 -1 -1
24 47 300 827 182 64 42 -1 -1
24 48 300 830 119 114 60 -1 -1
24 49 300 834 163 72 39 -1 -1
24 50 300 628 123 105 68 -1 -1
24 51 300 628 85 106 54 -1 -1
24 0 301 592 262 132 80 -1 -1
24 2 301 779 176 87 57 -1 -1
24 20 301 718 194 114 83 -1 -1
24 31 301 6 194 220 122 -1 -1
24 36 301 802 173 72 58 -1 -1
24 47 301 827 182 64 42 -1 -1
24 48 301 830 119 114 61 -1 -1
24 49 301 834 163 72 39 -1 -1
24 50 301 628 123 105 68 -1 -1
24 51 301 628 85 106 54 -1 -1
24 0 302 592 262 132 80 -1 -1
24 2 302 780 176 86 57 -1 -1
24 20 302 718 194 114 83 -1 -1
24 31 302 6 193 219 123 -1 -1
24 36 302 803 175 71 56 -1 -1
24 47 302 827 183 64 41 -1 -1
24 48 302 830 119 114 60 -1 -1
24 49 302 834 163 72 39 -1 -1
24 50 302 628 123 106 68 -1 -1
24 51 302 628 85 106 54 -1 -1
24 0 303 592 262 132 80 -1 -1
24 2 303 779 176 88 57 -1 -1
24 20 303 718 194 114 83 -1 -1
24 31 303 6 194 219 122 -1 -1
24 36 303 803 174 71 57 -1 -1
24 47 303 828 182 63 42 -1 -1
24 48 303 830 119 114 60 -1 -1
24 50 303 627 123 106 68 -1 -1
24 0 304 592 262 132 80 -1 -1
24 2 304 779 175 86 58 -1 -1
24 20 304 718 193 114 84 -1 -1
24 31 304 6 193 220 123 -1 -1
24 36 304 803 174 71 57 -1 -1
24 47 304 828 182 63 42 -1 -1
24 48 304 830 119 114 59 -1 -1
24 50 304 628 123 105 68 -1 -1
24 0 305 592 262 132 80 -1 -1
24 2 305 778 175 89 58 -1 -1
24 20 305 718 193 114 84 -1 -1
24 31 305 6 193 220 123 -1 -1
24 36 305 804 175 70 56 -1 -1
24 47 305 828 182 63 42 -1 -1
24 48 305 830 120 114 60 -1 -1
24 50 305 627 123 107 68 -1 -1
24 0 306 592 262 132 80 -1 -1
24 2 306 779 175 88 58 -1 -1
24 20 306 719 193 113 84 -1 -1
24 31 306 6 193 220 124 -1 -1
24 36 306 804 175 70 56 -1 -1
24 47 306 828 182 63 42 -1 -1
24 48 306 831 119 113 60 -1 -1
24 50 306 627 123 108 68 -1 -1
24 0 307 592 262 132 80 -1 -1
24 2 307 779 176 87 57 -1 -1
24 20 307 719 192 113 84 -1 -1
24 31 307 6 193 220 124 -1 -1
24 36 307 804 175 70 56 -1 -1
24 47 307 827 182 64 42 -1 -1
24 48 307 831 120 112 60 -1 -1
24 50 307 628 123 105 68 -1 -1
24 0 308 591 262 132 80 -1 -1
24 2 308 780 176 86 57 -1 -1
24 20 308 718 193 113 84 -1 -1
24 31 308 6 193 222 123 -1 -1
24 36 308 805 175 69 56 -1 -1
24 47 308 827 182 63 42 -1 -1
24 48 308 830 120 114 60 -1 -1
24 50 308 629 123 104 68 -1 -1
24 0 309 591 262 132 80 -1 -1
24 2 309 779 176 89 57 -1 -1
24 20 309 718 193 113 84 -1 -1
24 31 309 6 193 222 123 -1 -1
24 36 309 805 175 69 56 -1 -1
24 47 309 827 182 64 42 -1 -1
24 48 309 830 120 114 60 -1 -1
24 50 309 628 123 106 68 -1 -1
24 52 309 833 162 76 37 -1 -1
24 0 310 592 262 132 80 -1 -1
24 2 310 779 176 90 57 -1 -1
24 20 310 718 193 114 84 -1 -1
24 31 310 6 193 220 123 -1 -1
24 36 310 805 176 69 55 -1 -1
24 47 310 827 182 63 42 -1 -1
24 48 310 831 120 113 60 -1 -1
24 50 310 628 123 105 68 -1 -1
24 52 310 834 161 75 38 -1 -1
24 0 311 591 262 132 80 -1 -1
24 2 311 779 176 89 57 -1 -1
24 20 311 718 193 113 84 -1 -1
24 31 311 6 193 220 123 -1 -1
24 36 311 804 176 70 55 -1 -1
24 47 311 827 182 64 42 -1 -1
24 48 311 831 120 113 60 -1 -1
24 50 311 628 123 105 68 -1 -1
24 52 311 834 161 75 38 -1 -1
24 0 312 592 262 132 80 -1 -1
24 2 312 779 176 87 56 -1 -1
24 20 312 718 192 113 85 -1 -1
24 31 312 6 194 218 122 -1 -1
24 36 312 805 176 69 55 -1 -1
24 47 312 827 182 64 42 -1 -1
24 48 312 831 120 113 60 -1 -1
24 50 312 628 123 106 68 -1 -1
24 52 312 834 161 75 38 -1 -1
24 0 313 592 262 132 80 -1 -1
24 2 313 779 176 87 56 -1 -1
24 20 313 718 193 113 84 -1 -1
24 31 313 6 194 218 122 -1 -1
24 36 313 804 176 70 55 -1 -1
24 47 313 827 182 63 42 -1 -1
24 48 313 831 120 113 60 -1 -1
24 50 313 628 123 106 68 -1 -1
24 52 313 834 161 75 38 -1 -1
24 0 314 592 262 132 81 -1 -1
24 2 314 779 176 86 56 -1 -1
24 20 314 718 193 113 83 -1 -1
24 31 314 6 193 219 123 -1 -1
24 36 314 803 175 71 56 -1 -1
24 47 314 827 182 63 42 -1 -1
24 50 314 628 123 107 68 -1 -1
24 0 315 592 262 131 80 -1 -1
24 2 315 780 176 86 57 -1 -1
24 20 315 718 193 113 83 -1 -1
24 31 315 6 193 219 123 -1 -1
24 36 315 804 176 70 55 -1 -1
24 47 315 827 182 63 42 -1 -1
24 50 315 629 123 105 68 -1 -1
24 0 316 592 262 131 80 -1 -1
24 2 316 779 176 88 57 -1 -1
24 20 316 718 193 113 84 -1 -1
24 31 316 6 193 219 123 -1 -1
24 36 316 804 176 70 55 -1 -1
24 47 316 827 182 63 43 -1 -1
24 50 316 629 123 105 68 -1 -1
24 0 317 592 262 131 80 -1 -1
24 2 317 779 176 87 57 -1 -1
24 20 317 718 192 113 85 -1 -1
24 31 317 6 193 219 123 -1 -1
24 36 317 804 177 70 54 -1 -1
24 47 317 827 183 63 42 -1 -1
24 50 317 628 123 107 68 -1 -1
24 53 317 831 119 112 61 -1 -1
24 0 318 592 262 131 81 -1 -1
24 2 318 779 176 89 57 -1 -1
24 20 318 718 192 114 85 -1 -1
24 31 318 6 193 218 123 -1 -1
24 36 318 804 177 70 54 -1 -1
24 47 318 827 183 63 42 -1 -1
24 50 318 628 123 107 68 -1 -1
24 53 318 831 120 112 60 -1 -1
24 0 319 592 262 131 81 -1 -1
24 2 319 779 176 89 57 -1 -1
24 20 319 718 193 114 84 -1 -1
24 31 319 6 193 219 123 -1 -1
24 36 319 804 177 70 54 -1 -1
24 47 319 827 183 63 42 -1 -1
24 50 319 629 123 105 68 -1 -1
24 53 319 831 120 112 60 -1 -1
24 0 320 592 262 131 80 -1 -1
24 2 320 779 176 88 56 -1 -1
24 20 320 718 193 114 84 -1 -1
24 31 320 6 193 219 123 -1 -1
24 36 320 803 176 71 55 -1 -1
24 47 320 827 183 63 42 -1 -1
24 50 320 628 123 107 68 -1 -1
24 53 320 831 120 112 60 -1 -1
24 0 321 592 262 131 81 -1 -1
24 2 321 780 176 86 56 -1 -1
24 20 321 718 193 114 84 -1 -1
24 31 321 6 193 219 123 -1 -1
24 36 321 804 176 70 55 -1 -1
24 47 321 826 181 64 44 -1 -1
24 50 321 629 123 106 68 -1 -1
24 53 321 831 120 112 60 -1 -1
24 0 322 592 262 131 81 -1 -1
24 2 322 780 175 87 58 -1 -1
24 20 322 718 193 114 84 -1 -1
24 31 322 6 193 219 123 -1 -1
24 36 322 804 176 70 55 -1 -1
24 47 322 826 181 64 44 -1 -1
24 50 322 629 123 106 68 -1 -1
24 53 322 830 120 113 59 -1 -1
24 0 323 592 262 131 81 -1 -1
24 2 323 780 176 86 57 -1 -1
24 20 323 718 193 113 84 -1 -1
24 31 323 6 193 219 123 -1 -1
24 36 323 804 176 70 55 -1 -1
24 47 323 827 182 63 43 -1 -1
24 50 323 630 123 104 68 -1 -1
24 53 323 831 119 112 60 -1 -1
24 0 324 592 263 131 80 -1 -1
24 2 324 781 175 89 58 -1 -1
24 20 324 718 193 113 84 -1 -1
24 31 324 6 194 218 122 -1 -1
24 36 324 809 176 66 55 -1 -1
24 47 324 827 181 63 43 -1 -1
24 50 324 629 122 106 68 -1 -1
24 53 324 831 119 112 60 -1 -1
24 0 325 592 262 132 81 -1 -1
24 2 325 779 175 91 58 -1 -1
24 20 325 719 193 111 84 -1 -1
24 31 325 6 194 218 122 -1 -1
24 36 325 808 176 67 55 -1 -1
24 47 325 828 181 63 42 -1 -1
24 50 325 627 123 107 68 -1 -1
24 53 325 831 119 112 60 -1 -1
24 0 326 592 262 132 81 -1 -1
24 2 326 780 175 90 58 -1 -1
24 20 326 718 193 113 84 -1 -1
24 31 326 6 193 218 123 -1 -1
24 36 326 807 176 68 55 -1 -1
24 47 326 828 181 63 42 -1 -1
24 50 326 627 123 108 68 -1 -1
24 53 326 831 119 112 60 -1 -1
24 0 327 592 262 132 81 -1 -1
24 2 327 780 175 89 58 -1 -1
24 20 327 718 193 113 84 -1 -1
24 31 327 6 193 218 123 -1 -1
24 36 327 806 175 69 56 -1 -1
24 47 327 828 181 63 42 -1 -1
24 50 327 626 122 111 69 -1 -1
24 0 328 592 262 132 81 -1 -1
24 2 328 779 175 91 58 -1 -1
24 20 328 718 194 113 83 -1 -1
24 31 328 6 193 218 123 -1 -1
24 36 328 806 175 69 56 -1 -1
24 47 328 828 181 63 42 -1 -1
24 50 328 627 122 110 69 -1 -1
24 0 329 592 262 132 81 -1 -1
24 2 329 780 174 91 60 -1 -1
24 20 329 719 195 112 82 -1 -1
24 31 329 6 193 218 123 -1 -1
24 36 329 806 176 68 56 -1 -1
24 47 329 827 181 64 43 -1 -1
24 50 329 627 122 110 69 -1 -1
24 0 330 592 262 132 80 -1 -1
24 2 330 780 175 90 59 -1 -1
24 20 330 719 195 112 82 -1 -1
24 31 330 6 193 218 123 -1 -1
24 36 330 806 176 68 56 -1 -1
24 47 330 827 181 64 43 -1 -1
24 50 330 628 122 109 69 -1 -1
24 0 331 592 262 132 80 -1 -1
24 2 331 779 175 92 58 -1 -1
24 20 331 718 194 113 83 -1 -1
24 31 331 6 193 218 123 -1 -1
24 36 331 806 176 69 56 -1 -1
24 47 331 827 181 64 43 -1 -1
24 50 331 627 122 110 70 -1 -1
24 0 332 592 262 132 80 -1 -1
24 2 332 780 174 92 59 -1 -1
24 20 332 718 195 112 82 -1 -1
24 31 332 6 192 218 124 -1 -1
24 36 332 808 177 66 54 -1 -1
24 47 332 827 181 64 43 -1 -1
24 50 332 626 123 111 69 -1 -1
24 0 333 592 262 132 80 -1 -1
24 2 333 779 174 93 59 -1 -1
24 20 333 718 195 112 82 -1 -1
24 31 333 6 193 218 123 -1 -1
24 36 333 807 177 67 54 -1 -1
24 47 333 827 181 64 43 -1 -1
24 50 333 626 122 111 70 -1 -1
24 54 333 2226 890 334 281 -1 -1
24 0 334 592 261 131 81 -1 -1
24 2 334 780 173 92 60 -1 -1
24 20 334 718 196 113 81 -1 -1
24 31 334 6 194 217 122 -1 -1
24 36 334 805 176 69 55 -1 -1
24 47 334 826 182 64 41 -1 -1
24 50 334 626 122 111 70 -1 -1
24 54 334 2226 890 334 281 -1 -1
24 0 335 592 261 131 81 -1 -1
24 2 335 780 174 91 59 -1 -1
24 20 335 718 196 113 81 -1 -1
24 31 335 6 194 218 122 -1 -1
24 36 335 805 176 69 55 -1 -1
24 47 335 826 182 64 41 -1 -1
24 50 335 626 122 111 70 -1 -1
24 54 335 2226 890 334 281 -1 -1
24 0 336 592 262 131 80 -1 -1
24 2 336 779 175 90 58 -1 -1
24 20 336 719 195 112 81 -1 -1
24 31 336 6 194 218 122 -1 -1
24 36 336 805 176 68 56 -1 -1
24 47 336 826 182 64 41 -1 -1
24 50 336 626 122 111 70 -1 -1
24 54 336 2226 890 334 281 -1 -1
24 55 336 831 120 112 60 -1 -1
24 0 337 592 262 131 80 -1 -1
24 2 337 779 175 90 58 -1 -1
24 20 337 719 195 112 81 -1 -1
24 31 337 6 194 218 122 -1 -1
24 36 337 805 176 68 56 -1 -1
24 47 337 826 182 64 41 -1 -1
24 55 337 831 120 112 60 -1 -1
24 0 338 592 262 131 80 -1 -1
24 2 338 778 175 91 58 -1 -1
24 20 338 719 194 112 82 -1 -1
24 31 338 6 195 217 121 -1 -1
24 36 338 805 176 68 56 -1 -1
24 55 338 831 120 112 60 -1 -1
24 0 339 592 262 131 80 -1 -1
24 2 339 778 175 90 58 -1 -1
24 20 339 719 194 112 82 -1 -1
24 31 339 6 194 216 122 -1 -1
24 36 339 805 176 68 56 -1 -1
24 55 339 831 120 112 59 -1 -1
24 56 339 559 936 500 402 -1 -1
24 0 340 592 262 131 80 -1 -1
24 2 340 778 175 91 58 -1 -1
24 20 340 719 194 112 82 -1 -1
24 31 340 6 194 217 122 -1 -1
24 36 340 805 176 68 56 -1 -1
24 55 340 831 120 112 59 -1 -1
24 56 340 559 936 500 402 -1 -1
24 0 341 592 262 131 80 -1 -1
24 2 341 778 175 91 58 -1 -1
24 20 341 719 194 112 82 -1 -1
24 31 341 6 194 217 122 -1 -1
24 36 341 804 176 69 56 -1 -1
24 55 341 831 120 112 59 -1 -1
24 56 341 559 936 500 402 -1 -1
24 0 342 592 262 131 80 -1 -1
24 2 342 778 175 91 58 -1 -1
24 20 342 718 194 113 82 -1 -1
24 31 342 6 194 218 122 -1 -1
24 36 342 806 176 67 56 -1 -1
24 55 342 831 120 111 59 -1 -1
24 56 342 559 936 500 402 -1 -1
24 57 342 827 182 63 41 -1 -1
24 0 343 592 262 131 80 -1 -1
24 2 343 778 174 92 59 -1 -1
24 20 343 718 195 113 81 -1 -1
24 31 343 5 195 219 121 -1 -1
24 36 343 805 175 68 57 -1 -1
24 55 343 831 120 111 59 -1 -1
24 57 343 826 182 64 41 -1 -1
24 58 343 0 938 434 416 -1 -1
24 0 344 592 262 131 81 -1 -1
24 2 344 780 174 90 59 -1 -1
24 20 344 718 194 113 83 -1 -1
24 31 344 5 195 219 121 -1 -1
24 36 344 804 175 69 57 -1 -1
24 55 344 831 120 111 59 -1 -1
24 57 344 827 182 63 42 -1 -1
24 58 344 0 938 434 416 -1 -1
24 59 344 628 124 104 66 -1 -1
24 0 345 592 262 131 80 -1 -1
24 2 345 780 174 89 59 -1 -1
24 20 345 718 195 113 81 -1 -1
24 31 345 5 195 219 121 -1 -1
24 36 345 804 175 69 56 -1 -1
24 55 345 831 120 111 59 -1 -1
24 57 345 827 182 63 42 -1 -1
24 58 345 0 938 434 416 -1 -1
24 59 345 628 124 104 66 -1 -1
24 0 346 592 262 131 81 -1 -1
24 2 346 780 174 89 59 -1 -1
24 20 346 718 194 113 83 -1 -1
24 31 346 5 195 219 121 -1 -1
24 36 346 804 175 70 56 -1 -1
24 55 346 831 120 111 59 -1 -1
24 57 346 826 182 64 42 -1 -1
24 58 346 0 938 434 416 -1 -1
24 59 346 628 124 104 66 -1 -1
24 0 347 592 262 131 80 -1 -1
24 2 347 781 174 89 59 -1 -1
24 20 347 718 195 113 82 -1 -1
24 31 347 6 195 218 122 -1 -1
24 36 347 803 175 70 56 -1 -1
24 57 347 826 182 64 42 -1 -1
24 59 347 628 124 104 66 -1 -1
24 0 348 591 261 132 81 -1 -1
24 2 348 780 173 91 60 -1 -1
24 20 348 718 194 114 83 -1 -1
24 31 348 6 193 219 123 -1 -1
24 36 348 827 182 62 42 -1 -1
24 57 348 826 182 64 42 -1 -1
24 59 348 628 124 104 66 -1 -1
24 0 349 591 262 132 80 -1 -1
24 2 349 779 173 92 60 -1 -1
24 20 349 718 194 113 83 -1 -1
24 31 349 6 193 219 123 -1 -1
24 36 349 826 182 64 42 -1 -1
24 57 349 826 182 64 42 -1 -1
24 59 349 628 124 104 66 -1 -1
24 0 350 591 262 132 80 -1 -1
24 2 350 780 173 91 60 -1 -1
24 20 350 718 194 113 83 -1 -1
24 31 350 6 193 219 123 -1 -1
24 36 350 826 181 64 42 -1 -1
24 0 351 591 262 132 80 -1 -1
24 2 351 780 174 91 58 -1 -1
24 20 351 718 193 113 84 -1 -1
24 31 351 6 194 218 123 -1 -1
24 36 351 827 181 63 42 -1 -1
24 60 351 804 175 71 56 -1 -1
24 0 352 591 262 132 80 -1 -1
24 2 352 781 173 90 59 -1 -1
24 20 352 718 193 113 84 -1 -1
24 31 352 6 194 218 122 -1 -1
24 36 352 827 181 63 42 -1 -1
24 60 352 805 176 70 55 -1 -1
24 0 353 591 262 132 80 -1 -1
24 2 353 781 174 89 58 -1 -1
24 20 353 718 193 113 84 -1 -1
24 31 353 6 194 218 122 -1 -1
24 36 353 827 181 63 42 -1 -1
24 60 353 806 176 69 55 -1 -1
24 0 354 592 262 131 80 -1 -1
24 2 354 781 175 89 58 -1 -1
24 20 354 718 194 113 83 -1 -1
24 31 354 5 193 222 123 -1 -1
24 36 354 804 176 69 55 -1 -1
24 60 354 806 176 69 55 -1 -1
24 0 355 592 262 131 80 -1 -1
24 2 355 781 175 89 58 -1 -1
24 20 355 718 194 113 82 -1 -1
24 31 355 5 193 221 123 -1 -1
24 36 355 804 176 69 55 -1 -1
24 60 355 827 183 62 41 -1 -1
24 0 356 592 262 131 80 -1 -1
24 2 356 779 176 86 56 -1 -1
24 20 356 719 192 113 84 -1 -1
24 31 356 5 192 221 124 -1 -1
24 36 356 803 175 70 56 -1 -1
24 60 356 827 183 62 41 -1 -1
24 0 357 592 262 131 80 -1 -1
24 2 357 779 175 89 57 -1 -1
24 20 357 719 193 113 83 -1 -1
24 31 357 5 193 220 123 -1 -1
24 36 357 802 175 71 56 -1 -1
24 60 357 827 183 62 41 -1 -1
24 0 358 592 262 131 80 -1 -1
24 2 358 779 174 89 58 -1 -1
24 20 358 719 193 112 83 -1 -1
24 31 358 6 193 219 123 -1 -1
24 36 358 802 174 71 57 -1 -1
24 60 358 827 183 62 41 -1 -1
24 0 359 592 262 131 80 -1 -1
24 2 359 779 175 90 57 -1 -1
24 20 359 718 193 113 83 -1 -1
24 31 359 6 193 219 123 -1 -1
24 36 359 804 175 69 56 -1 -1
24 0 360 592 262 131 80 -1 -1
24 2 360 781 174 89 59 -1 -1
24 20 360 718 195 113 81 -1 -1
24 31 360 5 193 220 124 -1 -1
24 36 360 804 175 69 56 -1 -1
24 0 361 592 262 131 80 -1 -1
24 2 361 781 174 89 59 -1 -1
24 20 361 718 195 113 81 -1 -1
24 31 361 5 193 220 124 -1 -1
24 36 361 804 175 69 56 -1 -1
24 0 362 592 261 131 81 -1 -1
24 2 362 781 174 90 59 -1 -1
24 20 362 718 195 113 81 -1 -1
24 31 362 5 192 222 125 -1 -1
24 36 362 803 175 70 56 -1 -1
24 0 363 592 262 131 80 -1 -1
24 2 363 781 175 87 58 -1 -1
24 20 363 718 195 114 81 -1 -1
24 31 363 5 192 222 125 -1 -1
24 36 363 801 175 72 56 -1 -1
24 0 364 592 262 131 80 -1 -1
24 2 364 781 176 87 57 -1 -1
24 20 364 718 195 113 81 -1 -1
24 31 364 5 192 221 125 -1 -1
24 36 364 802 175 71 56 -1 -1
24 0 365 592 262 131 80 -1 -1
24 2 365 782 175 89 58 -1 -1
24 20 365 718 195 113 81 -1 -1
24 31 365 6 192 219 125 -1 -1
24 36 365 802 176 71 55 -1 -1
24 0 366 592 262 131 80 -1 -1
24 2 366 782 175 88 58 -1 -1
24 20 366 718 195 113 81 -1 -1
24 31 366 6 193 219 124 -1 -1
24 36 366 804 177 69 54 -1 -1
24 0 367 592 262 131 80 -1 -1
24 2 367 782 175 88 58 -1 -1
24 20 367 718 195 113 81 -1 -1
24 31 367 6 193 219 124 -1 -1
24 36 367 804 177 69 54 -1 -1
24 0 368 592 262 131 80 -1 -1
24 2 368 782 175 88 58 -1 -1
24 20 368 718 195 113 81 -1 -1
24 31 368 6 192 219 125 -1 -1
24 36 368 805 177 68 54 -1 -1
24 61 368 827 183 62 40 -1 -1
24 0 369 592 262 131 80 -1 -1
24 2 369 782 175 87 58 -1 -1
24 20 369 718 194 113 82 -1 -1
24 31 369 5 192 220 125 -1 -1
24 36 369 804 176 69 55 -1 -1
24 61 369 827 183 62 40 -1 -1
24 0 370 592 261 131 81 -1 -1
24 2 370 782 175 87 58 -1 -1
24 20 370 718 195 113 81 -1 -1
24 31 370 5 192 221 125 -1 -1
24 36 370 804 176 69 55 -1 -1
24 61 370 827 183 62 40 -1 -1
24 0 371 591 262 132 80 -1 -1
24 2 371 781 174 89 59 -1 -1
24 20 371 718 195 114 82 -1 -1
24 31 371 5 193 220 123 -1 -1
24 36 371 802 174 71 57 -1 -1
24 61 371 827 183 62 40 -1 -1
24 0 372 591 262 132 80 -1 -1
24 2 372 781 175 88 57 -1 -1
24 20 372 719 196 113 81 -1 -1
24 31 372 5 193 220 123 -1 -1
24 36 372 805 176 68 55 -1 -1
24 62 372 833 162 75 40 -1 -1
24 63 372 829 118 113 55 -1 -1
24 0 373 591 262 132 80 -1 -1
24 2 373 781 175 88 57 -1 -1
24 20 373 719 196 113 81 -1 -1
24 31 373 5 193 220 123 -1 -1
24 36 373 805 176 68 55 -1 -1
24 62 373 833 162 75 41 -1 -1
24 63 373 830 119 112 54 -1 -1
24 0 374 591 262 132 80 -1 -1
24 2 374 781 174 88 58 -1 -1
24 20 374 719 196 113 81 -1 -1
24 31 374 5 193 220 123 -1 -1
24 36 374 805 175 68 56 -1 -1
24 62 374 833 162 75 40 -1 -1
24 63 374 829 118 113 56 -1 -1
24 64 374 826 182 64 41 -1 -1
24 0 375 591 262 132 80 -1 -1
24 2 375 782 175 87 57 -1 -1
24 20 375 719 196 113 81 -1 -1
24 36 375 804 175 69 56 -1 -1
24 62 375 832 162 76 40 -1 -1
24 63 375 829 118 113 56 -1 -1
24 64 375 826 182 64 41 -1 -1
24 0 376 591 262 132 80 -1 -1
24 2 376 782 175 86 57 -1 -1
24 20 376 719 197 113 80 -1 -1
24 36 376 804 175 69 56 -1 -1
24 62 376 833 163 73 38 -1 -1
24 63 376 829 118 113 56 -1 -1
24 64 376 826 182 64 41 -1 -1
24 0 377 591 262 132 80 -1 -1
24 2 377 782 175 87 58 -1 -1
24 20 377 718 197 114 80 -1 -1
24 36 377 805 175 68 56 -1 -1
24 62 377 832 163 73 40 -1 -1
24 63 377 829 118 113 56 -1 -1
24 64 377 826 182 64 41 -1 -1
24 65 377 5 194 221 122 -1 -1
24 0 378 591 262 132 80 -1 -1
24 2 378 782 175 88 57 -1 -1
24 20 378 718 196 114 81 -1 -1
24 36 378 805 176 68 55 -1 -1
24 62 378 833 164 71 39 -1 -1
24 63 378 829 118 113 56 -1 -1
24 64 378 826 182 64 41 -1 -1
24 65 378 5 194 221 122 -1 -1
24 0 379 591 262 132 80 -1 -1
24 2 379 781 175 89 57 -1 -1
24 20 379 719 196 113 81 -1 -1
24 36 379 806 176 67 55 -1 -1
24 62 379 833 164 72 40 -1 -1
24 64 379 826 182 64 41 -1 -1
24 65 379 6 193 219 123 -1 -1
24 0 380 591 262 132 80 -1 -1
24 2 380 781 175 89 57 -1 -1
24 20 380 719 196 113 81 -1 -1
24 36 380 806 176 67 55 -1 -1
24 62 380 833 164 71 40 -1 -1
24 64 380 826 182 64 41 -1 -1
24 65 380 5 193 220 123 -1 -1
24 0 381 592 262 131 80 -1 -1
24 2 381 781 174 90 59 -1 -1
24 20 381 718 196 114 80 -1 -1
24 36 381 805 175 69 56 -1 -1
24 62 381 834 163 70 38 -1 -1
24 64 381 826 182 64 42 -1 -1
24 65 381 5 193 220 123 -1 -1
24 0 382 592 262 131 80 -1 -1
24 2 382 782 174 89 59 -1 -1
24 20 382 718 197 114 80 -1 -1
24 36 382 805 175 69 56 -1 -1
24 62 382 833 163 71 38 -1 -1
24 64 382 826 181 64 43 -1 -1
24 65 382 6 194 219 122 -1 -1
24 0 383 592 262 131 80 -1 -1
24 2 383 781 174 90 59 -1 -1
24 20 383 718 197 114 80 -1 -1
24 36 383 804 175 70 56 -1 -1
24 62 383 834 163 70 38 -1 -1
24 64 383 826 181 64 43 -1 -1
24 65 383 6 194 219 122 -1 -1
24 0 384 592 262 131 80 -1 -1
24 2 384 780 173 91 60 -1 -1
24 20 384 718 196 114 81 -1 -1
24 36 384 802 175 72 56 -1 -1
24 62 384 834 163 70 38 -1 -1
24 64 384 826 183 64 42 -1 -1
24 65 384 6 192 218 124 -1 -1
24 0 385 592 262 131 80 -1 -1
24 2 385 780 173 92 60 -1 -1
24 20 385 718 196 114 81 -1 -1
24 36 385 826 183 64 42 -1 -1
24 62 385 834 163 70 38 -1 -1
24 64 385 826 183 64 42 -1 -1
24 65 385 6 192 219 124 -1 -1
24 0 386 592 262 131 80 -1 -1
24 2 386 780 173 91 60 -1 -1
24 20 386 718 196 114 81 -1 -1
24 36 386 803 176 71 55 -1 -1
24 62 386 834 163 70 38 -1 -1
24 64 386 826 183 64 42 -1 -1
24 65 386 6 193 218 123 -1 -1
24 0 387 592 262 131 80 -1 -1
24 2 387 780 173 91 60 -1 -1
24 20 387 718 196 114 81 -1 -1
24 36 387 804 176 70 55 -1 -1
24 64 387 826 182 64 42 -1 -1
24 65 387 6 193 219 123 -1 -1
24 0 388 592 262 131 80 -1 -1
24 2 388 780 173 91 60 -1 -1
24 20 388 718 196 114 81 -1 -1
24 36 388 804 176 70 55 -1 -1
24 64 388 826 183 64 41 -1 -1
24 65 388 6 193 218 123 -1 -1
24 0 389 592 262 131 80 -1 -1
24 2 389 780 173 92 60 -1 -1
24 20 389 718 196 114 81 -1 -1
24 36 389 803 176 71 55 -1 -1
24 64 389 826 183 64 41 -1 -1
24 65 389 6 193 218 123 -1 -1
24 0 390 592 262 131 80 -1 -1
24 2 390 780 173 92 60 -1 -1
24 20 390 718 196 114 81 -1 -1
24 36 390 804 176 70 55 -1 -1
24 64 390 826 182 64 42 -1 -1
24 65 390 5 192 219 124 -1 -1
24 0 391 592 262 131 80 -1 -1
24 2 391 781 174 89 58 -1 -1
24 20 391 718 194 114 83 -1 -1
24 36 391 805 176 68 55 -1 -1
24 64 391 826 183 63 41 -1 -1
24 65 391 6 193 217 124 -1 -1
24 0 392 592 262 131 80 -1 -1
24 2 392 781 174 89 58 -1 -1
24 20 392 718 194 114 83 -1 -1
24 36 392 805 176 68 55 -1 -1
24 64 392 826 183 63 41 -1 -1
24 65 392 6 193 217 124 -1 -1
24 0 393 592 261 131 81 -1 -1
24 2 393 781 174 88 58 -1 -1
24 20 393 718 195 113 82 -1 -1
24 36 393 803 174 70 57 -1 -1
24 64 393 826 183 63 41 -1 -1
24 65 393 6 194 217 122 -1 -1
24 0 394 592 262 130 80 -1 -1
24 2 394 781 174 86 58 -1 -1
24 20 394 718 194 114 83 -1 -1
24 36 394 802 174 71 57 -1 -1
24 64 394 826 182 63 42 -1 -1
24 65 394 6 194 217 122 -1 -1
24 0 395 592 261 131 81 -1 -1
24 2 395 781 175 86 57 -1 -1
24 20 395 718 194 113 82 -1 -1
24 36 395 802 175 71 56 -1 -1
24 64 395 826 182 63 42 -1 -1
24 65 395 6 194 217 122 -1 -1
24 0 396 592 261 131 81 -1 -1
24 2 396 779 174 89 58 -1 -1
24 20 396 718 193 113 84 -1 -1
24 36 396 804 175 69 56 -1 -1
24 64 396 827 183 63 41 -1 -1
24 65 396 5 193 219 123 -1 -1
24 0 397 592 261 131 81 -1 -1
24 2 397 779 175 88 57 -1 -1
24 20 397 718 193 113 84 -1 -1
24 36 397 803 175 70 56 -1 -1
24 64 397 827 183 63 41 -1 -1
24 65 397 6 193 218 124 -1 -1
24 0 398 592 261 131 81 -1 -1
24 2 398 779 175 87 57 -1 -1
24 20 398 718 193 113 84 -1 -1
24 36 398 803 175 70 56 -1 -1
24 64 398 827 183 63 41 -1 -1
24 65 398 6 193 218 124 -1 -1
24 0 399 592 261 131 81 -1 -1
24 2 399 779 175 88 57 -1 -1
24 20 399 718 193 113 83 -1 -1
24 36 399 804 175 69 56 -1 -1
24 64 399 827 183 63 41 -1 -1
24 65 399 6 193 218 124 -1 -1
24 0 400 592 261 130 81 -1 -1
24 2 400 779 174 87 58 -1 -1
24 20 400 718 194 113 82 -1 -1
24 36 400 803 174 70 56 -1 -1
24 64 400 826 182 64 41 -1 -1
24 65 400 6 193 218 124 -1 -1
24 0 401 592 261 131 81 -1 -1
24 2 401 781 174 87 58 -1 -1
24 20 401 718 195 113 82 -1 -1
24 36 401 802 174 71 57 -1 -1
24 64 401 827 183 63 42 -1 -1
24 65 401 6 193 218 124 -1 -1
24 0 402 592 261 131 81 -1 -1
24 2 402 781 174 88 58 -1 -1
24 20 402 718 195 113 82 -1 -1
24 36 402 803 174 70 57 -1 -1
24 64 402 827 183 62 41 -1 -1
24 65 402 6 193 218 124 -1 -1
24 0 403 592 262 131 80 -1 -1
24 2 403 781 173 90 60 -1 -1
24 20 403 718 195 113 82 -1 -1
24 36 403 804 175 69 56 -1 -1
24 64 403 827 183 62 41 -1 -1
24 65 403 6 193 218 124 -1 -1
24 0 404 592 262 131 80 -1 -1
24 2 404 782 173 89 60 -1 -1
24 20 404 718 196 113 81 -1 -1
24 36 404 803 175 70 56 -1 -1
24 64 404 827 183 62 41 -1 -1
24 65 404 6 193 218 124 -1 -1
24 0 405 592 261 131 81 -1 -1
24 2 405 782 173 88 60 -1 -1
24 20 405 718 196 113 81 -1 -1
24 36 405 802 174 71 57 -1 -1
24 64 405 826 182 63 42 -1 -1
24 65 405 6 193 218 124 -1 -1
24 0 406 592 261 131 81 -1 -1
24 2 406 782 173 88 60 -1 -1
24 20 406 718 196 113 81 -1 -1
24 36 406 803 174 70 57 -1 -1
24 64 406 826 182 63 42 -1 -1
24 65 406 6 193 218 124 -1 -1
24 0 407 592 261 131 81 -1 -1
24 2 407 782 173 88 60 -1 -1
24 20 407 718 196 113 81 -1 -1
24 36 407 803 175 70 56 -1 -1
24 64 407 826 182 63 42 -1 -1
24 65 407 6 193 218 124 -1 -1
24 0 408 592 262 131 80 -1 -1
24 2 408 782 175 88 58 -1 -1
24 20 408 718 195 113 82 -1 -1
24 36 408 826 183 63 42 -1 -1
24 64 408 826 182 63 42 -1 -1
24 65 408 4 194 220 121 -1 -1
24 66 408 834 164 74 41 -1 -1
24 0 409 592 262 131 80 -1 -1
24 2 409 782 175 88 58 -1 -1
24 20 409 718 195 113 82 -1 -1
24 36 409 826 183 63 42 -1 -1
24 64 409 826 182 63 42 -1 -1
24 65 409 4 194 220 121 -1 -1
24 66 409 835 163 74 40 -1 -1
24 0 410 592 262 131 80 -1 -1
24 2 410 782 175 88 58 -1 -1
24 20 410 718 195 113 82 -1 -1
24 36 410 826 183 63 42 -1 -1
24 64 410 826 182 63 42 -1 -1
24 65 410 4 194 220 121 -1 -1
24 66 410 834 162 74 41 -1 -1
24 0 411 592 262 131 80 -1 -1
24 2 411 782 175 88 58 -1 -1
24 20 411 718 195 114 82 -1 -1
24 36 411 826 183 63 42 -1 -1
24 65 411 4 194 220 121 -1 -1
24 66 411 833 162 76 41 -1 -1
24 0 412 592 262 131 80 -1 -1
24 2 412 782 174 88 59 -1 -1
24 20 412 718 195 114 82 -1 -1
24 36 412 825 183 64 42 -1 -1
24 66 412 833 162 76 41 -1 -1
24 0 413 592 262 131 80 -1 -1
24 2 413 782 174 88 59 -1 -1
24 20 413 718 195 114 82 -1 -1
24 36 413 826 183 63 42 -1 -1
24 66 413 833 162 76 41 -1 -1
24 0 414 592 262 131 80 -1 -1
24 2 414 782 174 88 59 -1 -1
24 20 414 718 195 113 82 -1 -1
24 36 414 826 183 63 42 -1 -1
24 66 414 833 163 76 41 -1 -1
24 0 415 592 261 131 81 -1 -1
24 2 415 781 175 89 58 -1 -1
24 20 415 718 194 113 83 -1 -1
24 36 415 826 183 63 42 -1 -1
24 66 415 834 162 74 41 -1 -1
24 67 415 6 192 217 125 -1 -1
24 0 416 592 261 131 81 -1 -1
24 2 416 781 174 89 59 -1 -1
24 20 416 718 194 114 83 -1 -1
24 36 416 826 183 63 42 -1 -1
24 66 416 833 162 75 41 -1 -1
24 67 416 6 192 217 125 -1 -1
24 0 417 592 261 132 81 -1 -1
24 2 417 782 174 88 59 -1 -1
24 20 417 718 194 114 83 -1 -1
24 36 417 826 183 63 42 -1 -1
24 66 417 833 162 76 41 -1 -1
24 67 417 6 192 218 125 -1 -1
24 0 418 592 262 132 80 -1 -1
24 2 418 782 174 88 59 -1 -1
24 20 418 718 195 114 82 -1 -1
24 36 418 826 183 63 42 -1 -1
24 66 418 833 163 75 41 -1 -1
24 67 418 6 192 218 125 -1 -1
24 0 419 592 262 132 80 -1 -1
24 2 419 782 175 88 58 -1 -1
24 20 419 718 195 114 82 -1 -1
24 36 419 826 183 63 42 -1 -1
24 66 419 833 163 75 41 -1 -1
24 67 419 6 192 218 125 -1 -1
24 0 420 592 261 131 81 -1 -1
24 2 420 782 175 87 58 -1 -1
24 20 420 718 195 114 82 -1 -1
24 36 420 826 183 63 42 -1 -1
24 66 420 833 162 78 41 -1 -1
24 67 420 6 192 218 125 -1 -1
24 68 420 803 175 71 56 -1 -1
24 69 420 831 119 111 55 -1 -1
24 0 421 592 261 132 81 -1 -1
24 2 421 782 175 87 58 -1 -1
24 20 421 718 194 114 83 -1 -1
24 36 421 826 183 63 42 -1 -1
24 66 421 833 162 77 40 -1 -1
24 67 421 6 193 216 123 -1 -1
24 68 421 803 175 70 56 -1 -1
24 69 421 831 119 111 55 -1 -1
24 0 422 592 261 132 81 -1 -1
24 2 422 782 175 88 58 -1 -1
24 20 422 719 194 113 83 -1 -1
24 36 422 826 183 63 42 -1 -1
24 66 422 833 162 77 40 -1 -1
24 67 422 6 193 216 123 -1 -1
24 68 422 803 175 70 56 -1 -1
24 69 422 831 119 111 55 -1 -1
24 0 423 592 261 132 81 -1 -1
24 2 423 782 175 88 58 -1 -1
24 20 423 719 195 113 82 -1 -1
24 36 423 826 183 63 42 -1 -1
24 66 423 833 162 78 41 -1 -1
24 67 423 6 192 217 124 -1 -1
24 68 423 803 175 70 56 -1 -1
24 69 423 831 119 111 55 -1 -1
24 0 424 592 261 132 81 -1 -1
24 2 424 781 175 89 58 -1 -1
24 20 424 719 195 113 82 -1 -1
24 36 424 826 183 63 42 -1 -1
24 66 424 833 162 79 41 -1 -1
24 67 424 6 192 217 124 -1 -1
24 68 424 803 175 71 56 -1 -1
24 69 424 831 119 111 55 -1 -1
24 0 425 592 261 132 81 -1 -1
24 2 425 781 175 89 58 -1 -1
24 20 425 719 195 113 82 -1 -1
24 36 425 826 183 63 42 -1 -1
24 66 425 833 162 78 41 -1 -1
24 67 425 6 193 217 124 -1 -1
24 68 425 803 175 71 56 -1 -1
24 69 425 830 119 112 55 -1 -1
24 0 426 592 261 131 81 -1 -1
24 2 426 781 176 89 57 -1 -1
24 20 426 719 195 112 81 -1 -1
24 36 426 805 176 69 55 -1 -1
24 66 426 836 164 74 41 -1 -1
24 67 426 6 193 217 124 -1 -1
24 68 426 803 175 71 56 -1 -1
24 69 426 830 119 112 55 -1 -1
24 0 427 592 261 131 81 -1 -1
24 2 427 781 176 89 57 -1 -1
24 20 427 719 195 112 81 -1 -1
24 36 427 805 176 69 55 -1 -1
24 66 427 836 164 74 41 -1 -1
24 67 427 6 193 217 124 -1 -1
24 68 427 803 175 71 56 -1 -1
24 69 427 830 119 112 55 -1 -1
24 0 428 592 261 131 81 -1 -1
24 2 428 781 176 88 57 -1 -1
24 20 428 719 194 112 82 -1 -1
24 36 428 806 176 68 55 -1 -1
24 66 428 836 163 73 41 -1 -1
24 67 428 6 193 217 124 -1 -1
24 68 428 827 183 62 42 -1 -1
24 69 428 830 119 112 55 -1 -1
24 0 429 592 261 131 81 -1 -1
24 2 429 781 176 88 57 -1 -1
24 20 429 719 195 112 82 -1 -1
24 36 429 805 176 69 55 -1 -1
24 66 429 836 163 73 41 -1 -1
24 68 429 827 183 62 42 -1 -1
24 0 430 592 262 131 80 -1 -1
24 2 430 780 176 89 57 -1 -1
24 20 430 719 194 112 82 -1 -1
24 36 430 805 176 69 55 -1 -1
24 66 430 836 163 73 41 -1 -1
24 68 430 827 183 62 42 -1 -1
24 0 431 592 261 131 81 -1 -1
24 2 431 780 176 88 57 -1 -1
24 20 431 719 193 112 84 -1 -1
24 36 431 805 176 69 55 -1 -1
24 66 431 836 163 73 41 -1 -1
24 68 431 827 183 62 42 -1 -1
24 0 432 592 262 131 80 -1 -1
24 2 432 780 177 88 56 -1 -1
24 20 432 719 194 112 83 -1 -1
24 36 432 806 176 68 55 -1 -1
24 66 432 837 164 74 40 -1 -1
24 0 433 592 262 131 80 -1 -1
24 2 433 780 177 88 56 -1 -1
24 20 433 719 194 112 83 -1 -1
24 36 433 806 176 68 55 -1 -1
24 66 433 837 164 75 40 -1 -1
24 0 434 592 261 131 81 -1 -1
24 2 434 779 176 90 57 -1 -1
24 20 434 719 194 112 83 -1 -1
24 36 434 805 176 69 55 -1 -1
24 66 434 837 164 76 39 -1 -1
24 0 435 592 261 131 81 -1 -1
24 2 435 779 176 89 57 -1 -1
24 20 435 719 195 112 82 -1 -1
24 36 435 805 175 69 56 -1 -1
24 66 435 837 163 76 40 -1 -1
24 0 436 592 261 131 81 -1 -1
24 2 436 779 176 89 57 -1 -1
24 20 436 719 195 112 82 -1 -1
24 36 436 805 175 69 56 -1 -1
24 66 436 836 164 76 40 -1 -1
24 0 437 592 262 131 80 -1 -1
24 2 437 779 176 89 57 -1 -1
24 20 437 719 195 112 82 -1 -1
24 36 437 805 175 69 56 -1 -1
24 66 437 836 164 76 40 -1 -1
24 70 437 4 194 219 120 -1 -1
24 0 438 592 262 131 80 -1 -1
24 2 438 779 176 90 57 -1 -1
24 20 438 719 195 112 82 -1 -1
24 36 438 805 175 69 56 -1 -1
24 66 438 836 164 76 40 -1 -1
24 70 438 4 194 219 120 -1 -1
24 0 439 592 261 131 82 -1 -1
24 2 439 779 176 89 57 -1 -1
24 20 439 719 195 112 82 -1 -1
24 36 439 805 175 69 56 -1 -1
24 66 439 836 164 75 40 -1 -1
24 70 439 4 195 219 119 -1 -1
24 0 440 592 261 131 81 -1 -1
24 2 440 779 177 89 56 -1 -1
24 20 440 719 195 112 82 -1 -1
24 36 440 806 176 68 55 -1 -1
24 66 440 836 163 76 40 -1 -1
24 70 440 4 195 219 119 -1 -1
24 0 441 592 261 131 82 -1 -1
24 2 441 778 176 90 57 -1 -1
24 20 441 719 194 112 83 -1 -1
24 36 441 807 176 67 55 -1 -1
24 66 441 836 163 75 41 -1 -1
24 70 441 3 194 219 121 -1 -1
24 0 442 592 261 131 82 -1 -1
24 2 442 778 176 90 57 -1 -1
24 20 442 719 194 112 83 -1 -1
24 36 442 806 176 68 55 -1 -1
24 66 442 836 164 76 40 -1 -1
24 70 442 3 194 220 121 -1 -1
24 0 443 592 261 131 82 -1 -1
24 2 443 778 176 89 57 -1 -1
24 20 443 719 194 112 82 -1 -1
24 36 443 806 175 68 56 -1 -1
24 66 443 836 163 75 40 -1 -1
24 70 443 3 194 220 121 -1 -1
24 0 444 592 262 131 81 -1 -1
24 2 444 778 176 89 57 -1 -1
24 20 444 719 194 112 83 -1 -1
24 36 444 806 175 68 56 -1 -1
24 66 444 836 163 76 39 -1 -1
24 70 444 3 194 220 121 -1 -1
24 0 445 592 261 131 81 -1 -1
24 2 445 778 176 90 57 -1 -1
24 20 445 719 194 112 83 -1 -1
24 36 445 806 175 68 56 -1 -1
24 66 445 836 163 76 40 -1 -1
24 70 445 3 194 220 121 -1 -1
24 0 446 592 261 131 81 -1 -1
24 2 446 779 176 88 56 -1 -1
24 20 446 719 194 112 83 -1 -1
24 36 446 807 175 67 56 -1 -1
24 66 446 835 163 76 39 -1 -1
24 70 446 3 194 220 121 -1 -1
24 0 447 592 261 131 81 -1 -1
24 2 447 778 176 89 57 -1 -1
24 20 447 719 193 112 84 -1 -1
24 36 447 807 175 67 56 -1 -1
24 66 447 835 163 76 39 -1 -1
24 0 448 592 261 131 81 -1 -1
24 2 448 778 176 90 56 -1 -1
24 20 448 719 193 112 84 -1 -1
24 36 448 807 175 67 56 -1 -1
24 66 448 836 163 74 40 -1 -1
24 0 449 592 261 131 81 -1 -1
24 2 449 779 176 88 56 -1 -1
24 20 449 719 194 112 83 -1 -1
24 36 449 807 175 67 56 -1 -1
24 66 449 837 164 71 40 -1 -1
24 71 449 4 194 220 121 -1 -1
24 0 450 592 262 132 80 -1 -1
24 2 450 779 175 91 57 -1 -1
24 20 450 719 194 112 83 -1 -1
24 36 450 806 177 68 54 -1 -1
24 66 450 837 164 71 40 -1 -1
24 71 450 4 194 220 121 -1 -1
24 0 451 592 262 132 80 -1 -1
24 2 451 779 175 91 57 -1 -1
24 20 451 719 194 112 83 -1 -1
24 36 451 806 177 68 54 -1 -1
24 66 451 837 164 71 40 -1 -1
24 71 451 4 194 220 121 -1 -1
24 0 452 592 262 132 80 -1 -1
24 2 452 778 175 93 58 -1 -1
24 20 452 719 194 112 83 -1 -1
24 36 452 804 178 69 53 -1 -1
24 66 452 837 164 71 40 -1 -1
24 71 452 5 190 219 127 -1 -1
24 0 453 592 262 132 80 -1 -1
24 2 453 778 175 93 58 -1 -1
24 20 453 719 194 112 83 -1 -1
24 36 453 805 178 68 53 -1 -1
24 71 453 5 191 219 126 -1 -1
24 0 454 591 262 133 80 -1 -1
24 2 454 778 175 92 57 -1 -1
24 20 454 719 194 112 83 -1 -1
24 36 454 805 177 68 54 -1 -1
24 71 454 5 191 218 126 -1 -1
24 0 455 591 262 133 80 -1 -1
24 2 455 779 174 92 58 -1 -1
24 20 455 719 195 112 82 -1 -1
24 36 455 805 177 68 54 -1 -1
24 71 455 5 193 218 124 -1 -1
24 0 456 592 261 132 81 -1 -1
24 2 456 778 175 91 57 -1 -1
24 20 456 719 194 112 83 -1 -1
24 36 456 806 177 67 54 -1 -1
24 71 456 5 191 218 126 -1 -1
24 72 456 826 183 63 42 -1 -1
24 0 457 592 261 131 81 -1 -1
24 2 457 778 175 91 57 -1 -1
24 20 457 719 194 112 83 -1 -1
24 36 457 806 177 67 54 -1 -1
24 71 457 5 191 218 126 -1 -1
24 72 457 826 183 63 42 -1 -1
24 0 458 592 262 132 80 -1 -1
24 2 458 778 175 91 58 -1 -1
24 20 458 719 194 112 83 -1 -1
24 36 458 807 178 66 53 -1 -1
24 71 458 5 192 218 125 -1 -1
24 72 458 827 183 62 42 -1 -1
24 0 459 592 262 132 80 -1 -1
24 2 459 778 176 91 57 -1 -1
24 20 459 719 194 112 83 -1 -1
24 36 459 807 178 66 53 -1 -1
24 71 459 5 192 218 125 -1 -1
24 72 459 827 183 62 42 -1 -1
24 0 460 592 261 132 81 -1 -1
24 2 460 781 175 88 58 -1 -1
24 20 460 719 194 112 82 -1 -1
24 36 460 827 182 63 43 -1 -1
24 71 460 3 191 220 124 -1 -1
24 72 460 827 183 62 42 -1 -1
24 0 461 592 261 132 81 -1 -1
24 2 461 781 174 88 59 -1 -1
24 20 461 719 195 112 81 -1 -1
24 36 461 827 182 63 42 -1 -1
24 71 461 3 191 220 124 -1 -1
24 72 461 827 183 62 42 -1 -1
24 0 462 592 261 132 81 -1 -1
24 2 462 781 174 88 59 -1 -1
24 20 462 719 195 112 81 -1 -1
24 36 462 827 182 63 42 -1 -1
24 71 462 3 191 220 124 -1 -1
24 72 462 827 183 62 42 -1 -1
24 0 463 592 262 132 80 -1 -1
24 2 463 782 175 87 58 -1 -1
24 20 463 719 195 111 81 -1 -1
24 36 463 827 182 63 42 -1 -1
24 71 463 3 191 220 124 -1 -1
24 72 463 805 176 68 55 -1 -1
24 0 464 592 262 132 80 -1 -1
24 2 464 781 175 87 57 -1 -1
24 20 464 719 195 112 81 -1 -1
24 36 464 827 182 63 42 -1 -1
24 71 464 3 190 220 125 -1 -1
24 72 464 805 176 68 55 -1 -1
24 0 465 592 262 132 80 -1 -1
24 2 465 781 175 87 57 -1 -1
24 20 465 719 195 112 81 -1 -1
24 36 465 827 182 63 42 -1 -1
24 71 465 3 190 220 125 -1 -1
24 72 465 805 176 68 55 -1 -1
24 0 466 592 261 132 81 -1 -1
24 2 466 782 175 86 57 -1 -1
24 20 466 719 195 112 81 -1 -1
24 36 466 827 182 62 42 -1 -1
24 71 466 3 190 220 125 -1 -1
24 72 466 805 176 68 55 -1 -1
24 0 467 592 261 132 81 -1 -1
24 2 467 781 175 87 58 -1 -1
24 20 467 719 195 112 81 -1 -1
24 36 467 827 182 62 43 -1 -1
24 71 467 3 190 220 125 -1 -1
24 72 467 804 176 69 55 -1 -1
24 0 468 592 261 132 81 -1 -1
24 2 468 781 175 88 58 -1 -1
24 20 468 719 195 111 82 -1 -1
24 36 468 827 182 62 42 -1 -1
24 71 468 3 190 220 125 -1 -1
24 72 468 806 176 67 55 -1 -1
24 73 468 835 163 72 41 -1 -1
24 0 469 592 261 132 81 -1 -1
24 2 469 780 175 89 58 -1 -1
24 20 469 719 195 112 82 -1 -1
24 36 469 827 182 63 42 -1 -1
24 72 469 805 176 68 55 -1 -1
24 73 469 835 163 72 41 -1 -1
24 0 470 592 261 132 81 -1 -1
24 2 470 778 176 91 57 -1 -1
24 20 470 719 193 111 84 -1 -1
24 36 470 805 176 68 55 -1 -1
24 72 470 805 176 68 55 -1 -1
24 73 470 835 163 72 41 -1 -1
24 74 470 4 188 217 128 -1 -1
24 0 471 591 261 133 81 -1 -1
24 2 471 778 175 91 58 -1 -1
24 20 471 719 194 111 83 -1 -1
24 36 471 805 176 68 55 -1 -1
24 72 471 805 176 68 55 -1 -1
24 73 471 835 163 72 41 -1 -1
24 74 471 4 188 217 128 -1 -1
24 0 472 591 261 133 81 -1 -1
24 2 472 778 176 91 57 -1 -1
24 20 472 719 193 111 84 -1 -1
24 36 472 805 176 68 55 -1 -1
24 72 472 805 176 68 55 -1 -1
24 74 472 4 188 217 128 -1 -1
24 0 473 592 261 132 81 -1 -1
24 2 473 778 174 92 59 -1 -1
24 20 473 719 194 111 83 -1 -1
24 36 473 806 176 67 55 -1 -1
24 72 473 826 183 63 41 -1 -1
24 74 473 4 188 217 128 -1 -1
24 0 474 592 261 132 81 -1 -1
24 2 474 778 174 92 58 -1 -1
24 20 474 719 193 111 84 -1 -1
24 36 474 806 176 67 55 -1 -1
24 72 474 826 183 63 41 -1 -1
24 0 475 592 261 132 81 -1 -1
24 2 475 778 173 93 60 -1 -1
24 20 475 719 194 111 83 -1 -1
24 36 475 806 176 67 55 -1 -1
24 72 475 826 183 63 41 -1 -1
24 0 476 591 261 133 81 -1 -1
24 2 476 778 173 93 60 -1 -1
24 20 476 719 195 110 82 -1 -1
24 36 476 806 176 67 55 -1 -1
24 72 476 826 183 63 41 -1 -1
24 0 477 592 261 132 81 -1 -1
24 2 477 778 173 93 60 -1 -1
24 20 477 719 195 110 82 -1 -1
24 36 477 806 176 67 55 -1 -1
24 0 478 592 261 132 81 -1 -1
24 2 478 778 173 94 61 -1 -1
24 20 478 719 195 111 82 -1 -1
24 36 478 806 176 67 55 -1 -1
24 75 478 3 187 219 128 -1 -1
24 0 479 591 261 133 81 -1 -1
24 2 479 776 175 95 58 -1 -1
24 20 479 719 194 111 83 -1 -1
24 36 479 805 176 69 56 -1 -1
24 75 479 3 184 219 131 -1 -1
24 0 480 591 261 133 82 -1 -1
24 2 480 775 176 90 56 -1 -1
24 20 480 719 191 113 86 -1 -1
24 36 480 802 173 72 58 -1 -1
24 75 480 3 190 219 125 -1 -1
24 0 481 591 261 133 82 -1 -1
24 2 481 775 175 91 57 -1 -1
24 20 481 719 191 113 86 -1 -1
24 36 481 802 173 72 58 -1 -1
24 75 481 3 190 219 125 -1 -1
24 0 482 591 262 133 81 -1 -1
24 2 482 775 175 91 57 -1 -1
24 20 482 719 192 112 85 -1 -1
24 36 482 803 174 71 57 -1 -1
24 75 482 3 190 219 125 -1 -1
24 0 483 591 261 133 82 -1 -1
24 2 483 775 174 96 59 -1 -1
24 20 483 719 193 113 84 -1 -1
24 36 483 801 174 73 57 -1 -1
24 75 483 3 189 219 126 -1 -1
24 76 483 833 159 82 38 -1 -1
24 0 484 591 261 133 82 -1 -1
24 2 484 775 174 95 59 -1 -1
24 20 484 719 193 113 84 -1 -1
24 36 484 802 174 72 57 -1 -1
24 75 484 3 189 219 126 -1 -1
24 76 484 832 159 82 37 -1 -1
24 0 485 591 262 133 81 -1 -1
24 2 485 776 175 91 57 -1 -1
24 20 485 719 192 113 85 -1 -1
24 36 485 801 172 73 59 -1 -1
24 75 485 3 189 219 126 -1 -1
24 76 485 832 159 82 37 -1 -1
24 0 486 591 262 133 81 -1 -1
24 2 486 776 175 90 57 -1 -1
24 20 486 719 192 113 85 -1 -1
24 36 486 800 172 74 59 -1 -1
24 75 486 3 191 219 124 -1 -1
24 76 486 832 159 82 37 -1 -1
24 0 487 591 262 133 81 -1 -1
24 2 487 776 175 90 57 -1 -1
24 20 487 719 192 113 85 -1 -1
24 36 487 800 172 74 59 -1 -1
24 75 487 3 191 219 124 -1 -1
24 76 487 832 159 82 37 -1 -1
24 0 488 591 261 133 82 -1 -1
24 2 488 776 175 90 57 -1 -1
24 20 488 719 192 113 85 -1 -1
24 36 488 800 172 74 59 -1 -1
24 75 488 3 191 219 124 -1 -1
24 76 488 831 157 85 39 -1 -1
24 77 488 829 120 112 58 -1 -1
24 0 489 592 262 132 81 -1 -1
24 2 489 776 174 93 58 -1 -1
24 20 489 719 192 113 85 -1 -1
24 36 489 800 173 73 58 -1 -1
24 75 489 3 190 219 125 -1 -1
24 76 489 832 158 85 39 -1 -1
24 77 489 829 120 112 58 -1 -1
24 0 490 591 261 133 82 -1 -1
24 2 490 776 174 96 58 -1 -1
24 20 490 718 193 113 84 -1 -1
24 36 490 803 175 71 56 -1 -1
24 75 490 3 187 220 128 -1 -1
24 76 490 832 158 85 39 -1 -1
24 77 490 829 120 112 58 -1 -1
24 78 490 632 125 101 68 -1 -1
24 0 491 591 261 133 82 -1 -1
24 2 491 776 174 96 58 -1 -1
24 20 491 718 194 113 83 -1 -1
24 36 491 803 176 71 55 -1 -1
24 75 491 3 187 220 128 -1 -1
24 76 491 832 158 85 39 -1 -1
24 77 491 829 120 112 58 -1 -1
24 78 491 633 126 100 66 -1 -1
24 0 492 591 261 133 82 -1 -1
24 2 492 777 175 94 57 -1 -1
24 20 492 719 196 111 81 -1 -1
24 36 492 807 176 66 54 -1 -1
24 75 492 3 186 219 129 -1 -1
24 76 492 832 158 85 39 -1 -1
24 78 492 633 126 100 66 -1 -1
24 0 493 591 261 133 82 -1 -1
24 2 493 777 175 94 57 -1 -1
24 20 493 719 196 111 81 -1 -1
24 36 493 807 176 66 54 -1 -1
24 75 493 3 187 219 128 -1 -1
24 78 493 633 126 100 66 -1 -1
24 0 494 591 261 133 82 -1 -1
24 2 494 776 176 94 56 -1 -1
24 20 494 719 195 109 82 -1 -1
24 36 494 807 178 66 53 -1 -1
24 75 494 3 188 219 127 -1 -1
24 78 494 633 126 100 66 -1 -1
24 0 495 591 261 133 82 -1 -1
24 2 495 775 176 96 56 -1 -1
24 20 495 719 194 109 83 -1 -1
24 36 495 806 177 67 54 -1 -1
24 75 495 3 188 219 127 -1 -1
24 0 496 591 261 133 82 -1 -1
24 2 496 775 176 96 57 -1 -1
24 20 496 718 195 111 82 -1 -1
24 36 496 806 177 67 54 -1 -1
24 75 496 3 188 219 127 -1 -1
24 79 496 2085 925 475 323 -1 -1
24 0 497 591 261 133 82 -1 -1
24 2 497 775 176 96 56 -1 -1
24 20 497 718 195 111 82 -1 -1
24 36 497 806 177 67 54 -1 -1
24 75 497 3 188 219 127 -1 -1
24 79 497 2085 925 475 323 -1 -1
24 0 498 591 261 133 82 -1 -1
24 2 498 776 176 94 56 -1 -1
24 20 498 718 195 111 82 -1 -1
24 36 498 806 176 68 55 -1 -1
24 75 498 3 188 220 127 -1 -1
24 79 498 2085 925 475 323 -1 -1
24 0 499 590 261 134 82 -1 -1
24 2 499 776 176 93 56 -1 -1
24 20 499 718 195 111 82 -1 -1
24 36 499 806 177 68 53 -1 -1
24 75 499 3 188 221 128 -1 -1
24 79 499 2085 925 475 323 -1 -1
24 0 500 591 261 133 82 -1 -1
24 2 500 770 173 101 59 -1 -1
24 20 500 717 190 114 86 -1 -1
24 36 500 807 173 67 57 -1 -1
24 75 500 3 188 221 128 -1 -1
24 80 500 834 162 73 42 -1 -1
24 81 500 776 166 94 65 -1 -1
24 0 501 591 261 132 82 -1 -1
24 2 501 770 174 102 58 -1 -1
24 20 501 717 190 113 87 -1 -1
24 36 501 806 174 68 57 -1 -1
24 75 501 3 188 221 128 -1 -1
24 80 501 834 163 75 43 -1 -1
24 81 501 776 166 94 65 -1 -1
24 0 502 591 261 133 82 -1 -1
24 2 502 774 172 98 61 -1 -1
24 20 502 717 191 114 86 -1 -1
24 36 502 806 173 68 58 -1 -1
24 75 502 3 187 219 129 -1 -1
24 80 502 831 158 87 40 -1 -1
24 81 502 776 166 94 65 -1 -1
24 0 503 591 261 132 82 -1 -1
24 2 503 776 173 95 59 -1 -1
24 20 503 717 191 114 86 -1 -1
24 36 503 807 172 67 58 -1 -1
24 75 503 4 189 218 127 -1 -1
24 80 503 831 158 87 40 -1 -1
24 81 503 776 166 94 65 -1 -1
24 0 504 590 261 133 82 -1 -1
24 2 504 777 173 95 59 -1 -1
24 20 504 717 191 114 86 -1 -1
24 36 504 805 173 69 58 -1 -1
24 75 504 5 188 216 129 -1 -1
24 80 504 831 158 87 40 -1 -1
24 82 504 0 929 288 384 -1 -1
24 0 505 590 261 133 82 -1 -1
24 2 505 777 174 95 59 -1 -1
24 20 505 716 193 115 84 -1 -1
24 36 505 803 173 71 58 -1 -1
24 75 505 6 189 215 128 -1 -1
24 80 505 831 158 87 40 -1 -1
24 82 505 0 929 288 384 -1 -1
24 0 506 591 261 132 82 -1 -1
24 2 506 777 172 95 61 -1 -1
24 20 506 716 192 116 85 -1 -1
24 36 506 804 172 70 59 -1 -1
24 75 506 5 187 217 130 -1 -1
24 82 506 0 929 288 384 -1 -1
24 0 507 591 261 133 81 -1 -1
24 2 507 777 176 95 57 -1 -1
24 20 507 717 191 114 86 -1 -1
24 36 507 800 175 74 57 -1 -1
24 75 507 4 188 218 129 -1 -1
24 82 507 0 929 288 384 -1 -1
24 83 507 833 161 84 47 -1 -1
24 0 508 591 261 132 81 -1 -1
24 2 508 778 175 92 58 -1 -1
24 20 508 717 191 115 85 -1 -1
24 36 508 802 173 71 58 -1 -1
24 75 508 4 186 219 132 -1 -1
24 83 508 833 160 78 43 -1 -1
24 0 509 591 261 132 81 -1 -1
24 2 509 778 176 87 56 -1 -1
24 20 509 717 190 116 86 -1 -1
24 36 509 803 172 70 58 -1 -1
24 75 509 4 186 219 132 -1 -1
24 83 509 834 161 75 39 -1 -1
24 0 510 591 262 132 81 -1 -1
24 2 510 778 174 90 58 -1 -1
24 20 510 717 192 115 85 -1 -1
24 36 510 803 172 71 58 -1 -1
24 75 510 4 186 219 132 -1 -1
24 83 510 833 161 77 37 -1 -1
24 0 511 591 262 133 81 -1 -1
24 2 511 778 175 88 57 -1 -1
24 20 511 718 192 113 85 -1 -1
24 36 511 804 172 69 58 -1 -1
24 75 511 4 186 219 132 -1 -1
24 83 511 833 160 77 38 -1 -1
24 0 512 591 262 132 81 -1 -1
24 2 512 777 175 90 57 -1 -1
24 20 512 718 192 113 85 -1 -1
24 36 512 805 172 68 58 -1 -1
24 83 512 833 160 77 37 -1 -1
24 0 513 591 262 132 80 -1 -1
24 2 513 775 174 95 58 -1 -1
24 20 513 718 192 113 85 -1 -1
24 36 513 806 174 67 56 -1 -1
24 83 513 834 161 77 36 -1 -1
24 84 513 4 184 218 133 -1 -1
24 0 514 591 262 133 80 -1 -1
24 2 514 775 174 96 58 -1 -1
24 20 514 718 192 113 85 -1 -1
24 36 514 806 174 67 56 -1 -1
24 83 514 834 161 78 36 -1 -1
24 84 514 4 184 218 133 -1 -1
24 0 515 591 262 133 80 -1 -1
24 2 515 777 173 93 59 -1 -1
24 20 515 718 192 113 85 -1 -1
24 36 515 806 173 67 57 -1 -1
24 83 515 834 161 78 36 -1 -1
24 84 515 4 184 218 133 -1 -1
24 0 516 591 263 133 79 -1 -1
24 2 516 782 175 85 57 -1 -1
24 20 516 718 195 113 82 -1 -1
24 36 516 809 174 65 56 -1 -1
24 83 516 834 161 78 36 -1 -1
24 84 516 4 184 218 133 -1 -1
24 0 517 591 263 133 79 -1 -1
24 2 517 782 175 86 57 -1 -1
24 20 517 718 196 113 81 -1 -1
24 36 517 807 174 67 56 -1 -1
24 83 517 834 161 78 36 -1 -1
24 0 518 591 263 133 79 -1 -1
24 2 518 781 174 87 58 -1 -1
24 20 518 718 196 113 81 -1 -1
24 36 518 805 173 68 57 -1 -1
24 83 518 834 161 75 37 -1 -1
24 0 519 591 263 133 80 -1 -1
24 2 519 782 175 84 57 -1 -1
24 20 519 718 195 113 82 -1 -1
24 36 519 806 173 67 57 -1 -1
24 83 519 833 161 75 38 -1 -1
24 85 519 826 181 64 44 -1 -1
24 86 519 832 121 110 58 -1 -1
24 0 520 591 262 133 81 -1 -1
24 2 520 779 172 93 60 -1 -1
24 20 520 718 195 114 82 -1 -1
24 36 520 804 174 70 57 -1 -1
24 83 520 833 161 75 38 -1 -1
24 85 520 826 181 64 44 -1 -1
24 86 520 832 121 110 58 -1 -1
24 87 520 4 186 217 131 -1 -1
24 0 521 591 262 133 81 -1 -1
24 2 521 779 172 93 60 -1 -1
24 20 521 718 195 114 82 -1 -1
24 36 521 805 174 69 57 -1 -1
24 83 521 833 161 75 38 -1 -1
24 85 521 826 181 64 44 -1 -1
24 86 521 832 121 110 58 -1 -1
24 87 521 4 186 217 131 -1 -1
24 0 522 591 262 133 81 -1 -1
24 2 522 779 173 92 59 -1 -1
24 20 522 718 193 114 84 -1 -1
24 36 522 806 174 68 57 -1 -1
24 83 522 833 161 75 38 -1 -1
24 85 522 826 181 64 44 -1 -1
24 86 522 832 121 110 58 -1 -1
24 87 522 5 187 216 131 -1 -1
24 0 523 591 262 132 81 -1 -1
24 2 523 778 173 94 59 -1 -1
24 20 523 718 192 114 85 -1 -1
24 36 523 805 173 69 58 -1 -1
24 87 523 5 186 216 132 -1 -1
24 0 524 591 262 132 81 -1 -1
24 2 524 778 173 94 59 -1 -1
24 20 524 718 192 114 85 -1 -1
24 36 524 805 173 69 58 -1 -1
24 87 524 5 186 216 131 -1 -1
24 0 525 591 263 132 80 -1 -1
24 2 525 778 172 94 60 -1 -1
24 20 525 718 193 114 84 -1 -1
24 36 525 804 173 70 58 -1 -1
24 87 525 5 186 216 131 -1 -1
24 0 526 591 263 133 80 -1 -1
24 2 526 778 172 94 60 -1 -1
24 20 526 718 192 114 85 -1 -1
24 36 526 803 173 71 58 -1 -1
24 87 526 5 186 216 131 -1 -1
24 0 527 591 263 133 80 -1 -1
24 2 527 778 172 94 60 -1 -1
24 20 527 718 192 114 85 -1 -1
24 36 527 803 173 71 58 -1 -1
24 87 527 5 186 216 131 -1 -1
24 0 528 591 262 132 80 -1 -1
24 2 528 780 172 92 60 -1 -1
24 20 528 718 193 114 84 -1 -1
24 36 528 802 172 72 59 -1 -1
24 0 529 591 262 132 80 -1 -1
24 2 529 780 173 90 59 -1 -1
24 20 529 717 193 115 84 -1 -1
24 36 529 802 172 72 59 -1 -1
24 88 529 789 168 81 63 -1 -1
24 0 530 591 262 132 80 -1 -1
24 2 530 777 175 92 57 -1 -1
24 20 530 718 189 114 88 -1 -1
24 36 530 804 174 70 57 -1 -1
24 88 530 789 168 81 63 -1 -1
24 0 531 591 262 132 81 -1 -1
24 2 531 777 175 92 57 -1 -1
24 20 531 718 190 114 87 -1 -1
24 36 531 804 174 70 57 -1 -1
24 88 531 789 168 81 63 -1 -1
24 0 532 591 262 132 80 -1 -1
24 2 532 776 175 94 57 -1 -1
24 20 532 718 190 114 87 -1 -1
24 36 532 804 174 70 57 -1 -1
24 88 532 789 168 81 63 -1 -1
24 0 533 591 262 132 80 -1 -1
24 2 533 776 175 94 57 -1 -1
24 20 533 718 191 115 86 -1 -1
24 36 533 804 174 70 57 -1 -1
24 0 534 591 263 132 79 -1 -1
24 2 534 776 175 92 57 -1 -1
24 20 534 718 190 114 86 -1 -1
24 36 534 804 174 70 57 -1 -1
24 0 535 591 263 132 79 -1 -1
24 2 535 776 176 91 56 -1 -1
24 20 535 718 190 114 87 -1 -1
24 36 535 804 174 70 56 -1 -1
24 0 536 591 263 132 80 -1 -1
24 2 536 776 176 91 56 -1 -1
24 20 536 718 190 114 87 -1 -1
24 36 536 804 174 70 56 -1 -1
24 0 537 591 263 132 80 -1 -1
24 2 537 776 176 92 56 -1 -1
24 20 537 718 190 114 87 -1 -1
24 36 537 805 175 69 55 -1 -1
24 0 538 591 263 132 80 -1 -1
24 2 538 775 176 93 56 -1 -1
24 20 538 718 189 114 87 -1 -1
24 36 538 804 176 70 55 -1 -1
24 0 539 591 262 132 81 -1 -1
24 2 539 774 176 95 56 -1 -1
24 20 539 718 189 114 87 -1 -1
24 36 539 804 175 70 55 -1 -1
24 0 540 591 262 132 81 -1 -1
24 2 540 778 177 85 55 -1 -1
24 20 540 718 190 112 87 -1 -1
24 36 540 805 175 69 56 -1 -1
24 0 541 591 262 132 81 -1 -1
24 2 541 778 177 85 55 -1 -1
24 20 541 718 190 112 86 -1 -1
24 36 541 806 176 68 55 -1 -1
24 0 542 591 262 132 81 -1 -1
24 2 542 778 177 86 56 -1 -1
24 20 542 718 190 113 86 -1 -1
24 36 542 805 175 69 56 -1 -1
24 0 543 591 262 132 81 -1 -1
24 2 543 779 178 84 55 -1 -1
24 20 543 718 190 112 86 -1 -1
24 36 543 807 176 67 55 -1 -1
24 0 544 591 262 132 81 -1 -1
24 2 544 778 178 86 54 -1 -1
24 20 544 718 190 113 87 -1 -1
24 36 544 806 176 68 55 -1 -1
24 0 545 591 262 132 81 -1 -1
24 2 545 778 178 85 54 -1 -1
24 20 545 718 190 112 87 -1 -1
24 36 545 806 176 68 55 -1 -1
24 0 546 591 262 132 81 -1 -1
24 2 546 778 178 86 54 -1 -1
24 20 546 718 190 112 87 -1 -1
24 36 546 806 176 68 55 -1 -1
24 0 547 591 262 132 81 -1 -1
24 2 547 778 177 86 55 -1 -1
24 20 547 718 190 113 86 -1 -1
24 36 547 806 176 68 55 -1 -1
24 0 548 591 262 132 81 -1 -1
24 2 548 778 177 87 55 -1 -1
24 20 548 718 191 112 85 -1 -1
24 36 548 806 176 68 55 -1 -1
24 0 549 591 262 132 81 -1 -1
24 2 549 778 177 86 55 -1 -1
24 20 549 718 191 112 85 -1 -1
24 36 549 806 176 68 55 -1 -1
