32 0 1 850 365 75 37 -1 -1
32 0 2 850 366 75 36 -1 -1
32 1 2 154 294 150 76 -1 -1
32 0 3 850 366 75 36 -1 -1
32 1 3 154 293 150 77 -1 -1
32 0 4 850 366 75 36 -1 -1
32 1 4 154 295 150 75 -1 -1
32 0 5 850 366 75 36 -1 -1
32 1 5 154 291 151 79 -1 -1
32 0 6 850 366 75 36 -1 -1
32 1 6 155 292 150 78 -1 -1
32 0 7 850 366 75 36 -1 -1
32 1 7 155 292 150 78 -1 -1
32 0 8 850 366 75 36 -1 -1
32 1 8 155 292 150 78 -1 -1
32 0 9 850 366 76 36 -1 -1
32 1 9 154 290 151 80 -1 -1
32 0 10 850 366 76 36 -1 -1
32 1 10 154 290 151 80 -1 -1
32 0 11 850 366 76 36 -1 -1
32 1 11 154 290 151 80 -1 -1
32 2 11 13 304 111 78 -1 -1
32 0 12 850 366 76 36 -1 -1
32 1 12 154 290 151 80 -1 -1
32 2 12 13 304 111 78 -1 -1
32 0 13 850 366 76 36 -1 -1
32 1 13 155 291 150 78 -1 -1
32 2 13 13 304 111 78 -1 -1
32 1 14 154 292 151 77 -1 -1
32 2 14 13 304 111 78 -1 -1
32 1 15 154 292 151 77 -1 -1
32 2 15 13 304 111 78 -1 -1
32 1 16 155 291 150 78 -1 -1
32 1 17 155 291 150 78 -1 -1
32 1 18 155 292 150 77 -1 -1
32 1 19 155 292 150 77 -1 -1
32 1 20 155 292 150 77 -1 -1
32 3 20 930 496 51 40 -1 -1
32 1 21 155 292 150 77 -1 -1
32 3 21 929 499 49 38 -1 -1
32 1 22 155 292 150 77 -1 -1
32 3 22 929 499 49 38 -1 -1
32 1 23 155 292 150 77 -1 -1
32 3 23 924 498 49 41 -1 -1
32 3 24 920 498 50 41 -1 -1
32 3 25 917 495 49 47 -1 -1
32 3 26 914 499 50 45 -1 -1
32 3 27 910 499 52 46 -1 -1
32 3 28 907 500 53 45 -1 -1
32 3 29 907 500 53 45 -1 -1
32 3 30 907 500 53 45 -1 -1
32 3 31 895 502 56 48 -1 -1
32 4 31 156 296 149 74 -1 -1
32 5 31 850 366 76 36 -1 -1
32 3 32 895 502 56 48 -1 -1
32 4 32 156 296 149 74 -1 -1
32 5 32 850 366 76 36 -1 -1
32 3 33 886 500 60 53 -1 -1
32 4 33 157 297 148 73 -1 -1
32 5 33 850 366 76 36 -1 -1
32 3 34 880 501 62 53 -1 -1
32 4 34 157 295 148 75 -1 -1
32 5 34 850 366 76 36 -1 -1
32 3 35 874 501 63 54 -1 -1
32 4 35 156 295 149 75 -1 -1
32 5 35 850 366 76 36 -1 -1
32 6 35 974 485 33 32 -1 -1
32 3 36 868 501 67 56 -1 -1
32 4 36 157 295 148 75 -1 -1
32 6 36 974 485 33 32 -1 -1
32 3 37 863 502 68 56 -1 -1
32 4 37 157 295 148 75 -1 -1
32 6 37 974 485 33 32 -1 -1
32 3 38 857 503 70 56 -1 -1
32 4 38 157 295 148 75 -1 -1
32 6 38 974 485 33 32 -1 -1
32 3 39 849 505 70 56 -1 -1
32 4 39 157 295 148 75 -1 -1
32 6 39 966 485 37 30 -1 -1
32 3 40 843 506 72 56 -1 -1
32 6 40 964 485 38 30 -1 -1
32 3 41 833 505 77 58 -1 -1
32 6 41 961 484 40 29 -1 -1
32 7 41 156 294 149 76 -1 -1
32 3 42 823 502 80 62 -1 -1
32 6 42 959 482 41 31 -1 -1
32 7 42 155 294 150 76 -1 -1
32 3 43 813 499 83 66 -1 -1
32 6 43 957 482 42 30 -1 -1
32 7 43 155 294 150 76 -1 -1
32 3 44 803 500 86 68 -1 -1
32 6 44 957 482 42 30 -1 -1
32 7 44 155 294 150 76 -1 -1
32 3 45 789 502 91 66 -1 -1
32 6 45 957 482 42 30 -1 -1
32 7 45 155 294 150 76 -1 -1
32 3 46 778 501 96 68 -1 -1
32 6 46 957 482 42 30 -1 -1
32 7 46 156 296 149 74 -1 -1
32 3 47 764 499 99 70 -1 -1
32 7 47 157 296 148 74 -1 -1
32 3 48 747 497 105 73 -1 -1
32 7 48 157 296 148 74 -1 -1
32 3 49 731 495 112 75 -1 -1
32 7 49 154 292 151 78 -1 -1
32 3 50 715 493 117 77 -1 -1
32 7 50 154 292 151 78 -1 -1
32 3 51 697 491 120 79 -1 -1
32 7 51 154 291 151 79 -1 -1
32 3 52 671 485 131 85 -1 -1
32 7 52 154 291 151 79 -1 -1
32 3 53 649 482 138 87 -1 -1
32 7 53 154 291 151 79 -1 -1
32 3 54 625 479 144 90 -1 -1
32 7 54 154 291 151 79 -1 -1
32 3 55 598 474 152 94 -1 -1
32 7 55 154 293 150 77 -1 -1
32 3 56 566 470 163 96 -1 -1
32 7 56 154 293 150 77 -1 -1
32 3 57 533 464 172 102 -1 -1
32 7 57 154 291 150 79 -1 -1
32 3 58 495 460 187 105 -1 -1
32 7 58 154 291 150 78 -1 -1
32 3 59 452 451 200 110 -1 -1
32 7 59 154 291 150 78 -1 -1
32 3 60 407 443 218 116 -1 -1
32 7 60 154 291 150 78 -1 -1
32 3 61 355 437 236 121 -1 -1
32 7 61 154 291 150 78 -1 -1
32 8 61 354 440 235 117 -1 -1
32 9 61 854 366 72 37 -1 -1
32 3 62 299 425 253 128 -1 -1
32 8 62 354 440 235 117 -1 -1
32 9 62 854 366 72 37 -1 -1
32 3 63 234 420 274 129 -1 -1
32 8 63 354 440 235 117 -1 -1
32 9 63 854 366 72 37 -1 -1
32 3 64 165 405 290 139 -1 -1
32 8 64 354 440 235 117 -1 -1
32 9 64 854 366 72 37 -1 -1
32 3 65 88 390 320 147 -1 -1
32 9 65 854 366 72 37 -1 -1
32 3 66 0 386 341 143 -1 -1
32 3 67 0 358 275 167 -1 -1
32 3 68 0 355 211 163 -1 -1
32 3 69 0 335 130 185 -1 -1
32 10 69 709 696 306 234 -1 -1
32 11 69 710 694 310 237 -1 -1
32 3 70 0 335 130 185 -1 -1
32 10 70 774 694 277 212 -1 -1
32 11 70 710 694 310 237 -1 -1
32 3 71 0 335 130 185 -1 -1
32 10 71 822 691 257 198 -1 -1
32 11 71 710 694 310 237 -1 -1
32 12 71 878 467 41 22 -1 -1
32 13 71 10 315 123 67 -1 -1
32 3 72 0 335 130 185 -1 -1
32 10 72 865 685 231 186 -1 -1
32 11 72 710 694 310 237 -1 -1
32 12 72 878 467 41 22 -1 -1
32 13 72 10 315 123 67 -1 -1
32 10 73 906 682 205 147 -1 -1
32 12 73 878 467 41 22 -1 -1
32 13 73 10 315 123 67 -1 -1
32 10 74 935 680 193 161 -1 -1
32 12 74 878 467 41 22 -1 -1
32 13 74 10 315 123 67 -1 -1
32 10 75 964 673 179 143 -1 -1
32 14 75 850 366 76 37 -1 -1
32 10 76 984 670 172 145 -1 -1
32 14 76 850 366 76 37 -1 -1
32 10 77 984 670 172 145 -1 -1
32 14 77 849 366 77 37 -1 -1
32 10 78 1022 662 150 132 -1 -1
32 14 78 849 366 77 37 -1 -1
32 15 78 0 572 322 251 -1 -1
32 10 79 1022 662 150 132 -1 -1
32 14 79 848 366 79 37 -1 -1
32 15 79 0 572 322 251 -1 -1
32 16 79 0 611 277 217 -1 -1
32 10 80 1050 655 135 120 -1 -1
32 14 80 848 366 78 37 -1 -1
32 15 80 0 572 322 251 -1 -1
32 16 80 0 611 277 217 -1 -1
32 10 81 1063 652 126 102 -1 -1
32 14 81 848 366 78 37 -1 -1
32 15 81 0 572 322 251 -1 -1
32 16 81 0 611 277 217 -1 -1
32 17 81 264 670 90 40 -1 -1
32 10 82 1070 649 121 110 -1 -1
32 14 82 848 366 78 37 -1 -1
32 16 82 0 611 277 217 -1 -1
32 17 82 264 670 90 40 -1 -1
32 10 83 1070 649 121 110 -1 -1
32 14 83 849 366 78 37 -1 -1
32 17 83 264 670 90 40 -1 -1
32 10 84 1070 649 121 110 -1 -1
32 14 84 849 366 78 37 -1 -1
32 17 84 264 670 90 40 -1 -1
32 10 85 1093 641 97 98 -1 -1
32 14 85 848 365 78 37 -1 -1
32 18 85 158 293 146 76 -1 -1
32 10 86 1093 641 97 98 -1 -1
32 14 86 848 365 78 37 -1 -1
32 18 86 157 293 147 76 -1 -1
32 19 86 633 595 220 143 -1 -1
32 10 87 1093 641 97 98 -1 -1
32 14 87 847 365 79 37 -1 -1
32 18 87 157 293 147 76 -1 -1
32 19 87 686 597 215 136 -1 -1
32 10 88 1093 641 97 98 -1 -1
32 14 88 847 365 79 37 -1 -1
32 18 88 157 293 147 76 -1 -1
32 19 88 733 596 194 127 -1 -1
32 14 89 847 365 79 37 -1 -1
32 18 89 157 293 147 76 -1 -1
32 19 89 733 596 194 127 -1 -1
32 14 90 847 365 79 37 -1 -1
32 18 90 157 293 147 76 -1 -1
32 19 90 807 600 162 111 -1 -1
32 20 90 1109 626 83 84 -1 -1
32 14 91 847 365 79 37 -1 -1
32 18 91 157 293 147 76 -1 -1
32 19 91 837 599 151 106 -1 -1
32 20 91 1109 626 83 84 -1 -1
32 14 92 846 365 80 38 -1 -1
32 19 92 864 599 139 102 -1 -1
32 20 92 1109 626 83 84 -1 -1
32 14 93 847 365 79 37 -1 -1
32 19 93 887 598 129 95 -1 -1
32 20 93 1109 626 83 84 -1 -1
32 14 94 847 365 79 38 -1 -1
32 19 94 907 596 121 92 -1 -1
32 20 94 1116 617 73 74 -1 -1
32 14 95 848 365 78 37 -1 -1
32 19 95 923 596 118 88 -1 -1
32 20 95 1116 617 73 74 -1 -1
32 14 96 848 365 78 37 -1 -1
32 19 96 938 596 113 84 -1 -1
32 20 96 1116 617 73 74 -1 -1
32 14 97 850 365 77 37 -1 -1
32 19 97 952 596 103 78 -1 -1
32 20 97 1117 608 69 70 -1 -1
32 14 98 850 365 77 37 -1 -1
32 19 98 966 595 99 75 -1 -1
32 20 98 1117 608 69 70 -1 -1
32 14 99 849 365 77 37 -1 -1
32 19 99 977 593 93 74 -1 -1
32 20 99 1117 604 66 63 -1 -1
32 21 99 158 301 146 68 -1 -1
32 14 100 849 365 77 37 -1 -1
32 19 100 987 593 89 69 -1 -1
32 20 100 1117 604 66 63 -1 -1
32 21 100 158 301 146 68 -1 -1
32 14 101 848 366 78 36 -1 -1
32 19 101 996 590 85 68 -1 -1
32 20 101 1117 604 66 63 -1 -1
32 21 101 156 296 148 74 -1 -1
32 14 102 849 366 77 36 -1 -1
32 19 102 1004 589 82 68 -1 -1
32 20 102 1117 604 66 63 -1 -1
32 21 102 156 295 148 75 -1 -1
32 14 103 848 366 78 36 -1 -1
32 19 103 1011 586 77 66 -1 -1
32 21 103 156 295 148 75 -1 -1
32 14 104 848 366 78 36 -1 -1
32 19 104 1015 584 75 66 -1 -1
32 21 104 158 297 146 73 -1 -1
32 22 104 2 610 250 243 -1 -1
32 14 105 848 366 78 36 -1 -1
32 19 105 1021 583 73 62 -1 -1
32 21 105 159 299 145 71 -1 -1
32 22 105 2 610 250 243 -1 -1
32 23 105 0 556 310 282 -1 -1
32 14 106 848 366 78 36 -1 -1
32 19 106 1024 580 71 61 -1 -1
32 21 106 157 298 147 72 -1 -1
32 22 106 2 610 250 243 -1 -1
32 23 106 0 556 310 282 -1 -1
32 14 107 848 366 78 36 -1 -1
32 19 107 1024 580 71 61 -1 -1
32 21 107 156 297 148 73 -1 -1
32 22 107 2 610 250 243 -1 -1
32 23 107 0 556 310 282 -1 -1
32 14 108 848 366 78 36 -1 -1
32 19 108 1024 580 71 61 -1 -1
32 21 108 157 297 147 73 -1 -1
32 23 108 0 556 310 282 -1 -1
32 14 109 848 366 78 36 -1 -1
32 19 109 1024 580 71 61 -1 -1
32 21 109 157 297 147 73 -1 -1
32 14 110 848 366 78 36 -1 -1
32 21 110 157 297 147 73 -1 -1
32 14 111 848 366 78 36 -1 -1
32 21 111 157 297 147 73 -1 -1
32 24 114 573 508 339 252 -1 -1
32 24 115 629 516 305 233 -1 -1
32 24 116 676 527 278 214 -1 -1
32 24 117 720 537 259 205 -1 -1
32 24 118 761 537 239 194 -1 -1
32 24 119 794 542 223 184 -1 -1
32 25 119 156 294 147 76 -1 -1
32 26 119 849 366 78 37 -1 -1
32 24 120 794 542 223 184 -1 -1
32 25 120 157 294 146 76 -1 -1
32 26 120 849 366 78 37 -1 -1
32 24 121 851 548 193 169 -1 -1
32 25 121 154 292 150 78 -1 -1
32 26 121 848 366 78 38 -1 -1
32 24 122 875 549 183 164 -1 -1
32 25 122 155 292 149 78 -1 -1
32 26 122 848 366 78 38 -1 -1
32 24 123 897 551 169 158 -1 -1
32 25 123 155 292 149 78 -1 -1
32 26 123 848 366 78 38 -1 -1
32 24 124 915 554 160 144 -1 -1
32 25 124 155 292 149 78 -1 -1
32 26 124 848 366 78 38 -1 -1
32 24 125 931 556 151 138 -1 -1
32 25 125 155 291 149 79 -1 -1
32 26 125 849 366 77 38 -1 -1
32 24 126 946 556 144 138 -1 -1
32 25 126 156 290 148 80 -1 -1
32 26 126 849 366 78 38 -1 -1
32 27 126 895 502 51 41 -1 -1
32 24 127 946 556 144 138 -1 -1
32 25 127 155 290 149 80 -1 -1
32 26 127 849 366 78 38 -1 -1
32 27 127 895 502 51 41 -1 -1
32 24 128 972 560 131 122 -1 -1
32 25 128 156 290 148 80 -1 -1
32 26 128 849 366 78 38 -1 -1
32 27 128 895 502 51 41 -1 -1
32 24 129 972 560 131 122 -1 -1
32 25 129 156 290 148 80 -1 -1
32 26 129 849 366 78 38 -1 -1
32 27 129 895 502 51 41 -1 -1
32 24 130 972 560 131 122 -1 -1
32 25 130 156 290 148 80 -1 -1
32 26 130 849 366 78 38 -1 -1
32 27 130 878 504 56 45 -1 -1
32 24 131 999 560 111 111 -1 -1
32 25 131 156 290 148 80 -1 -1
32 26 131 849 366 78 38 -1 -1
32 27 131 878 504 56 45 -1 -1
32 24 132 999 560 111 111 -1 -1
32 27 132 867 505 60 48 -1 -1
32 24 133 999 560 111 111 -1 -1
32 27 133 861 507 62 47 -1 -1
32 28 133 848 365 78 37 -1 -1
32 24 134 999 560 111 111 -1 -1
32 27 134 861 507 62 47 -1 -1
32 28 134 848 365 78 37 -1 -1
32 27 135 848 509 67 49 -1 -1
32 28 135 848 365 78 37 -1 -1
32 27 136 840 508 69 50 -1 -1
32 28 136 848 365 78 37 -1 -1
32 27 137 830 507 74 53 -1 -1
32 28 137 848 365 78 37 -1 -1
32 27 138 821 506 76 56 -1 -1
32 28 138 848 365 78 37 -1 -1
32 27 139 812 506 76 57 -1 -1
32 28 139 847 365 79 37 -1 -1
32 27 140 800 509 80 55 -1 -1
32 28 140 847 365 79 37 -1 -1
32 27 141 786 507 89 58 -1 -1
32 28 141 847 365 79 37 -1 -1
32 27 142 772 505 90 60 -1 -1
32 28 142 848 366 78 36 -1 -1
32 27 143 756 505 97 62 -1 -1
32 28 143 848 366 78 36 -1 -1
32 27 144 756 505 97 62 -1 -1
32 28 144 848 366 78 36 -1 -1
32 27 145 722 502 107 66 -1 -1
32 28 145 848 365 78 37 -1 -1
32 27 146 701 500 114 68 -1 -1
32 28 146 847 365 79 37 -1 -1
32 27 147 679 496 122 70 -1 -1
32 28 147 847 365 79 37 -1 -1
32 27 148 652 492 131 74 -1 -1
32 28 148 847 365 79 37 -1 -1
32 27 149 625 486 138 80 -1 -1
32 28 149 849 365 77 37 -1 -1
32 27 150 596 482 146 83 -1 -1
32 28 150 848 365 78 37 -1 -1
32 27 151 559 479 158 85 -1 -1
32 28 151 848 365 78 37 -1 -1
32 27 152 522 475 169 86 -1 -1
32 28 152 848 365 78 37 -1 -1
32 27 153 479 466 184 92 -1 -1
32 28 153 848 365 78 37 -1 -1
32 27 154 431 461 200 94 -1 -1
32 28 154 848 364 78 38 -1 -1
32 27 155 378 450 217 103 -1 -1
32 28 155 848 364 78 38 -1 -1
32 27 156 317 443 237 104 -1 -1
32 28 156 848 364 78 38 -1 -1
32 27 157 251 434 259 110 -1 -1
32 28 157 848 365 78 37 -1 -1
32 27 158 177 423 262 113 -1 -1
32 28 158 848 365 78 37 -1 -1
32 29 158 974 484 33 30 -1 -1
32 27 159 94 405 303 126 -1 -1
32 28 159 848 365 78 37 -1 -1
32 29 159 974 484 33 30 -1 -1
32 27 160 94 405 303 126 -1 -1
32 28 160 848 365 78 37 -1 -1
32 29 160 974 484 33 30 -1 -1
32 27 161 2 391 255 128 -1 -1
32 28 161 848 365 78 37 -1 -1
32 29 161 974 484 33 30 -1 -1
32 27 162 0 354 183 155 -1 -1
32 27 163 0 359 86 147 -1 -1
32 30 163 0 1091 191 109 -1 -1
32 31 163 156 295 148 74 -1 -1
32 27 164 0 359 86 147 -1 -1
32 30 164 0 1091 191 109 -1 -1
32 31 164 158 297 146 72 -1 -1
32 27 165 0 359 86 147 -1 -1
32 30 165 0 1091 191 109 -1 -1
32 31 165 162 299 142 70 -1 -1
32 27 166 0 359 86 147 -1 -1
32 30 166 0 1091 191 109 -1 -1
32 31 166 162 299 142 70 -1 -1
32 32 166 1011 508 41 32 -1 -1
32 31 167 162 299 142 70 -1 -1
32 32 167 1009 509 41 32 -1 -1
32 31 168 162 299 142 70 -1 -1
32 32 168 1008 509 40 34 -1 -1
32 32 169 1008 509 40 34 -1 -1
32 33 169 847 366 79 36 -1 -1
32 32 170 1008 509 40 34 -1 -1
32 33 170 847 366 79 36 -1 -1
32 34 170 957 489 35 32 -1 -1
32 32 171 1008 509 40 34 -1 -1
32 33 171 847 366 79 36 -1 -1
32 34 171 954 489 37 32 -1 -1
32 35 171 586 707 380 280 -1 -1
32 33 172 847 366 79 36 -1 -1
32 34 172 952 490 38 31 -1 -1
32 35 172 586 707 380 280 -1 -1
32 33 173 847 366 79 36 -1 -1
32 34 173 952 490 38 31 -1 -1
32 35 173 745 704 299 223 -1 -1
32 33 174 847 366 79 36 -1 -1
32 34 174 952 490 38 31 -1 -1
32 35 174 801 698 263 209 -1 -1
32 33 175 847 366 79 36 -1 -1
32 34 175 952 490 38 31 -1 -1
32 35 175 844 697 250 190 -1 -1
32 33 176 847 366 79 36 -1 -1
32 34 176 942 492 43 33 -1 -1
32 35 176 884 690 226 173 -1 -1
32 33 177 847 366 79 36 -1 -1
32 34 177 939 490 45 35 -1 -1
32 35 177 918 685 205 164 -1 -1
32 33 178 847 366 79 36 -1 -1
32 34 178 939 490 45 35 -1 -1
32 35 178 918 685 205 164 -1 -1
32 33 179 849 365 77 37 -1 -1
32 34 179 939 490 45 35 -1 -1
32 35 179 970 677 180 147 -1 -1
32 36 179 168 307 136 62 -1 -1
32 37 179 988 520 48 38 -1 -1
32 33 180 849 365 77 37 -1 -1
32 34 180 935 493 39 33 -1 -1
32 35 180 995 671 163 142 -1 -1
32 36 180 168 307 136 62 -1 -1
32 37 180 988 520 48 38 -1 -1
32 33 181 849 366 77 36 -1 -1
32 34 181 935 493 39 33 -1 -1
32 35 181 1009 667 159 131 -1 -1
32 36 181 167 292 137 77 -1 -1
32 37 181 984 520 47 40 -1 -1
32 33 182 849 366 77 36 -1 -1
32 34 182 935 493 39 33 -1 -1
32 35 182 1026 663 148 125 -1 -1
32 36 182 167 292 137 77 -1 -1
32 37 182 983 520 49 42 -1 -1
32 33 183 849 366 77 36 -1 -1
32 34 183 935 493 39 33 -1 -1
32 35 183 1026 663 148 125 -1 -1
32 36 183 171 298 133 71 -1 -1
32 37 183 980 522 51 41 -1 -1
32 33 184 849 366 77 36 -1 -1
32 35 184 1052 654 133 118 -1 -1
32 36 184 175 300 129 69 -1 -1
32 37 184 976 522 54 43 -1 -1
32 33 185 850 365 76 37 -1 -1
32 35 185 1064 653 126 106 -1 -1
32 36 185 169 298 135 71 -1 -1
32 37 185 974 521 51 46 -1 -1
32 33 186 849 365 77 37 -1 -1
32 35 186 1070 649 122 105 -1 -1
32 36 186 176 302 128 67 -1 -1
32 37 186 970 524 57 44 -1 -1
32 33 187 849 365 77 37 -1 -1
32 35 187 1080 647 115 102 -1 -1
32 36 187 173 301 131 68 -1 -1
32 37 187 968 527 54 43 -1 -1
32 33 188 849 365 77 37 -1 -1
32 35 188 1088 642 104 98 -1 -1
32 36 188 172 301 132 68 -1 -1
32 37 188 965 528 55 44 -1 -1
32 33 189 850 366 76 37 -1 -1
32 35 189 1094 639 99 96 -1 -1
32 36 189 172 301 132 68 -1 -1
32 37 189 962 530 55 44 -1 -1
32 33 190 850 366 76 37 -1 -1
32 35 190 1099 639 98 91 -1 -1
32 36 190 172 301 132 68 -1 -1
32 37 190 959 529 55 48 -1 -1
32 33 191 850 365 76 38 -1 -1
32 35 191 1099 639 98 91 -1 -1
32 36 191 165 297 139 72 -1 -1
32 37 191 955 530 56 49 -1 -1
32 38 191 905 501 47 36 -1 -1
32 33 192 850 365 75 38 -1 -1
32 35 192 1109 633 88 84 -1 -1
32 36 192 163 298 141 71 -1 -1
32 37 192 950 533 59 49 -1 -1
32 38 192 899 501 50 37 -1 -1
32 33 193 848 365 78 38 -1 -1
32 35 193 1111 632 88 79 -1 -1
32 36 193 158 295 147 74 -1 -1
32 37 193 948 535 59 49 -1 -1
32 38 193 895 501 51 38 -1 -1
32 33 194 848 365 78 38 -1 -1
32 35 194 1114 630 83 79 -1 -1
32 36 194 158 294 147 75 -1 -1
32 37 194 942 533 62 54 -1 -1
32 38 194 895 501 51 38 -1 -1
32 33 195 848 365 78 38 -1 -1
32 35 195 1114 630 83 79 -1 -1
32 36 195 158 294 147 75 -1 -1
32 37 195 935 536 67 54 -1 -1
32 38 195 890 501 52 40 -1 -1
32 33 196 848 365 78 38 -1 -1
32 35 196 1114 630 83 79 -1 -1
32 36 196 159 295 146 74 -1 -1
32 37 196 929 537 69 56 -1 -1
32 38 196 887 503 52 40 -1 -1
32 33 197 848 365 78 38 -1 -1
32 35 197 1119 623 79 70 -1 -1
32 36 197 159 295 146 74 -1 -1
32 37 197 924 540 69 56 -1 -1
32 38 197 882 503 55 41 -1 -1
32 33 198 848 365 78 38 -1 -1
32 35 198 1122 620 73 70 -1 -1
32 36 198 158 294 147 75 -1 -1
32 37 198 914 541 74 58 -1 -1
32 38 198 879 504 55 42 -1 -1
32 33 199 848 365 78 38 -1 -1
32 35 199 1123 617 71 67 -1 -1
32 36 199 169 303 135 66 -1 -1
32 37 199 906 543 75 58 -1 -1
32 38 199 873 504 56 44 -1 -1
32 33 200 848 365 78 38 -1 -1
32 35 200 1124 614 69 64 -1 -1
32 36 200 169 302 135 67 -1 -1
32 37 200 899 543 76 60 -1 -1
32 38 200 868 505 61 44 -1 -1
32 33 201 848 365 78 38 -1 -1
32 35 201 1126 611 66 65 -1 -1
32 36 201 169 302 135 67 -1 -1
32 37 201 885 544 84 62 -1 -1
32 38 201 866 506 59 45 -1 -1
32 35 202 1126 611 66 65 -1 -1
32 36 202 169 302 135 67 -1 -1
32 37 202 868 544 92 66 -1 -1
32 38 202 861 506 60 43 -1 -1
32 35 203 1126 605 65 63 -1 -1
32 36 203 168 300 136 69 -1 -1
32 37 203 868 544 92 66 -1 -1
32 38 203 861 506 60 43 -1 -1
32 35 204 1125 603 64 62 -1 -1
32 36 204 170 300 134 69 -1 -1
32 37 204 839 542 102 72 -1 -1
32 38 204 861 506 60 43 -1 -1
32 35 205 1126 601 60 60 -1 -1
32 36 205 167 289 138 79 -1 -1
32 37 205 818 538 112 80 -1 -1
32 38 205 861 506 60 43 -1 -1
32 35 206 1126 601 60 60 -1 -1
32 36 206 166 287 139 81 -1 -1
32 37 206 799 542 118 78 -1 -1
32 35 207 1126 601 60 60 -1 -1
32 36 207 167 288 138 80 -1 -1
32 37 207 774 536 128 86 -1 -1
32 35 208 1126 601 60 60 -1 -1
32 36 208 167 287 138 81 -1 -1
32 37 208 747 537 136 86 -1 -1
32 36 209 167 295 138 74 -1 -1
32 37 209 717 535 148 91 -1 -1
32 39 209 816 504 77 55 -1 -1
32 40 209 848 366 78 36 -1 -1
32 36 210 168 296 137 73 -1 -1
32 37 210 682 531 162 96 -1 -1
32 39 210 809 504 77 58 -1 -1
32 40 210 848 366 78 36 -1 -1
32 36 211 168 296 137 73 -1 -1
32 37 211 640 528 175 103 -1 -1
32 39 211 800 507 80 56 -1 -1
32 40 211 848 366 78 36 -1 -1
32 36 212 166 298 139 70 -1 -1
32 37 212 592 526 197 108 -1 -1
32 39 212 789 507 86 57 -1 -1
32 40 212 848 366 78 36 -1 -1
32 36 213 163 298 142 70 -1 -1
32 37 213 537 520 218 115 -1 -1
32 39 213 780 507 89 58 -1 -1
32 40 213 848 366 78 36 -1 -1
32 36 214 163 298 142 70 -1 -1
32 37 214 477 514 247 122 -1 -1
32 39 214 768 507 91 58 -1 -1
32 40 214 848 366 78 36 -1 -1
32 36 215 162 297 143 71 -1 -1
32 37 215 407 504 270 134 -1 -1
32 39 215 758 506 94 60 -1 -1
32 40 215 848 366 78 36 -1 -1
32 36 216 162 297 143 71 -1 -1
32 37 216 327 495 302 146 -1 -1
32 39 216 745 504 99 63 -1 -1
32 40 216 848 366 78 36 -1 -1
32 36 217 164 299 141 70 -1 -1
32 37 217 220 488 360 154 -1 -1
32 39 217 730 504 105 64 -1 -1
32 40 217 848 366 78 36 -1 -1
32 36 218 162 297 143 72 -1 -1
32 37 218 109 474 350 159 -1 -1
32 39 218 716 501 110 67 -1 -1
32 40 218 848 366 78 36 -1 -1
32 36 219 162 297 143 72 -1 -1
32 37 219 0 464 259 166 -1 -1
32 39 219 698 500 116 69 -1 -1
32 40 219 851 367 75 37 -1 -1
32 41 219 0 467 194 156 -1 -1
32 36 220 162 297 143 72 -1 -1
32 37 220 8 450 308 178 -1 -1
32 39 220 681 497 122 71 -1 -1
32 40 220 851 367 75 37 -1 -1
32 41 220 0 467 194 156 -1 -1
32 36 221 162 297 143 72 -1 -1
32 37 221 0 415 211 212 -1 -1
32 39 221 661 495 129 72 -1 -1
32 40 221 851 367 75 37 -1 -1
32 41 221 0 467 194 156 -1 -1
32 37 222 0 446 77 157 -1 -1
32 39 222 640 492 135 75 -1 -1
32 40 222 851 367 75 37 -1 -1
32 41 222 0 467 194 156 -1 -1
32 37 223 0 446 77 157 -1 -1
32 39 223 617 487 142 79 -1 -1
32 40 223 851 367 75 37 -1 -1
32 37 224 0 446 77 157 -1 -1
32 39 224 589 484 152 81 -1 -1
32 40 224 851 367 75 37 -1 -1
32 37 225 0 446 77 157 -1 -1
32 39 225 560 481 164 84 -1 -1
32 40 225 851 367 75 37 -1 -1
32 39 226 532 477 172 86 -1 -1
32 40 226 851 367 75 37 -1 -1
32 39 227 498 472 187 89 -1 -1
32 40 227 851 367 75 37 -1 -1
32 39 228 463 467 199 92 -1 -1
32 40 228 851 367 75 37 -1 -1
32 39 229 423 462 211 95 -1 -1
32 40 229 849 366 78 37 -1 -1
32 39 230 380 456 229 99 -1 -1
32 40 230 849 366 78 37 -1 -1
32 39 231 333 450 236 102 -1 -1
32 40 231 849 366 78 37 -1 -1
32 39 232 280 442 252 107 -1 -1
32 40 232 849 366 78 37 -1 -1
32 39 233 224 435 250 110 -1 -1
32 40 233 849 366 78 37 -1 -1
32 39 234 157 424 292 114 -1 -1
32 40 234 849 366 78 37 -1 -1
32 39 235 90 409 331 125 -1 -1
32 40 235 849 366 78 37 -1 -1
32 39 236 90 409 331 125 -1 -1
32 40 236 849 366 78 37 -1 -1
32 39 237 90 409 331 125 -1 -1
32 40 237 849 366 78 37 -1 -1
32 39 238 0 381 241 137 -1 -1
32 40 238 849 366 78 37 -1 -1
32 39 239 1 354 186 158 -1 -1
32 40 239 849 365 78 37 -1 -1
32 39 240 0 360 109 148 -1 -1
32 40 240 849 365 78 37 -1 -1
32 39 241 0 360 109 148 -1 -1
32 40 241 849 365 78 37 -1 -1
32 42 241 160 292 144 77 -1 -1
32 39 242 0 360 109 148 -1 -1
32 40 242 849 365 78 37 -1 -1
32 42 242 160 292 144 77 -1 -1
32 39 243 0 360 109 148 -1 -1
32 40 243 849 365 78 37 -1 -1
32 42 243 161 292 143 77 -1 -1
32 40 244 849 365 78 37 -1 -1
32 42 244 161 292 143 77 -1 -1
32 40 245 849 365 78 37 -1 -1
32 42 245 161 292 143 77 -1 -1
32 40 246 849 365 78 37 -1 -1
32 42 246 161 292 143 77 -1 -1
32 40 247 849 365 78 37 -1 -1
32 42 247 161 292 143 77 -1 -1
32 40 248 849 365 78 37 -1 -1
32 40 249 849 365 78 37 -1 -1
32 40 250 849 365 78 37 -1 -1
32 40 251 849 365 78 37 -1 -1
32 43 251 955 486 38 33 -1 -1
32 44 251 158 286 145 83 -1 -1
32 45 251 1072 451 107 38 -1 -1
32 40 252 849 365 78 37 -1 -1
32 43 252 955 486 38 33 -1 -1
32 44 252 159 286 144 83 -1 -1
32 45 252 1072 451 107 38 -1 -1
32 40 253 850 364 77 38 -1 -1
32 43 253 955 486 38 33 -1 -1
32 44 253 159 286 144 83 -1 -1
32 45 253 1072 451 107 38 -1 -1
32 40 254 850 364 77 38 -1 -1
32 43 254 955 486 38 33 -1 -1
32 44 254 159 286 144 83 -1 -1
32 45 254 1072 451 107 38 -1 -1
32 40 255 850 364 77 38 -1 -1
32 44 255 159 286 144 83 -1 -1
32 45 255 1072 451 107 38 -1 -1
32 40 256 850 364 77 38 -1 -1
32 40 257 850 364 77 38 -1 -1
32 46 257 944 491 40 33 -1 -1
32 40 258 850 364 77 38 -1 -1
32 46 258 941 489 41 35 -1 -1
32 40 259 850 364 77 38 -1 -1
32 46 259 941 489 41 35 -1 -1
32 40 260 848 366 79 36 -1 -1
32 46 260 941 489 41 35 -1 -1
32 40 261 848 366 79 36 -1 -1
32 46 261 941 489 41 35 -1 -1
32 40 262 848 366 79 36 -1 -1
32 46 262 935 487 43 39 -1 -1
32 40 263 848 366 79 36 -1 -1
32 46 263 932 491 45 37 -1 -1
32 46 264 930 492 45 38 -1 -1
32 46 265 927 492 46 40 -1 -1
32 46 266 927 492 46 40 -1 -1
32 46 267 923 493 47 42 -1 -1
32 46 268 923 493 47 42 -1 -1
32 46 269 917 494 51 43 -1 -1
32 46 270 915 494 50 44 -1 -1
32 47 270 982 524 48 42 -1 -1
32 46 271 914 496 50 42 -1 -1
32 47 271 980 526 50 41 -1 -1
32 46 272 910 496 53 42 -1 -1
32 47 272 979 527 51 42 -1 -1
32 46 273 908 497 52 41 -1 -1
32 47 273 977 528 49 43 -1 -1
32 48 273 162 296 142 73 -1 -1
32 49 273 1071 451 111 41 -1 -1
32 46 274 905 498 54 42 -1 -1
32 47 274 974 529 51 44 -1 -1
32 48 274 164 298 140 71 -1 -1
32 49 274 1070 451 113 41 -1 -1
32 46 275 902 498 55 44 -1 -1
32 47 275 972 530 52 45 -1 -1
32 48 275 164 298 140 71 -1 -1
32 49 275 1070 451 113 40 -1 -1
32 50 275 324 763 357 263 -1 -1
32 46 276 897 498 57 45 -1 -1
32 47 276 970 533 53 44 -1 -1
32 48 276 174 305 130 64 -1 -1
32 49 276 1070 451 112 39 -1 -1
32 50 276 478 746 290 231 -1 -1
32 46 277 895 498 57 47 -1 -1
32 47 277 968 532 54 47 -1 -1
32 48 277 173 299 131 70 -1 -1
32 49 277 1075 451 107 39 -1 -1
32 50 277 478 746 290 231 -1 -1
32 51 277 850 365 76 37 -1 -1
32 46 278 890 498 59 48 -1 -1
32 47 278 966 532 55 49 -1 -1
32 48 278 172 298 132 71 -1 -1
32 49 278 1075 451 107 40 -1 -1
32 50 278 478 746 290 231 -1 -1
32 51 278 850 365 76 37 -1 -1
32 46 279 888 498 60 49 -1 -1
32 47 279 966 532 55 49 -1 -1
32 48 279 172 299 132 70 -1 -1
32 49 279 1073 451 109 40 -1 -1
32 50 279 478 746 290 231 -1 -1
32 51 279 850 365 76 37 -1 -1
32 46 280 884 498 61 51 -1 -1
32 47 280 958 536 60 50 -1 -1
32 48 280 172 298 132 71 -1 -1
32 49 280 1077 451 104 38 -1 -1
32 51 280 850 365 76 37 -1 -1
32 46 281 880 500 63 51 -1 -1
32 47 281 955 538 61 51 -1 -1
32 48 281 172 298 132 71 -1 -1
32 49 281 1077 451 104 38 -1 -1
32 51 281 850 365 76 37 -1 -1
32 52 281 702 683 343 211 -1 -1
32 46 282 875 500 64 53 -1 -1
32 47 282 950 538 62 53 -1 -1
32 48 282 171 297 133 72 -1 -1
32 49 282 1077 451 103 38 -1 -1
32 51 282 850 365 76 37 -1 -1
32 52 282 750 688 312 182 -1 -1
32 46 283 870 500 67 53 -1 -1
32 47 283 947 541 63 53 -1 -1
32 48 283 172 304 132 65 -1 -1
32 49 283 1074 451 107 39 -1 -1
32 51 283 849 366 77 36 -1 -1
32 52 283 750 688 312 182 -1 -1
32 46 284 865 500 70 55 -1 -1
32 47 284 944 542 64 53 -1 -1
32 48 284 172 305 132 64 -1 -1
32 49 284 1073 451 108 40 -1 -1
32 51 284 849 366 77 36 -1 -1
32 52 284 860 671 247 165 -1 -1
32 46 285 859 500 72 57 -1 -1
32 47 285 939 543 66 56 -1 -1
32 48 285 172 305 132 64 -1 -1
32 49 285 1073 451 108 40 -1 -1
32 51 285 849 366 77 36 -1 -1
32 52 285 902 662 224 156 -1 -1
32 46 286 854 502 74 56 -1 -1
32 47 286 933 545 69 55 -1 -1
32 48 286 176 306 128 63 -1 -1
32 49 286 1073 451 108 40 -1 -1
32 51 286 849 366 77 36 -1 -1
32 52 286 902 662 224 156 -1 -1
32 46 287 848 503 74 57 -1 -1
32 47 287 926 545 73 57 -1 -1
32 48 287 175 306 129 63 -1 -1
32 49 287 1073 451 108 40 -1 -1
32 51 287 849 366 77 36 -1 -1
32 52 287 902 662 224 156 -1 -1
32 46 288 842 504 74 57 -1 -1
32 47 288 920 545 75 59 -1 -1
32 48 288 174 305 130 64 -1 -1
32 51 288 849 366 77 36 -1 -1
32 52 288 902 662 224 156 -1 -1
32 46 289 833 503 78 59 -1 -1
32 47 289 913 545 76 62 -1 -1
32 48 289 178 307 125 62 -1 -1
32 51 289 849 367 77 35 -1 -1
32 53 289 1007 633 162 132 -1 -1
32 46 290 824 502 83 62 -1 -1
32 47 290 905 546 80 64 -1 -1
32 48 290 178 307 125 62 -1 -1
32 51 290 849 367 77 35 -1 -1
32 53 290 1007 633 162 132 -1 -1
32 46 291 815 501 87 64 -1 -1
32 47 291 896 547 83 64 -1 -1
32 48 291 178 306 125 63 -1 -1
32 51 291 849 367 77 35 -1 -1
32 53 291 1041 628 140 119 -1 -1
32 46 292 806 499 91 67 -1 -1
32 47 292 884 548 88 67 -1 -1
32 48 292 178 306 125 63 -1 -1
32 51 292 849 367 77 35 -1 -1
32 53 292 1051 625 131 113 -1 -1
32 54 292 977 481 33 28 -1 -1
32 55 292 1077 451 101 39 -1 -1
32 46 293 795 499 96 69 -1 -1
32 47 293 871 547 95 70 -1 -1
32 48 293 178 307 126 62 -1 -1
32 51 293 848 365 78 38 -1 -1
32 53 293 1051 625 131 113 -1 -1
32 54 293 976 484 33 27 -1 -1
32 55 293 1077 451 101 39 -1 -1
32 46 294 782 499 99 70 -1 -1
32 47 294 859 548 100 71 -1 -1
32 48 294 177 307 127 62 -1 -1
32 51 294 848 365 78 38 -1 -1
32 53 294 1051 625 131 113 -1 -1
32 54 294 976 483 32 28 -1 -1
32 55 294 1077 451 101 39 -1 -1
32 46 295 768 499 106 71 -1 -1
32 47 295 844 547 106 75 -1 -1
32 48 295 178 308 126 61 -1 -1
32 51 295 848 365 78 38 -1 -1
32 53 295 1051 625 131 113 -1 -1
32 54 295 973 483 34 28 -1 -1
32 55 295 1077 451 101 39 -1 -1
32 56 295 921 503 44 38 -1 -1
32 46 296 754 496 112 74 -1 -1
32 47 296 829 546 112 77 -1 -1
32 48 296 184 309 120 60 -1 -1
32 51 296 848 365 78 38 -1 -1
32 53 296 1086 615 103 94 -1 -1
32 54 296 971 486 33 25 -1 -1
32 56 296 917 505 46 37 -1 -1
32 46 297 739 494 116 76 -1 -1
32 47 297 809 545 121 80 -1 -1
32 48 297 182 310 122 59 -1 -1
32 51 297 848 365 78 38 -1 -1
32 53 297 1086 615 103 94 -1 -1
32 54 297 971 486 32 25 -1 -1
32 56 297 914 504 46 39 -1 -1
32 46 298 722 493 123 77 -1 -1
32 47 298 788 544 130 82 -1 -1
32 48 298 183 310 121 59 -1 -1
32 51 298 848 365 78 38 -1 -1
32 53 298 1086 615 103 94 -1 -1
32 54 298 969 486 33 26 -1 -1
32 56 298 914 504 46 39 -1 -1
32 46 299 705 491 130 77 -1 -1
32 47 299 766 541 139 87 -1 -1
32 48 299 184 310 120 59 -1 -1
32 51 299 848 365 78 38 -1 -1
32 53 299 1100 605 88 85 -1 -1
32 54 299 970 485 32 27 -1 -1
32 56 299 914 504 46 39 -1 -1
32 46 300 683 486 140 80 -1 -1
32 47 300 741 538 148 91 -1 -1
32 48 300 184 310 120 59 -1 -1
32 51 300 848 365 78 38 -1 -1
32 53 300 1100 605 88 85 -1 -1
32 54 300 968 485 33 28 -1 -1
32 56 300 914 504 46 39 -1 -1
32 46 301 683 486 140 80 -1 -1
32 47 301 712 538 158 92 -1 -1
32 48 301 183 308 121 61 -1 -1
32 51 301 849 365 77 38 -1 -1
32 53 301 1100 605 88 85 -1 -1
32 54 301 966 485 33 29 -1 -1
32 46 302 683 486 140 80 -1 -1
32 47 302 679 537 171 94 -1 -1
32 48 302 183 308 121 60 -1 -1
32 51 302 849 365 77 38 -1 -1
32 53 302 1100 605 88 85 -1 -1
32 54 302 964 484 34 31 -1 -1
32 46 303 683 486 140 80 -1 -1
32 47 303 641 530 187 103 -1 -1
32 48 303 187 310 117 59 -1 -1
32 51 303 849 365 77 38 -1 -1
32 54 303 964 484 34 31 -1 -1
32 47 304 599 528 206 106 -1 -1
32 48 304 187 310 117 59 -1 -1
32 51 304 848 365 78 38 -1 -1
32 54 304 964 484 34 31 -1 -1
32 57 304 1074 451 105 42 -1 -1
32 47 305 555 526 223 108 -1 -1
32 48 305 188 310 116 59 -1 -1
32 51 305 848 365 78 38 -1 -1
32 54 305 962 487 33 28 -1 -1
32 57 305 1075 451 104 42 -1 -1
32 47 306 504 517 243 117 -1 -1
32 48 306 188 310 116 59 -1 -1
32 51 306 848 365 78 38 -1 -1
32 54 306 960 488 34 28 -1 -1
32 57 306 1073 451 106 42 -1 -1
32 58 306 882 509 56 45 -1 -1
32 47 307 447 501 260 132 -1 -1
32 48 307 188 310 116 59 -1 -1
32 51 307 848 365 78 38 -1 -1
32 54 307 959 488 35 29 -1 -1
32 57 307 1073 451 106 42 -1 -1
32 58 307 879 509 56 46 -1 -1
32 47 308 380 499 287 133 -1 -1
32 48 308 188 310 116 59 -1 -1
32 54 308 957 488 36 30 -1 -1
32 57 308 1072 451 107 42 -1 -1
32 58 308 879 509 56 46 -1 -1
32 47 309 310 459 315 174 -1 -1
32 48 309 187 310 117 59 -1 -1
32 54 309 956 489 37 30 -1 -1
32 57 309 1073 451 107 42 -1 -1
32 58 309 879 509 56 46 -1 -1
32 47 310 310 459 315 174 -1 -1
32 48 310 187 310 117 59 -1 -1
32 54 310 955 491 37 28 -1 -1
32 57 310 1074 451 107 43 -1 -1
32 58 310 879 509 56 46 -1 -1
32 47 311 129 481 383 145 -1 -1
32 48 311 185 310 119 59 -1 -1
32 54 311 951 492 38 28 -1 -1
32 57 311 1074 451 107 43 -1 -1
32 47 312 26 465 299 159 -1 -1
32 48 312 183 310 121 60 -1 -1
32 54 312 949 493 36 27 -1 -1
32 57 312 1074 451 107 43 -1 -1
32 47 313 0 433 268 184 -1 -1
32 48 313 183 310 121 60 -1 -1
32 54 313 947 495 38 27 -1 -1
32 57 313 1074 451 107 43 -1 -1
32 59 313 838 513 70 47 -1 -1
32 60 313 849 366 78 37 -1 -1
32 47 314 0 450 275 165 -1 -1
32 48 314 183 310 121 60 -1 -1
32 54 314 946 495 38 27 -1 -1
32 59 314 827 512 73 50 -1 -1
32 60 314 849 366 78 37 -1 -1
32 47 315 0 421 197 195 -1 -1
32 48 315 183 310 121 60 -1 -1
32 54 315 943 496 40 27 -1 -1
32 59 315 819 513 76 49 -1 -1
32 60 315 849 366 78 37 -1 -1
32 61 315 59 369 283 158 -1 -1
32 47 316 0 444 80 141 -1 -1
32 54 316 941 496 40 28 -1 -1
32 59 316 819 513 76 49 -1 -1
32 60 316 849 366 78 37 -1 -1
32 61 316 1 352 264 171 -1 -1
32 47 317 0 444 80 141 -1 -1
32 54 317 939 496 39 29 -1 -1
32 59 317 800 511 78 53 -1 -1
32 60 317 849 366 78 37 -1 -1
32 61 317 0 342 196 175 -1 -1
32 62 317 161 303 143 66 -1 -1
32 47 318 0 444 80 141 -1 -1
32 54 318 938 495 39 29 -1 -1
32 59 318 786 512 84 53 -1 -1
32 60 318 849 366 78 37 -1 -1
32 61 318 0 315 106 196 -1 -1
32 62 318 164 302 140 67 -1 -1
32 47 319 0 444 80 141 -1 -1
32 54 319 937 494 39 31 -1 -1
32 59 319 774 510 88 56 -1 -1
32 60 319 849 366 78 37 -1 -1
32 61 319 0 315 106 196 -1 -1
32 62 319 164 302 140 67 -1 -1
32 54 320 935 495 39 31 -1 -1
32 59 320 759 509 93 58 -1 -1
32 60 320 849 366 78 37 -1 -1
32 61 320 0 315 106 196 -1 -1
32 62 320 162 302 142 67 -1 -1
32 54 321 931 495 41 34 -1 -1
32 59 321 744 505 97 62 -1 -1
32 60 321 849 366 78 37 -1 -1
32 61 321 0 315 106 196 -1 -1
32 62 321 164 303 140 66 -1 -1
32 54 322 929 494 42 36 -1 -1
32 59 322 726 505 102 61 -1 -1
32 60 322 849 366 78 37 -1 -1
32 62 322 164 303 140 66 -1 -1
32 54 323 927 493 43 37 -1 -1
32 59 323 708 502 108 64 -1 -1
32 60 323 848 367 78 36 -1 -1
32 62 323 164 303 140 66 -1 -1
32 54 324 925 492 42 40 -1 -1
32 59 324 688 499 114 66 -1 -1
32 60 324 848 367 79 36 -1 -1
32 62 324 164 303 140 66 -1 -1
32 54 325 922 498 43 36 -1 -1
32 59 325 667 498 121 67 -1 -1
32 60 325 850 366 76 36 -1 -1
32 62 325 167 301 138 67 -1 -1
32 54 326 919 496 44 38 -1 -1
32 59 326 644 495 126 69 -1 -1
32 60 326 850 366 76 36 -1 -1
32 62 326 167 301 138 67 -1 -1
32 54 327 919 496 44 38 -1 -1
32 59 327 620 491 133 72 -1 -1
32 60 327 850 366 76 36 -1 -1
32 62 327 167 301 138 67 -1 -1
32 54 328 915 498 46 38 -1 -1
32 59 328 590 485 143 77 -1 -1
32 60 328 850 366 76 36 -1 -1
32 62 328 167 301 138 67 -1 -1
32 54 329 912 497 47 40 -1 -1
32 59 329 559 481 155 80 -1 -1
32 60 329 850 366 76 36 -1 -1
32 62 329 167 301 138 67 -1 -1
32 54 330 909 497 46 41 -1 -1
32 59 330 526 477 162 82 -1 -1
32 60 330 850 366 76 37 -1 -1
32 62 330 167 301 138 67 -1 -1
32 54 331 905 494 48 45 -1 -1
32 59 331 489 473 174 84 -1 -1
32 60 331 850 366 76 37 -1 -1
32 62 331 167 301 138 67 -1 -1
32 54 332 905 494 48 45 -1 -1
32 59 332 448 466 192 88 -1 -1
32 60 332 850 366 76 37 -1 -1
32 62 332 167 301 138 67 -1 -1
32 54 333 896 499 52 42 -1 -1
32 59 333 405 460 202 92 -1 -1
32 60 333 848 367 79 36 -1 -1
32 63 333 0 588 288 250 -1 -1
32 54 334 893 499 53 42 -1 -1
32 59 334 354 452 221 98 -1 -1
32 60 334 848 367 79 36 -1 -1
32 63 334 0 588 288 250 -1 -1
32 54 335 889 502 54 42 -1 -1
32 59 335 299 447 223 98 -1 -1
32 60 335 848 367 79 36 -1 -1
32 63 335 0 588 288 250 -1 -1
32 54 336 886 499 54 44 -1 -1
32 59 336 241 439 250 103 -1 -1
32 60 336 848 367 79 36 -1 -1
32 63 336 0 588 288 250 -1 -1
32 54 337 881 500 57 46 -1 -1
32 59 337 174 427 268 109 -1 -1
32 60 337 850 366 77 36 -1 -1
32 54 338 876 500 59 47 -1 -1
32 59 338 101 416 301 111 -1 -1
32 60 338 850 366 77 36 -1 -1
32 64 338 365 579 348 219 -1 -1
32 54 339 871 498 60 52 -1 -1
32 59 339 19 407 275 112 -1 -1
32 60 339 850 366 77 36 -1 -1
32 64 339 450 587 307 194 -1 -1
32 54 340 867 502 62 50 -1 -1
32 59 340 0 385 282 137 -1 -1
32 60 340 850 366 77 36 -1 -1
32 64 340 524 598 281 171 -1 -1
32 54 341 861 506 63 47 -1 -1
32 59 341 0 378 215 138 -1 -1
32 60 341 850 366 77 36 -1 -1
32 64 341 588 599 255 162 -1 -1
32 54 342 856 503 63 51 -1 -1
32 59 342 0 363 138 144 -1 -1
32 60 342 850 366 77 36 -1 -1
32 64 342 645 601 227 150 -1 -1
32 54 343 849 504 66 51 -1 -1
32 59 343 0 363 138 144 -1 -1
32 60 343 850 366 77 36 -1 -1
32 64 343 692 603 205 141 -1 -1
32 54 344 844 503 67 53 -1 -1
32 59 344 0 363 138 144 -1 -1
32 60 344 850 366 77 36 -1 -1
32 64 344 734 604 189 132 -1 -1
32 65 344 12 313 111 69 -1 -1
32 54 345 837 499 69 60 -1 -1
32 59 345 0 363 138 144 -1 -1
32 60 345 850 366 77 36 -1 -1
32 64 345 771 605 174 123 -1 -1
32 65 345 12 313 111 69 -1 -1
32 54 346 827 498 74 62 -1 -1
32 64 346 803 605 162 116 -1 -1
32 65 346 12 313 111 69 -1 -1
32 66 346 160 295 144 74 -1 -1
32 54 347 819 497 77 64 -1 -1
32 64 347 831 605 152 110 -1 -1
32 65 347 12 313 111 69 -1 -1
32 66 347 160 295 144 74 -1 -1
32 54 348 811 496 79 66 -1 -1
32 64 348 859 603 138 108 -1 -1
32 65 348 12 313 111 69 -1 -1
32 66 348 159 295 145 74 -1 -1
32 54 349 802 496 81 68 -1 -1
32 64 349 880 605 130 99 -1 -1
32 66 349 161 292 143 77 -1 -1
32 54 350 791 498 87 67 -1 -1
32 64 350 898 605 125 95 -1 -1
32 66 350 161 294 143 75 -1 -1
32 54 351 779 500 90 67 -1 -1
32 64 351 915 605 123 90 -1 -1
32 66 351 163 295 141 74 -1 -1
32 54 352 766 499 94 68 -1 -1
32 64 352 931 606 114 85 -1 -1
32 66 352 163 294 141 75 -1 -1
32 54 353 752 494 101 74 -1 -1
32 64 353 946 603 107 85 -1 -1
32 66 353 166 302 138 66 -1 -1
32 67 353 848 365 78 38 -1 -1
32 54 354 738 494 105 74 -1 -1
32 64 354 958 603 104 79 -1 -1
32 66 354 165 302 139 66 -1 -1
32 67 354 848 365 78 38 -1 -1
32 54 355 721 494 112 76 -1 -1
32 64 355 970 600 98 79 -1 -1
32 66 355 166 302 138 66 -1 -1
32 67 355 848 365 78 38 -1 -1
32 54 356 704 491 116 78 -1 -1
32 64 356 981 600 92 76 -1 -1
32 66 356 164 301 140 68 -1 -1
32 67 356 848 365 78 38 -1 -1
32 54 357 685 486 122 84 -1 -1
32 64 357 989 599 90 73 -1 -1
32 66 357 165 301 139 67 -1 -1
32 67 357 848 365 79 39 -1 -1
32 54 358 664 482 128 87 -1 -1
32 64 358 998 598 87 71 -1 -1
32 66 358 165 301 139 68 -1 -1
32 67 358 848 365 79 39 -1 -1
32 54 359 640 478 136 91 -1 -1
32 64 359 1006 595 81 68 -1 -1
32 66 359 165 301 139 67 -1 -1
32 67 359 848 365 79 38 -1 -1
32 54 360 614 475 144 93 -1 -1
32 64 360 1012 592 75 69 -1 -1
32 66 360 163 300 141 69 -1 -1
32 67 360 848 365 79 38 -1 -1
32 54 361 584 470 155 98 -1 -1
32 64 361 1017 592 75 66 -1 -1
32 66 361 162 303 142 66 -1 -1
32 67 361 852 366 75 38 -1 -1
32 54 362 552 472 165 94 -1 -1
32 64 362 1022 590 72 65 -1 -1
32 66 362 162 303 142 66 -1 -1
32 67 362 852 366 75 38 -1 -1
32 54 363 518 464 175 100 -1 -1
32 64 363 1026 589 69 63 -1 -1
32 66 363 162 308 141 61 -1 -1
32 67 363 852 366 75 38 -1 -1
32 54 364 480 457 187 104 -1 -1
32 64 364 1030 587 68 63 -1 -1
32 66 364 162 308 141 61 -1 -1
32 67 364 852 366 75 38 -1 -1
32 54 365 438 456 201 103 -1 -1
32 64 365 1034 585 66 61 -1 -1
32 66 365 162 308 141 61 -1 -1
32 67 365 852 366 75 38 -1 -1
32 54 366 392 448 214 109 -1 -1
32 64 366 1037 585 63 57 -1 -1
32 66 366 160 307 143 62 -1 -1
32 67 366 852 366 75 38 -1 -1
32 54 367 338 437 234 115 -1 -1
32 64 367 1040 582 62 59 -1 -1
32 66 367 160 307 143 62 -1 -1
32 67 367 852 366 75 38 -1 -1
32 54 368 282 431 248 118 -1 -1
32 64 368 1041 581 62 57 -1 -1
32 66 368 159 307 144 62 -1 -1
32 67 368 851 366 76 38 -1 -1
32 54 369 219 427 259 116 -1 -1
32 64 369 1043 579 60 56 -1 -1
32 66 369 159 307 145 63 -1 -1
32 67 369 850 366 77 38 -1 -1
32 54 370 150 408 282 129 -1 -1
32 64 370 1045 577 58 54 -1 -1
32 66 370 157 306 146 64 -1 -1
32 67 370 850 366 77 38 -1 -1
32 54 371 85 381 302 150 -1 -1
32 64 371 1047 574 57 56 -1 -1
32 66 371 156 305 147 65 -1 -1
32 67 371 850 366 77 38 -1 -1
32 54 372 85 381 302 150 -1 -1
32 64 372 1047 574 57 56 -1 -1
32 66 372 160 307 143 63 -1 -1
32 67 372 850 366 77 38 -1 -1
32 54 373 0 348 251 168 -1 -1
32 64 373 1050 572 53 52 -1 -1
32 66 373 177 306 127 64 -1 -1
32 67 373 848 367 78 35 -1 -1
32 54 374 0 339 186 177 -1 -1
32 64 374 1050 572 53 52 -1 -1
32 66 374 178 307 126 62 -1 -1
32 67 374 848 367 78 35 -1 -1
32 54 375 1 325 97 179 -1 -1
32 64 375 1050 572 53 52 -1 -1
32 66 375 177 307 127 62 -1 -1
32 67 375 848 367 78 35 -1 -1
32 54 376 1 325 97 179 -1 -1
32 64 376 1052 566 49 50 -1 -1
32 66 376 174 306 130 63 -1 -1
32 67 376 848 367 78 35 -1 -1
32 54 377 1 325 97 179 -1 -1
32 64 377 1052 564 49 49 -1 -1
32 66 377 172 305 132 64 -1 -1
32 67 377 848 367 78 35 -1 -1
32 54 378 1 325 97 179 -1 -1
32 64 378 1053 563 47 47 -1 -1
32 66 378 173 306 131 63 -1 -1
32 67 378 848 367 78 35 -1 -1
32 64 379 1053 562 47 44 -1 -1
32 66 379 173 305 131 64 -1 -1
32 67 379 848 367 78 35 -1 -1
32 64 380 1054 560 45 44 -1 -1
32 66 380 174 306 130 63 -1 -1
32 67 380 848 367 78 36 -1 -1
32 64 381 1054 560 45 44 -1 -1
32 66 381 174 306 130 63 -1 -1
32 67 381 848 367 78 36 -1 -1
32 64 382 1054 560 45 44 -1 -1
32 66 382 174 306 130 63 -1 -1
32 67 382 848 367 78 36 -1 -1
32 64 383 1054 560 45 44 -1 -1
32 66 383 168 305 136 64 -1 -1
32 67 383 848 366 78 36 -1 -1
32 66 384 167 305 137 64 -1 -1
32 67 384 848 366 78 36 -1 -1
32 66 385 167 305 137 64 -1 -1
32 67 385 849 366 78 36 -1 -1
32 66 386 167 305 137 64 -1 -1
32 67 386 849 365 78 37 -1 -1
32 66 387 167 305 137 64 -1 -1
32 67 387 849 365 78 37 -1 -1
32 68 387 0 578 345 244 -1 -1
32 67 388 849 365 78 37 -1 -1
32 68 388 0 578 345 244 -1 -1
32 67 389 849 365 78 37 -1 -1
32 68 389 0 578 345 244 -1 -1
32 67 390 849 365 78 37 -1 -1
32 68 390 0 578 345 244 -1 -1
32 67 391 849 365 78 37 -1 -1
32 69 391 978 523 45 40 -1 -1
32 67 392 849 365 78 37 -1 -1
32 69 392 976 523 47 42 -1 -1
32 70 392 464 584 306 185 -1 -1
32 67 393 848 365 78 37 -1 -1
32 69 393 975 526 47 42 -1 -1
32 70 393 537 587 288 172 -1 -1
32 67 394 848 365 78 37 -1 -1
32 69 394 975 526 47 42 -1 -1
32 70 394 606 592 252 155 -1 -1
32 67 395 848 365 78 37 -1 -1
32 69 395 970 529 51 44 -1 -1
32 70 395 665 593 227 145 -1 -1
32 71 395 178 304 126 65 -1 -1
32 67 396 848 365 78 37 -1 -1
32 69 396 967 529 54 45 -1 -1
32 70 396 665 593 227 145 -1 -1
32 71 396 179 305 125 64 -1 -1
32 67 397 849 365 77 37 -1 -1
32 69 397 966 529 51 48 -1 -1
32 70 397 761 595 184 125 -1 -1
32 71 397 176 303 128 65 -1 -1
32 67 398 849 365 77 37 -1 -1
32 69 398 963 528 53 52 -1 -1
32 70 398 800 596 168 117 -1 -1
32 71 398 178 304 126 64 -1 -1
32 67 399 849 365 77 37 -1 -1
32 69 399 959 531 55 51 -1 -1
32 70 399 832 597 156 110 -1 -1
32 71 399 178 304 126 64 -1 -1
32 67 400 849 365 77 37 -1 -1
32 69 400 959 531 55 51 -1 -1
32 70 400 862 598 143 103 -1 -1
32 71 400 173 303 131 65 -1 -1
32 67 401 849 365 77 37 -1 -1
32 69 401 959 531 55 51 -1 -1
32 70 401 886 601 136 95 -1 -1
32 71 401 171 303 133 65 -1 -1
32 67 402 849 365 77 37 -1 -1
32 69 402 946 536 61 53 -1 -1
32 70 402 908 602 129 88 -1 -1
32 71 402 173 303 131 66 -1 -1
32 67 403 849 365 77 37 -1 -1
32 69 403 941 540 63 53 -1 -1
32 70 403 928 601 124 86 -1 -1
32 71 403 183 311 121 58 -1 -1
32 67 404 849 365 77 37 -1 -1
32 69 404 935 542 65 52 -1 -1
32 70 404 945 601 115 80 -1 -1
32 71 404 181 311 123 58 -1 -1
32 67 405 849 365 77 37 -1 -1
32 69 405 928 543 67 51 -1 -1
32 70 405 960 598 110 81 -1 -1
32 71 405 183 311 121 58 -1 -1
32 69 406 920 543 71 55 -1 -1
32 70 406 977 595 99 79 -1 -1
32 71 406 191 312 113 56 -1 -1
32 69 407 911 544 75 55 -1 -1
32 70 407 987 595 97 75 -1 -1
32 71 407 190 312 114 56 -1 -1
32 72 407 1039 524 42 40 -1 -1
32 69 408 901 543 80 59 -1 -1
32 70 408 999 593 90 73 -1 -1
32 71 408 190 312 114 56 -1 -1
32 72 408 1039 524 42 40 -1 -1
32 69 409 890 544 83 59 -1 -1
32 70 409 1008 591 82 70 -1 -1
32 71 409 180 310 124 58 -1 -1
32 72 409 1039 524 42 40 -1 -1
32 73 409 939 497 38 34 -1 -1
32 69 410 879 544 86 61 -1 -1
32 70 410 1015 590 80 68 -1 -1
32 71 410 182 310 122 59 -1 -1
32 72 410 1039 524 42 40 -1 -1
32 73 410 939 497 38 34 -1 -1
32 69 411 865 544 91 63 -1 -1
32 70 411 1015 590 80 68 -1 -1
32 71 411 182 310 122 59 -1 -1
32 73 411 939 497 38 34 -1 -1
32 69 412 851 543 97 65 -1 -1
32 70 412 1028 586 74 65 -1 -1
32 71 412 182 310 122 59 -1 -1
32 73 412 939 497 38 34 -1 -1
32 69 413 835 544 101 66 -1 -1
32 70 413 1034 585 72 62 -1 -1
32 71 413 168 309 136 59 -1 -1
32 74 413 850 366 76 36 -1 -1
32 69 414 816 543 109 69 -1 -1
32 70 414 1038 583 69 60 -1 -1
32 71 414 168 309 136 59 -1 -1
32 74 414 850 366 76 36 -1 -1
32 69 415 797 543 115 70 -1 -1
32 70 415 1041 581 66 59 -1 -1
32 71 415 173 310 131 58 -1 -1
32 74 415 850 366 76 36 -1 -1
32 69 416 775 539 124 75 -1 -1
32 70 416 1046 578 63 59 -1 -1
32 71 416 173 310 131 58 -1 -1
32 74 416 850 366 76 36 -1 -1
32 75 416 920 502 45 34 -1 -1
32 69 417 751 534 132 81 -1 -1
32 70 417 1048 576 62 58 -1 -1
32 71 417 174 310 130 58 -1 -1
32 74 417 850 366 76 36 -1 -1
32 75 417 916 502 47 35 -1 -1
32 76 417 999 511 52 33 -1 -1
32 69 418 724 533 142 83 -1 -1
32 70 418 1050 576 61 54 -1 -1
32 71 418 173 310 131 58 -1 -1
32 74 418 850 366 76 36 -1 -1
32 75 418 915 502 46 36 -1 -1
32 76 418 999 511 52 33 -1 -1
32 69 419 695 530 152 87 -1 -1
32 70 419 1050 576 61 54 -1 -1
32 71 419 174 310 130 58 -1 -1
32 74 419 850 366 76 36 -1 -1
32 75 419 910 503 48 35 -1 -1
32 76 419 999 511 52 33 -1 -1
32 69 420 661 527 162 91 -1 -1
32 70 420 1050 576 61 54 -1 -1
32 71 420 175 310 129 58 -1 -1
32 74 420 851 366 75 36 -1 -1
32 75 420 907 504 48 35 -1 -1
32 76 420 999 511 52 33 -1 -1
32 69 421 623 523 179 95 -1 -1
32 70 421 1050 576 61 54 -1 -1
32 71 421 172 311 131 58 -1 -1
32 74 421 851 367 75 36 -1 -1
32 75 421 902 504 50 37 -1 -1
32 69 422 583 518 191 100 -1 -1
32 71 422 172 311 131 58 -1 -1
32 74 422 851 367 75 36 -1 -1
32 75 422 898 504 51 38 -1 -1
32 69 423 537 513 209 105 -1 -1
32 71 423 163 302 140 67 -1 -1
32 74 423 851 366 75 37 -1 -1
32 75 423 894 504 51 39 -1 -1
32 69 424 482 505 232 117 -1 -1
32 71 424 164 302 139 67 -1 -1
32 74 424 851 366 75 37 -1 -1
32 75 424 889 504 53 40 -1 -1
32 69 425 425 501 245 115 -1 -1
32 71 425 163 302 140 67 -1 -1
32 74 425 851 366 75 37 -1 -1
32 75 425 884 505 54 41 -1 -1
32 69 426 363 490 271 124 -1 -1
32 71 426 167 302 136 67 -1 -1
32 74 426 851 366 75 37 -1 -1
32 75 426 879 506 56 42 -1 -1
32 77 426 958 491 56 36 -1 -1
32 69 427 288 482 299 132 -1 -1
32 71 427 165 302 138 67 -1 -1
32 74 427 851 366 75 37 -1 -1
32 75 427 873 506 57 44 -1 -1
32 77 427 958 491 56 36 -1 -1
32 69 428 204 473 343 139 -1 -1
32 71 428 165 301 138 68 -1 -1
32 74 428 851 366 75 37 -1 -1
32 75 428 868 507 60 44 -1 -1
32 77 428 958 491 56 36 -1 -1
32 69 429 107 468 363 139 -1 -1
32 71 429 166 301 137 68 -1 -1
32 74 429 851 366 75 37 -1 -1
32 75 429 863 506 59 47 -1 -1
32 77 429 958 491 56 36 -1 -1
32 69 430 4 457 324 146 -1 -1
32 71 430 164 301 139 68 -1 -1
32 74 430 851 366 75 37 -1 -1
32 75 430 863 506 59 47 -1 -1
32 69 431 4 457 324 146 -1 -1
32 71 431 164 301 139 68 -1 -1
32 74 431 851 366 75 37 -1 -1
32 75 431 849 507 63 48 -1 -1
32 69 432 0 433 244 160 -1 -1
32 71 432 164 300 139 69 -1 -1
32 74 432 851 366 75 37 -1 -1
32 75 432 843 507 66 49 -1 -1
32 69 433 1 401 163 195 -1 -1
32 71 433 193 310 110 58 -1 -1
32 74 433 851 366 75 37 -1 -1
32 75 433 835 505 68 52 -1 -1
32 69 434 0 435 52 123 -1 -1
32 71 434 193 310 110 58 -1 -1
32 74 434 851 366 75 37 -1 -1
32 75 434 825 503 72 55 -1 -1
32 69 435 0 435 52 123 -1 -1
32 71 435 194 310 109 58 -1 -1
32 74 435 851 366 75 37 -1 -1
32 75 435 825 503 72 55 -1 -1
32 69 436 0 435 52 123 -1 -1
32 71 436 193 310 110 58 -1 -1
32 75 436 808 503 76 58 -1 -1
32 69 437 0 435 52 123 -1 -1
32 71 437 192 310 111 58 -1 -1
32 75 437 798 508 79 53 -1 -1
32 71 438 190 310 113 58 -1 -1
32 75 438 785 506 83 57 -1 -1
32 71 439 190 310 113 58 -1 -1
32 75 439 770 504 89 60 -1 -1
32 71 440 190 310 113 58 -1 -1
32 75 440 758 505 92 60 -1 -1
32 71 441 191 310 112 58 -1 -1
32 75 441 744 503 97 62 -1 -1
32 71 442 191 310 112 58 -1 -1
32 75 442 726 502 104 64 -1 -1
32 71 443 191 310 112 58 -1 -1
32 75 443 706 498 111 68 -1 -1
32 78 443 848 365 78 38 -1 -1
32 79 443 885 466 62 34 -1 -1
32 71 444 191 310 112 58 -1 -1
32 75 444 687 495 116 71 -1 -1
32 78 444 848 365 78 38 -1 -1
32 79 444 885 466 62 34 -1 -1
32 71 445 191 310 112 58 -1 -1
32 75 445 664 495 123 70 -1 -1
32 78 445 849 365 77 38 -1 -1
32 79 445 885 466 62 34 -1 -1
32 75 446 641 489 130 76 -1 -1
32 78 446 849 365 77 38 -1 -1
32 79 446 885 466 62 34 -1 -1
32 75 447 612 484 139 81 -1 -1
32 78 447 849 365 77 38 -1 -1
32 75 448 582 481 149 82 -1 -1
32 78 448 849 365 77 38 -1 -1
32 75 449 547 474 159 89 -1 -1
32 78 449 849 365 77 38 -1 -1
32 75 450 511 473 171 87 -1 -1
32 78 450 849 365 77 38 -1 -1
32 80 450 852 451 70 36 -1 -1
32 75 451 468 465 188 92 -1 -1
32 78 451 849 365 77 38 -1 -1
32 80 451 852 451 70 36 -1 -1
32 75 452 423 458 202 97 -1 -1
32 78 452 849 365 77 38 -1 -1
32 80 452 852 451 70 36 -1 -1
32 75 453 371 449 219 104 -1 -1
32 78 453 849 365 77 39 -1 -1
32 80 453 852 451 70 36 -1 -1
32 81 453 184 312 120 57 -1 -1
32 75 454 315 441 233 107 -1 -1
32 78 454 849 365 77 39 -1 -1
32 81 454 184 312 120 57 -1 -1
32 75 455 249 434 237 111 -1 -1
32 78 455 849 365 77 39 -1 -1
32 81 455 182 312 122 57 -1 -1
32 75 456 176 422 266 114 -1 -1
32 78 456 849 365 77 39 -1 -1
32 81 456 178 311 126 58 -1 -1
32 75 457 92 405 309 127 -1 -1
32 78 457 849 365 77 39 -1 -1
32 81 457 176 313 128 56 -1 -1
32 75 458 3 393 333 131 -1 -1
32 78 458 849 366 77 38 -1 -1
32 81 458 174 313 130 56 -1 -1
32 75 459 3 393 333 131 -1 -1
32 78 459 849 365 77 39 -1 -1
32 81 459 173 313 131 56 -1 -1
32 75 460 0 364 199 148 -1 -1
32 78 460 849 365 77 39 -1 -1
32 81 460 178 313 126 56 -1 -1
32 75 461 0 353 106 156 -1 -1
32 78 461 849 365 77 39 -1 -1
32 81 461 185 313 119 55 -1 -1
32 75 462 0 353 106 156 -1 -1
32 78 462 850 365 76 39 -1 -1
32 81 462 185 313 119 55 -1 -1
32 75 463 0 353 106 156 -1 -1
32 78 463 849 366 77 36 -1 -1
32 81 463 194 311 109 57 -1 -1
32 75 464 0 353 106 156 -1 -1
32 78 464 849 366 77 36 -1 -1
32 81 464 194 311 109 57 -1 -1
32 78 465 849 366 77 36 -1 -1
32 81 465 194 311 109 57 -1 -1
32 78 466 849 366 77 36 -1 -1
32 81 466 194 310 109 58 -1 -1
32 78 467 849 366 77 36 -1 -1
32 81 467 195 310 108 58 -1 -1
32 78 468 849 366 77 36 -1 -1
32 81 468 195 310 108 58 -1 -1
32 78 469 849 367 77 35 -1 -1
32 81 469 184 304 119 65 -1 -1
32 78 470 849 367 77 35 -1 -1
32 81 470 186 304 117 65 -1 -1
32 78 471 849 367 77 35 -1 -1
32 81 471 185 304 118 65 -1 -1
32 78 472 849 367 77 35 -1 -1
32 81 472 184 303 119 66 -1 -1
32 78 473 849 367 77 35 -1 -1
32 81 473 183 303 120 66 -1 -1
32 78 474 849 367 77 35 -1 -1
32 81 474 184 303 119 66 -1 -1
32 78 475 849 367 77 35 -1 -1
32 81 475 183 303 120 66 -1 -1
32 78 476 849 367 77 35 -1 -1
32 81 476 183 303 120 66 -1 -1
32 78 477 849 367 77 35 -1 -1
32 81 477 182 303 121 66 -1 -1
32 78 478 849 367 77 35 -1 -1
32 81 478 182 303 121 66 -1 -1
32 78 479 849 366 77 36 -1 -1
32 81 479 182 303 121 66 -1 -1
32 82 479 0 548 285 270 -1 -1
32 78 480 849 366 77 36 -1 -1
32 81 480 182 303 121 66 -1 -1
32 82 480 0 546 332 258 -1 -1
32 78 481 849 365 78 37 -1 -1
32 81 481 182 303 121 66 -1 -1
32 82 481 0 546 332 258 -1 -1
32 78 482 849 365 78 37 -1 -1
32 82 482 0 546 332 258 -1 -1
32 78 483 849 365 78 37 -1 -1
32 82 483 0 546 332 258 -1 -1
32 78 484 849 365 78 37 -1 -1
32 78 485 849 365 78 37 -1 -1
32 78 486 849 365 78 37 -1 -1
32 78 487 849 365 78 37 -1 -1
32 83 487 426 532 381 228 -1 -1
32 78 488 849 365 78 37 -1 -1
32 83 488 500 543 352 221 -1 -1
32 78 489 849 366 77 36 -1 -1
32 83 489 500 543 352 221 -1 -1
32 84 489 1078 451 104 40 -1 -1
32 78 490 849 366 77 36 -1 -1
32 83 490 612 561 288 190 -1 -1
32 84 490 1078 451 104 40 -1 -1
32 78 491 849 366 77 36 -1 -1
32 83 491 662 567 269 171 -1 -1
32 84 491 1074 451 107 39 -1 -1
32 78 492 849 366 77 36 -1 -1
32 83 492 704 571 249 165 -1 -1
32 84 492 1074 451 107 39 -1 -1
32 78 493 848 366 78 37 -1 -1
32 83 493 743 574 232 155 -1 -1
32 84 493 1074 451 107 39 -1 -1
32 78 494 848 365 78 38 -1 -1
32 83 494 777 574 214 140 -1 -1
32 84 494 1074 451 107 39 -1 -1
32 78 495 848 365 78 38 -1 -1
32 83 495 807 575 199 135 -1 -1
32 84 495 1074 451 107 39 -1 -1
32 78 496 848 366 78 37 -1 -1
32 83 496 831 580 190 131 -1 -1
32 78 497 848 365 78 38 -1 -1
32 83 497 856 581 177 127 -1 -1
32 78 498 848 366 78 37 -1 -1
32 83 498 879 583 166 116 -1 -1
32 78 499 848 366 78 37 -1 -1
32 83 499 896 584 159 115 -1 -1
32 78 500 848 366 78 37 -1 -1
32 83 500 914 584 149 105 -1 -1
32 78 501 848 366 78 37 -1 -1
32 83 501 928 584 142 98 -1 -1
32 83 502 944 585 134 96 -1 -1
32 83 503 956 585 128 95 -1 -1
32 83 504 966 585 123 90 -1 -1
32 85 504 0 589 185 231 -1 -1
32 83 505 975 584 116 89 -1 -1
32 85 505 0 575 300 231 -1 -1
32 86 505 0 556 300 251 -1 -1
32 83 506 985 582 109 90 -1 -1
32 85 506 0 588 319 222 -1 -1
32 86 506 0 556 300 251 -1 -1
32 83 507 992 582 108 86 -1 -1
32 85 507 0 588 319 222 -1 -1
32 86 507 0 556 300 251 -1 -1
32 83 508 999 580 102 88 -1 -1
32 85 508 100 554 336 233 -1 -1
32 86 508 0 556 300 251 -1 -1
32 83 509 1007 580 96 84 -1 -1
32 85 509 225 559 339 214 -1 -1
32 87 509 197 307 107 61 -1 -1
32 88 509 848 365 79 38 -1 -1
32 83 510 1012 578 94 82 -1 -1
32 85 510 225 559 339 214 -1 -1
32 87 510 197 307 107 61 -1 -1
32 88 510 848 365 79 38 -1 -1
32 83 511 1016 576 93 82 -1 -1
32 85 511 419 584 340 183 -1 -1
32 87 511 198 307 106 61 -1 -1
32 88 511 848 365 79 38 -1 -1
32 83 512 1021 576 88 78 -1 -1
32 85 512 497 585 297 173 -1 -1
32 87 512 198 307 106 61 -1 -1
32 88 512 848 365 79 38 -1 -1
32 83 513 1025 576 85 76 -1 -1
32 85 513 564 586 273 162 -1 -1
32 87 513 201 308 102 60 -1 -1
32 88 513 848 365 79 38 -1 -1
32 83 514 1028 576 82 74 -1 -1
32 85 514 622 589 247 153 -1 -1
32 87 514 200 308 103 60 -1 -1
32 88 514 848 365 79 38 -1 -1
32 83 515 1031 574 79 71 -1 -1
32 85 515 675 589 222 146 -1 -1
32 87 515 200 308 103 60 -1 -1
32 88 515 848 365 79 38 -1 -1
32 83 516 1033 573 76 69 -1 -1
32 85 516 720 592 203 134 -1 -1
32 87 516 200 308 103 60 -1 -1
32 88 516 848 365 79 38 -1 -1
32 83 517 1035 571 75 68 -1 -1
32 85 517 759 593 185 127 -1 -1
32 87 517 200 308 103 60 -1 -1
32 83 518 1038 571 72 66 -1 -1
32 85 518 793 595 172 119 -1 -1
32 87 518 200 308 103 60 -1 -1
32 89 518 938 494 44 38 -1 -1
32 83 519 1040 566 70 68 -1 -1
32 85 519 822 596 158 114 -1 -1
32 87 519 200 308 103 60 -1 -1
32 89 519 937 492 42 41 -1 -1
32 83 520 1041 565 68 66 -1 -1
32 85 520 848 596 149 107 -1 -1
32 89 520 935 495 42 38 -1 -1
32 83 521 1043 563 66 63 -1 -1
32 85 521 872 596 138 102 -1 -1
32 89 521 935 495 42 38 -1 -1
32 83 522 1044 561 65 63 -1 -1
32 85 522 892 597 132 96 -1 -1
32 89 522 935 495 42 38 -1 -1
32 83 523 1045 559 63 61 -1 -1
32 85 523 910 598 126 91 -1 -1
32 89 523 935 495 42 38 -1 -1
32 83 524 1045 558 62 60 -1 -1
32 85 524 927 597 118 87 -1 -1
32 83 525 1045 556 61 60 -1 -1
32 85 525 940 595 112 85 -1 -1
32 90 525 923 501 47 35 -1 -1
32 83 526 1041 554 64 58 -1 -1
32 85 526 955 596 103 78 -1 -1
32 90 526 921 500 47 37 -1 -1
32 91 526 170 295 132 74 -1 -1
32 83 527 1041 554 64 58 -1 -1
32 85 527 966 594 101 77 -1 -1
32 90 527 917 501 49 37 -1 -1
32 91 527 171 295 131 74 -1 -1
32 83 528 1045 551 59 57 -1 -1
32 85 528 976 592 94 76 -1 -1
32 90 528 914 500 50 38 -1 -1
32 91 528 171 294 131 75 -1 -1
32 83 529 1045 548 60 56 -1 -1
32 85 529 986 592 86 70 -1 -1
32 90 529 911 501 50 37 -1 -1
32 91 529 171 294 131 75 -1 -1
32 83 530 1046 546 57 55 -1 -1
32 85 530 992 591 85 68 -1 -1
32 90 530 909 501 50 38 -1 -1
32 91 530 171 294 131 75 -1 -1
32 83 531 1047 545 55 53 -1 -1
32 85 531 999 590 84 65 -1 -1
32 90 531 906 502 50 38 -1 -1
32 91 531 171 294 131 75 -1 -1
32 83 532 1048 544 54 51 -1 -1
32 85 532 999 590 84 65 -1 -1
32 90 532 903 503 50 37 -1 -1
32 83 533 1049 543 52 51 -1 -1
32 85 533 1011 583 75 65 -1 -1
32 90 533 898 504 53 37 -1 -1
32 83 534 1047 542 54 51 -1 -1
32 85 534 1011 583 75 65 -1 -1
32 90 534 896 503 53 39 -1 -1
32 92 534 1004 468 31 31 -1 -1
32 83 535 1047 542 54 51 -1 -1
32 85 535 1011 583 75 65 -1 -1
32 90 535 893 503 54 41 -1 -1
32 92 535 1003 469 32 30 -1 -1
32 83 536 1047 542 54 51 -1 -1
32 85 536 1011 583 75 65 -1 -1
32 90 536 889 503 56 41 -1 -1
32 92 536 1003 469 32 30 -1 -1
32 93 536 658 749 374 254 -1 -1
32 83 537 1047 542 54 51 -1 -1
32 90 537 884 504 58 42 -1 -1
32 92 537 1003 469 32 30 -1 -1
32 93 537 734 751 307 222 -1 -1
32 90 538 881 504 57 42 -1 -1
32 92 538 1003 469 32 30 -1 -1
32 93 538 795 742 281 207 -1 -1
32 90 539 877 505 58 42 -1 -1
32 93 539 844 739 248 186 -1 -1
32 90 540 871 505 62 45 -1 -1
32 93 540 884 732 228 168 -1 -1
32 94 540 170 294 133 75 -1 -1
32 90 541 868 505 63 45 -1 -1
32 93 541 924 725 202 145 -1 -1
32 94 541 163 290 141 79 -1 -1
32 90 542 864 506 64 46 -1 -1
32 93 542 951 721 191 145 -1 -1
32 94 542 163 290 141 79 -1 -1
32 90 543 859 506 64 46 -1 -1
32 93 543 978 711 179 143 -1 -1
32 94 543 163 290 141 79 -1 -1
32 90 544 853 505 65 47 -1 -1
32 93 544 1004 705 164 132 -1 -1
32 94 544 163 290 141 79 -1 -1
32 90 545 853 505 65 47 -1 -1
32 93 545 1022 698 153 133 -1 -1
32 94 545 164 290 139 79 -1 -1
32 90 546 843 506 68 49 -1 -1
32 93 546 1037 693 147 123 -1 -1
32 94 546 164 290 139 79 -1 -1
32 90 547 836 504 71 51 -1 -1
32 93 547 1049 686 141 119 -1 -1
32 94 547 163 290 140 79 -1 -1
32 95 547 996 481 36 23 -1 -1
32 90 548 828 504 75 53 -1 -1
32 93 548 1062 683 131 110 -1 -1
32 94 548 163 290 140 79 -1 -1
32 95 548 996 481 37 24 -1 -1
32 90 549 822 504 76 53 -1 -1
32 93 549 1074 676 120 108 -1 -1
32 94 549 164 297 140 72 -1 -1
32 95 549 996 481 37 24 -1 -1
32 96 549 1043 525 57 71 -1 -1
32 97 549 847 367 79 34 -1 -1
32 90 550 817 502 76 56 -1 -1
32 93 550 1074 676 120 108 -1 -1
32 94 550 165 297 139 72 -1 -1
32 95 550 996 481 37 24 -1 -1
32 96 550 1042 524 57 69 -1 -1
32 97 550 848 367 78 35 -1 -1
32 90 551 809 503 79 56 -1 -1
32 93 551 1074 676 120 108 -1 -1
32 94 551 167 299 137 70 -1 -1
32 95 551 995 481 39 24 -1 -1
32 96 551 1042 524 57 69 -1 -1
32 97 551 849 367 77 34 -1 -1
32 90 552 802 503 79 57 -1 -1
32 93 552 1074 676 120 108 -1 -1
32 94 552 167 299 137 70 -1 -1
32 95 552 995 481 39 24 -1 -1
32 96 552 1042 524 57 69 -1 -1
32 97 552 849 367 77 34 -1 -1
32 90 553 790 503 86 58 -1 -1
32 93 553 1104 660 99 89 -1 -1
32 94 553 167 299 137 70 -1 -1
32 95 553 995 481 39 24 -1 -1
32 96 553 1042 524 57 69 -1 -1
32 97 553 849 366 77 36 -1 -1
32 90 554 784 503 89 59 -1 -1
32 93 554 1104 660 99 89 -1 -1
32 94 554 167 299 137 70 -1 -1
32 95 554 995 481 39 24 -1 -1
32 97 554 848 366 78 36 -1 -1
32 90 555 775 503 90 60 -1 -1
32 93 555 1104 660 99 89 -1 -1
32 94 555 167 299 137 70 -1 -1
32 97 555 848 366 78 36 -1 -1
32 98 555 1050 522 46 57 -1 -1
32 90 556 764 502 93 62 -1 -1
32 93 556 1116 649 86 81 -1 -1
32 97 556 848 366 78 36 -1 -1
32 98 556 1050 522 46 57 -1 -1
32 90 557 753 501 98 63 -1 -1
32 93 557 1119 644 81 80 -1 -1
32 97 557 848 366 78 36 -1 -1
32 98 557 1050 522 46 57 -1 -1
32 90 558 741 499 101 66 -1 -1
32 93 558 1119 644 81 80 -1 -1
32 97 558 848 366 78 36 -1 -1
32 98 558 1050 522 46 57 -1 -1
32 90 559 729 499 107 67 -1 -1
32 93 559 1120 641 78 70 -1 -1
32 97 559 848 366 78 36 -1 -1
32 90 560 716 496 113 69 -1 -1
32 93 560 1122 636 74 71 -1 -1
32 97 560 848 366 78 36 -1 -1
32 99 560 160 290 144 79 -1 -1
32 90 561 704 496 114 69 -1 -1
32 93 561 1122 632 73 68 -1 -1
32 97 561 848 366 78 36 -1 -1
32 99 561 160 292 144 77 -1 -1
32 100 561 1051 519 44 51 -1 -1
32 90 562 688 495 119 71 -1 -1
32 93 562 1122 632 73 68 -1 -1
32 97 562 848 366 78 36 -1 -1
32 99 562 164 297 140 72 -1 -1
32 100 562 1052 519 43 50 -1 -1
32 90 563 671 491 125 75 -1 -1
32 93 563 1124 626 68 65 -1 -1
32 99 563 164 297 140 72 -1 -1
32 100 563 1052 519 43 50 -1 -1
32 90 564 656 488 128 78 -1 -1
32 93 564 1123 622 67 63 -1 -1
32 99 564 164 297 140 72 -1 -1
32 100 564 1052 517 44 49 -1 -1
32 90 565 637 486 136 79 -1 -1
32 93 565 1122 616 67 64 -1 -1
32 99 565 176 306 128 63 -1 -1
32 100 565 1052 517 44 49 -1 -1
32 101 565 979 488 31 25 -1 -1
32 102 565 854 368 72 35 -1 -1
32 90 566 618 483 142 82 -1 -1
32 93 566 1123 614 64 61 -1 -1
32 99 566 176 306 128 63 -1 -1
32 100 566 1051 514 43 49 -1 -1
32 101 566 979 488 31 25 -1 -1
32 102 566 854 368 72 35 -1 -1
32 90 567 596 480 150 85 -1 -1
32 93 567 1122 613 64 58 -1 -1
32 99 567 176 306 128 63 -1 -1
32 100 567 1051 514 43 47 -1 -1
32 101 567 979 488 31 25 -1 -1
32 102 567 854 368 72 35 -1 -1
32 90 568 571 477 158 86 -1 -1
32 93 568 1122 613 64 58 -1 -1
32 99 568 176 306 128 63 -1 -1
32 100 568 1051 513 43 47 -1 -1
32 101 568 979 488 31 25 -1 -1
32 102 568 854 368 72 35 -1 -1
32 90 569 545 473 169 89 -1 -1
32 93 569 1123 608 61 55 -1 -1
32 99 569 176 306 128 63 -1 -1
32 100 569 1051 513 43 47 -1 -1
32 102 569 854 368 72 35 -1 -1
32 90 570 519 469 178 93 -1 -1
32 93 570 1122 605 59 54 -1 -1
32 99 570 175 305 129 64 -1 -1
32 100 570 1051 511 42 47 -1 -1
32 102 570 854 368 72 35 -1 -1
32 103 570 973 488 32 29 -1 -1
32 90 571 488 465 193 95 -1 -1
32 93 571 1122 605 59 54 -1 -1
32 99 571 173 305 131 64 -1 -1
32 100 571 1052 510 41 46 -1 -1
32 102 571 854 368 72 35 -1 -1
32 103 571 973 488 32 29 -1 -1
32 90 572 458 462 200 96 -1 -1
32 93 572 1122 605 59 54 -1 -1
32 99 572 171 303 132 66 -1 -1
32 100 572 1052 510 41 46 -1 -1
32 102 572 854 368 72 35 -1 -1
32 103 572 973 488 32 29 -1 -1
32 90 573 422 456 214 101 -1 -1
32 93 573 1122 605 59 54 -1 -1
32 99 573 171 303 132 66 -1 -1
32 100 573 1052 510 41 46 -1 -1
32 102 573 854 368 72 35 -1 -1
32 103 573 973 488 32 29 -1 -1
32 90 574 383 450 230 105 -1 -1
32 99 574 171 303 132 66 -1 -1
32 100 574 1054 509 39 44 -1 -1
32 102 574 854 368 72 35 -1 -1
32 90 575 344 444 242 108 -1 -1
32 99 575 171 303 132 66 -1 -1
32 100 575 1054 508 38 44 -1 -1
32 102 575 854 368 72 35 -1 -1
32 104 575 966 484 35 36 -1 -1
32 90 576 300 439 249 111 -1 -1
32 99 576 164 302 140 67 -1 -1
32 100 576 1054 508 38 43 -1 -1
32 102 576 850 366 76 36 -1 -1
32 104 576 966 484 35 36 -1 -1
32 90 577 251 432 266 114 -1 -1
32 99 577 158 290 145 80 -1 -1
32 100 577 1055 508 37 42 -1 -1
32 102 577 851 367 75 35 -1 -1
32 104 577 963 484 34 36 -1 -1
32 90 578 197 423 281 116 -1 -1
32 99 578 157 289 146 81 -1 -1
32 100 578 1054 507 39 42 -1 -1
32 102 578 851 367 75 35 -1 -1
32 104 578 961 482 35 38 -1 -1
32 90 579 139 412 301 126 -1 -1
32 99 579 157 289 146 81 -1 -1
32 100 579 1055 507 38 40 -1 -1
32 102 579 851 367 75 35 -1 -1
32 104 579 960 486 34 36 -1 -1
32 90 580 74 403 334 127 -1 -1
32 99 580 157 289 146 81 -1 -1
32 100 580 1055 506 38 41 -1 -1
32 102 580 852 367 74 35 -1 -1
32 104 580 959 485 35 37 -1 -1
32 90 581 3 392 278 133 -1 -1
32 99 581 157 289 146 81 -1 -1
32 100 581 1055 505 37 41 -1 -1
32 102 581 852 367 74 35 -1 -1
32 104 581 958 486 35 37 -1 -1
32 90 582 3 392 278 133 -1 -1
32 100 582 1055 505 37 41 -1 -1
32 102 582 852 367 74 35 -1 -1
32 104 582 956 490 36 34 -1 -1
32 90 583 0 361 249 159 -1 -1
32 100 583 1055 505 37 41 -1 -1
32 102 583 851 367 75 35 -1 -1
32 104 583 955 491 37 33 -1 -1
32 105 583 157 291 146 79 -1 -1
32 90 584 0 361 211 154 -1 -1
32 100 584 1055 503 36 40 -1 -1
32 102 584 851 367 75 35 -1 -1
32 104 584 953 494 38 30 -1 -1
32 105 584 157 291 146 79 -1 -1
32 90 585 0 355 145 158 -1 -1
32 100 585 1055 503 36 39 -1 -1
32 102 585 851 367 75 35 -1 -1
32 104 585 951 492 39 33 -1 -1
32 105 585 157 291 146 79 -1 -1
32 90 586 0 353 66 157 -1 -1
32 100 586 1055 503 36 39 -1 -1
32 102 586 851 367 75 35 -1 -1
32 104 586 949 499 39 28 -1 -1
32 105 586 173 303 130 67 -1 -1
32 90 587 0 353 66 157 -1 -1
32 100 587 1055 503 36 39 -1 -1
32 102 587 851 367 75 35 -1 -1
32 104 587 948 498 39 30 -1 -1
32 105 587 174 304 129 66 -1 -1
32 90 588 0 353 66 157 -1 -1
32 100 588 1055 503 37 37 -1 -1
32 102 588 851 367 75 35 -1 -1
32 104 588 946 500 39 29 -1 -1
32 105 588 174 303 129 66 -1 -1
32 90 589 0 353 66 157 -1 -1
32 100 589 1055 503 37 37 -1 -1
32 102 589 851 367 75 35 -1 -1
32 104 589 944 498 41 32 -1 -1
32 105 589 167 301 137 68 -1 -1
32 100 590 1055 503 37 37 -1 -1
32 102 590 851 367 75 35 -1 -1
32 104 590 943 498 40 33 -1 -1
32 105 590 168 304 136 65 -1 -1
32 100 591 1055 503 37 37 -1 -1
32 102 591 851 367 75 35 -1 -1
32 104 591 942 498 42 34 -1 -1
32 105 591 168 304 136 65 -1 -1
32 104 592 939 498 43 35 -1 -1
32 105 592 168 304 136 65 -1 -1
32 104 593 937 497 41 38 -1 -1
32 105 593 167 303 137 66 -1 -1
32 104 594 936 499 41 36 -1 -1
32 105 594 168 304 136 65 -1 -1
32 104 595 936 499 41 36 -1 -1
32 105 595 169 305 135 63 -1 -1
32 106 595 1056 501 36 34 -1 -1
32 104 596 931 501 45 36 -1 -1
32 105 596 169 305 135 64 -1 -1
32 106 596 1056 501 36 34 -1 -1
32 104 597 929 502 46 36 -1 -1
32 105 597 169 305 135 64 -1 -1
32 106 597 1056 501 36 34 -1 -1
32 104 598 927 501 47 37 -1 -1
32 105 598 173 308 131 61 -1 -1
32 106 598 1056 501 36 34 -1 -1
32 104 599 926 501 46 38 -1 -1
32 105 599 174 308 130 61 -1 -1
32 104 600 924 504 46 36 -1 -1
32 105 600 174 307 130 61 -1 -1
32 104 601 921 504 46 37 -1 -1
32 105 601 165 305 139 63 -1 -1
32 104 602 917 505 49 38 -1 -1
32 105 602 164 303 140 65 -1 -1
32 107 602 1058 493 35 37 -1 -1
32 104 603 915 505 49 38 -1 -1
32 105 603 164 303 140 65 -1 -1
32 107 603 1058 492 35 37 -1 -1
32 104 604 913 506 49 38 -1 -1
32 105 604 163 302 141 66 -1 -1
32 107 604 1058 491 35 37 -1 -1
32 104 605 910 506 52 39 -1 -1
32 105 605 163 302 141 66 -1 -1
32 107 605 1059 490 35 37 -1 -1
32 104 606 908 506 52 42 -1 -1
32 105 606 163 302 141 66 -1 -1
32 107 606 1059 490 35 37 -1 -1
32 104 607 906 507 53 43 -1 -1
32 105 607 162 303 142 65 -1 -1
32 107 607 1059 490 35 37 -1 -1
32 104 608 903 509 53 41 -1 -1
32 105 608 162 302 142 66 -1 -1
32 107 608 1059 490 35 37 -1 -1
32 104 609 899 510 54 41 -1 -1
32 105 609 162 302 142 66 -1 -1
32 104 610 897 508 53 45 -1 -1
32 105 610 162 304 142 64 -1 -1
32 104 611 893 510 54 44 -1 -1
32 105 611 162 303 142 65 -1 -1
32 104 612 889 510 58 45 -1 -1
32 105 612 162 302 142 66 -1 -1
32 104 613 886 509 57 47 -1 -1
32 105 613 161 300 143 68 -1 -1
32 108 613 1060 488 34 35 -1 -1
32 104 614 881 509 59 48 -1 -1
32 105 614 161 300 143 68 -1 -1
32 108 614 1060 488 34 35 -1 -1
32 104 615 878 511 60 47 -1 -1
32 105 615 161 300 143 68 -1 -1
32 108 615 1060 488 34 35 -1 -1
32 104 616 871 512 63 47 -1 -1
32 105 616 162 301 142 67 -1 -1
32 108 616 1060 488 34 35 -1 -1
32 104 617 871 512 63 47 -1 -1
32 105 617 162 301 142 67 -1 -1
32 104 618 863 516 66 46 -1 -1
32 105 618 162 302 142 66 -1 -1
32 104 619 856 515 68 48 -1 -1
32 105 619 163 303 141 65 -1 -1
32 104 620 849 515 70 49 -1 -1
32 105 620 163 304 141 64 -1 -1
32 104 621 844 514 71 50 -1 -1
32 105 621 164 304 140 64 -1 -1
32 104 622 836 513 73 52 -1 -1
32 105 622 164 304 140 64 -1 -1
32 109 622 981 484 31 29 -1 -1
32 104 623 828 512 78 55 -1 -1
32 105 623 164 304 140 64 -1 -1
32 109 623 980 485 31 30 -1 -1
32 104 624 820 509 81 59 -1 -1
32 105 624 164 304 140 64 -1 -1
32 109 624 978 485 32 30 -1 -1
32 104 625 812 508 81 62 -1 -1
32 105 625 164 302 140 66 -1 -1
32 109 625 976 483 32 32 -1 -1
