30 0 0 301 584 77 37 -1 -1
30 1 0 1053 306 102 56 -1 -1
30 2 0 189 600 178 91 -1 -1
30 0 1 301 584 77 37 -1 -1
30 1 1 1050 306 105 57 -1 -1
30 2 1 188 599 178 92 -1 -1
30 0 2 302 584 76 37 -1 -1
30 1 2 1050 306 105 57 -1 -1
30 2 2 189 599 177 92 -1 -1
30 0 3 302 584 77 37 -1 -1
30 1 3 1051 306 104 57 -1 -1
30 2 3 189 599 177 92 -1 -1
30 0 4 301 584 78 37 -1 -1
30 1 4 1051 306 104 57 -1 -1
30 2 4 189 599 177 92 -1 -1
30 0 5 301 584 78 37 -1 -1
30 1 5 1051 306 104 57 -1 -1
30 2 5 189 599 177 92 -1 -1
30 0 6 301 584 78 37 -1 -1
30 1 6 1051 306 104 58 -1 -1
30 0 7 303 584 76 37 -1 -1
30 1 7 1051 305 105 58 -1 -1
30 3 7 189 599 177 92 -1 -1
30 0 8 302 584 77 37 -1 -1
30 1 8 1051 305 104 58 -1 -1
30 3 8 189 599 177 92 -1 -1
30 0 9 302 584 77 37 -1 -1
30 1 9 1051 305 105 59 -1 -1
30 3 9 189 599 177 92 -1 -1
30 0 10 302 584 77 37 -1 -1
30 1 10 1050 305 106 59 -1 -1
30 3 10 189 599 177 92 -1 -1
30 4 10 452 521 50 48 -1 -1
30 0 11 302 584 77 37 -1 -1
30 1 11 1050 305 106 59 -1 -1
30 4 11 452 521 50 48 -1 -1
30 0 12 300 584 79 37 -1 -1
30 1 12 1050 305 105 58 -1 -1
30 4 12 442 519 64 50 -1 -1
30 0 13 300 584 79 37 -1 -1
30 1 13 1050 305 105 59 -1 -1
30 4 13 442 519 64 50 -1 -1
30 0 14 300 584 79 37 -1 -1
30 1 14 1050 305 105 59 -1 -1
30 4 14 442 519 64 50 -1 -1
30 5 14 189 600 177 91 -1 -1
30 0 15 301 584 78 37 -1 -1
30 1 15 1050 305 105 59 -1 -1
30 4 15 442 519 64 50 -1 -1
30 5 15 189 600 177 91 -1 -1
30 0 16 301 584 78 37 -1 -1
30 1 16 1050 305 106 59 -1 -1
30 5 16 189 600 177 91 -1 -1
30 0 17 300 584 79 37 -1 -1
30 1 17 1050 305 106 59 -1 -1
30 5 17 189 600 177 91 -1 -1
30 0 18 301 584 78 37 -1 -1
30 1 18 1050 304 106 60 -1 -1
30 5 18 189 600 177 91 -1 -1
30 6 18 465 524 58 49 -1 -1
30 0 19 300 584 79 37 -1 -1
30 1 19 1050 304 107 60 -1 -1
30 6 19 465 524 58 49 -1 -1
30 0 20 300 584 79 37 -1 -1
30 1 20 1050 304 107 60 -1 -1
30 6 20 469 530 59 44 -1 -1
30 0 21 300 584 79 38 -1 -1
30 1 21 1050 304 107 60 -1 -1
30 6 21 469 530 59 44 -1 -1
30 7 21 1328 263 272 210 -1 -1
30 0 22 301 584 78 38 -1 -1
30 1 22 1051 307 106 58 -1 -1
30 6 22 469 530 59 44 -1 -1
30 7 22 1278 234 322 245 -1 -1
30 0 23 300 584 79 38 -1 -1
30 1 23 1051 306 107 59 -1 -1
30 6 23 469 530 59 44 -1 -1
30 7 23 1278 234 322 245 -1 -1
30 0 24 300 584 79 38 -1 -1
30 1 24 1050 307 110 58 -1 -1
30 7 24 1161 266 358 216 -1 -1
30 0 25 300 584 79 38 -1 -1
30 1 25 1047 307 111 58 -1 -1
30 7 25 1110 286 342 202 -1 -1
30 0 26 301 584 79 38 -1 -1
30 1 26 1047 307 111 58 -1 -1
30 7 26 1110 286 342 202 -1 -1
30 0 27 301 584 79 38 -1 -1
30 1 27 1049 306 98 60 -1 -1
30 7 27 1030 318 313 173 -1 -1
30 0 28 301 585 79 37 -1 -1
30 1 28 1049 306 98 60 -1 -1
30 7 28 991 331 277 163 -1 -1
30 8 28 494 530 72 51 -1 -1
30 9 28 454 524 41 38 -1 -1
30 10 28 1035 305 111 50 -1 -1
30 0 29 301 585 78 37 -1 -1
30 1 29 1049 306 98 60 -1 -1
30 7 29 961 338 249 159 -1 -1
30 8 29 494 530 72 51 -1 -1
30 9 29 456 525 39 37 -1 -1
30 10 29 1035 305 111 50 -1 -1
30 0 30 301 585 78 37 -1 -1
30 1 30 1049 306 98 60 -1 -1
30 7 30 961 338 249 159 -1 -1
30 8 30 501 529 78 56 -1 -1
30 9 30 456 525 39 37 -1 -1
30 10 30 1035 305 111 50 -1 -1
30 0 31 301 584 79 38 -1 -1
30 7 31 902 375 230 123 -1 -1
30 8 31 501 529 78 56 -1 -1
30 9 31 456 525 39 37 -1 -1
30 10 31 1035 305 111 50 -1 -1
30 0 32 301 584 79 38 -1 -1
30 7 32 879 373 215 127 -1 -1
30 8 32 501 529 78 56 -1 -1
30 9 32 459 525 42 39 -1 -1
30 0 33 300 583 81 39 -1 -1
30 7 33 879 373 215 127 -1 -1
30 8 33 501 529 78 56 -1 -1
30 9 33 459 525 42 39 -1 -1
30 11 33 1044 305 112 57 -1 -1
30 0 34 300 583 80 39 -1 -1
30 7 34 879 373 215 127 -1 -1
30 9 34 459 527 46 38 -1 -1
30 11 34 1050 305 106 63 -1 -1
30 0 35 300 583 80 39 -1 -1
30 7 35 879 373 215 127 -1 -1
30 9 35 459 527 46 38 -1 -1
30 11 35 1050 305 106 60 -1 -1
30 0 36 300 583 79 39 -1 -1
30 9 36 461 528 47 40 -1 -1
30 11 36 1050 305 106 60 -1 -1
30 12 36 190 599 177 92 -1 -1
30 13 36 530 521 95 77 -1 -1
30 0 37 300 584 79 38 -1 -1
30 9 37 460 529 51 41 -1 -1
30 11 37 1050 305 106 60 -1 -1
30 12 37 189 599 178 92 -1 -1
30 13 37 538 523 97 78 -1 -1
30 0 38 300 584 79 38 -1 -1
30 9 38 460 529 51 41 -1 -1
30 11 38 1048 306 109 61 -1 -1
30 12 38 189 599 178 92 -1 -1
30 13 38 541 520 102 84 -1 -1
30 0 39 300 584 79 38 -1 -1
30 9 39 463 529 55 43 -1 -1
30 11 39 1048 305 109 62 -1 -1
30 12 39 189 599 178 92 -1 -1
30 13 39 541 520 102 84 -1 -1
30 0 40 300 584 79 38 -1 -1
30 9 40 466 529 55 44 -1 -1
30 11 40 1049 305 108 62 -1 -1
30 12 40 189 599 178 92 -1 -1
30 13 40 553 520 113 94 -1 -1
30 0 41 302 584 77 37 -1 -1
30 9 41 466 529 55 44 -1 -1
30 11 41 1050 306 105 58 -1 -1
30 12 41 190 599 177 92 -1 -1
30 13 41 560 519 118 99 -1 -1
30 0 42 302 584 77 37 -1 -1
30 9 42 473 530 53 44 -1 -1
30 11 42 1050 306 106 58 -1 -1
30 12 42 190 599 177 92 -1 -1
30 13 42 568 518 122 107 -1 -1
30 14 42 705 402 135 111 -1 -1
30 0 43 302 584 77 37 -1 -1
30 9 43 476 530 54 45 -1 -1
30 11 43 1050 306 105 58 -1 -1
30 12 43 190 599 177 92 -1 -1
30 13 43 576 521 129 106 -1 -1
30 14 43 692 408 131 107 -1 -1
30 15 43 808 383 103 60 -1 -1
30 0 44 302 584 77 37 -1 -1
30 9 44 478 528 58 48 -1 -1
30 11 44 1050 306 106 58 -1 -1
30 12 44 190 599 177 92 -1 -1
30 13 44 585 527 135 105 -1 -1
30 14 44 692 408 131 107 -1 -1
30 15 44 823 384 88 61 -1 -1
30 0 45 301 584 77 37 -1 -1
30 9 45 481 528 59 49 -1 -1
30 11 45 1050 306 106 58 -1 -1
30 12 45 190 598 178 93 -1 -1
30 13 45 593 524 142 116 -1 -1
30 14 45 671 416 120 99 -1 -1
30 15 45 823 384 88 61 -1 -1
30 0 46 300 585 78 37 -1 -1
30 9 46 485 528 61 49 -1 -1
30 11 46 1051 306 105 58 -1 -1
30 12 46 191 598 178 93 -1 -1
30 13 46 603 525 148 124 -1 -1
30 14 46 662 419 115 98 -1 -1
30 15 46 823 384 88 61 -1 -1
30 0 47 299 584 79 38 -1 -1
30 9 47 485 528 61 49 -1 -1
30 11 47 1051 306 105 58 -1 -1
30 12 47 189 599 180 92 -1 -1
30 13 47 611 525 161 130 -1 -1
30 14 47 654 422 107 92 -1 -1
30 15 47 823 384 88 61 -1 -1
30 0 48 299 583 79 38 -1 -1
30 9 48 485 528 61 49 -1 -1
30 11 48 1048 306 109 58 -1 -1
30 12 48 191 598 178 93 -1 -1
30 13 48 624 526 169 136 -1 -1
30 14 48 654 422 107 92 -1 -1
30 15 48 824 383 88 61 -1 -1
30 0 49 300 583 77 38 -1 -1
30 9 49 497 532 66 50 -1 -1
30 11 49 1048 306 109 58 -1 -1
30 12 49 191 598 180 93 -1 -1
30 13 49 636 526 179 143 -1 -1
30 14 49 654 422 107 92 -1 -1
30 15 49 824 383 88 60 -1 -1
30 0 50 300 583 77 38 -1 -1
30 9 50 502 533 70 50 -1 -1
30 11 50 1048 306 109 58 -1 -1
30 12 50 190 596 182 95 -1 -1
30 13 50 636 526 179 143 -1 -1
30 14 50 654 422 107 92 -1 -1
30 15 50 824 383 88 60 -1 -1
30 0 51 300 583 77 38 -1 -1
30 9 51 507 532 73 54 -1 -1
30 11 51 1046 306 110 60 -1 -1
30 12 51 190 596 182 95 -1 -1
30 13 51 663 531 206 166 -1 -1
30 15 51 824 383 88 60 -1 -1
30 0 52 300 583 77 38 -1 -1
30 9 52 507 532 73 54 -1 -1
30 11 52 1045 306 111 60 -1 -1
30 12 52 192 595 186 96 -1 -1
30 13 52 680 534 215 171 -1 -1
30 15 52 824 383 88 60 -1 -1
30 16 52 617 487 40 33 -1 -1
30 17 52 615 446 89 74 -1 -1
30 9 53 507 532 73 54 -1 -1
30 11 53 1046 306 110 60 -1 -1
30 12 53 196 593 185 98 -1 -1
30 13 53 698 536 232 191 -1 -1
30 15 53 824 383 88 60 -1 -1
30 16 53 617 487 40 33 -1 -1
30 17 53 611 453 84 65 -1 -1
30 9 54 507 532 73 54 -1 -1
30 11 54 1046 306 110 59 -1 -1
30 12 54 196 593 185 98 -1 -1
30 13 54 719 539 252 207 -1 -1
30 16 54 617 487 40 33 -1 -1
30 17 54 607 478 75 42 -1 -1
30 11 55 1045 306 112 60 -1 -1
30 12 55 196 593 185 98 -1 -1
30 13 55 740 540 275 224 -1 -1
30 16 55 617 487 40 33 -1 -1
30 17 55 607 478 75 42 -1 -1
30 11 56 1045 306 112 60 -1 -1
30 12 56 196 593 185 98 -1 -1
30 13 56 768 548 315 249 -1 -1
30 17 56 607 478 75 42 -1 -1
30 18 56 538 529 89 71 -1 -1
30 11 57 1046 306 110 60 -1 -1
30 13 57 796 529 386 306 -1 -1
30 17 57 607 478 75 42 -1 -1
30 18 57 546 530 93 70 -1 -1
30 11 58 1045 306 111 60 -1 -1
30 13 58 796 529 386 306 -1 -1
30 18 58 546 530 93 70 -1 -1
30 19 58 579 455 73 67 -1 -1
30 20 58 206 588 194 102 -1 -1
30 11 59 1045 306 111 60 -1 -1
30 13 59 796 529 386 306 -1 -1
30 18 59 563 535 106 70 -1 -1
30 19 59 573 466 71 59 -1 -1
30 20 59 206 588 194 102 -1 -1
30 11 60 1045 307 112 60 -1 -1
30 13 60 796 529 386 306 -1 -1
30 18 60 563 535 106 70 -1 -1
30 19 60 573 466 71 59 -1 -1
30 20 60 206 588 194 102 -1 -1
30 11 61 1045 306 111 60 -1 -1
30 18 61 563 535 106 70 -1 -1
30 19 61 573 466 71 59 -1 -1
30 20 61 206 588 194 102 -1 -1
30 11 62 1047 306 110 59 -1 -1
30 18 62 563 535 106 70 -1 -1
30 19 62 558 470 67 58 -1 -1
30 11 63 1046 306 110 59 -1 -1
30 19 63 553 469 66 57 -1 -1
30 11 64 1046 306 110 60 -1 -1
30 19 64 550 472 63 54 -1 -1
30 11 65 1046 306 111 60 -1 -1
30 19 65 550 472 63 54 -1 -1
30 21 65 643 531 153 100 -1 -1
30 22 65 255 572 204 117 -1 -1
30 11 66 1047 306 110 59 -1 -1
30 19 66 546 489 55 37 -1 -1
30 21 66 659 528 170 110 -1 -1
30 22 66 255 572 204 117 -1 -1
30 11 67 1046 306 112 59 -1 -1
30 19 67 546 489 55 37 -1 -1
30 21 67 682 525 175 118 -1 -1
30 22 67 255 572 204 117 -1 -1
30 11 68 1046 306 112 59 -1 -1
30 19 68 535 477 58 51 -1 -1
30 21 68 705 524 194 127 -1 -1
30 22 68 255 572 204 117 -1 -1
30 11 69 1046 306 112 59 -1 -1
30 19 69 535 477 58 51 -1 -1
30 21 69 731 521 216 138 -1 -1
30 11 70 1047 306 111 59 -1 -1
30 19 70 530 486 53 42 -1 -1
30 21 70 762 523 230 145 -1 -1
30 11 71 1047 306 111 59 -1 -1
30 19 71 526 483 54 46 -1 -1
30 21 71 795 523 257 153 -1 -1
30 23 71 823 384 88 58 -1 -1
30 11 72 1047 306 111 59 -1 -1
30 19 72 526 483 54 46 -1 -1
30 21 72 837 521 283 166 -1 -1
30 23 72 822 384 89 59 -1 -1
30 11 73 1047 306 111 59 -1 -1
30 19 73 526 483 54 46 -1 -1
30 21 73 890 520 307 183 -1 -1
30 23 73 822 384 89 59 -1 -1
30 24 73 365 547 189 116 -1 -1
30 19 74 526 483 54 46 -1 -1
30 21 74 890 520 307 183 -1 -1
30 23 74 822 384 89 59 -1 -1
30 24 74 379 547 188 115 -1 -1
30 21 75 998 555 231 155 -1 -1
30 23 75 822 384 89 59 -1 -1
30 24 75 379 547 188 115 -1 -1
30 21 76 1073 510 323 212 -1 -1
30 23 76 821 384 90 59 -1 -1
30 24 76 379 547 188 115 -1 -1
30 21 77 1167 539 324 199 -1 -1
30 23 77 821 384 90 59 -1 -1
30 24 77 379 547 188 115 -1 -1
30 21 78 1280 530 320 230 -1 -1
30 23 78 822 384 89 60 -1 -1
30 21 79 1280 530 320 230 -1 -1
30 23 79 822 384 89 59 -1 -1
30 21 80 1280 530 320 230 -1 -1
30 23 80 822 384 89 59 -1 -1
30 21 81 1280 530 320 230 -1 -1
30 23 81 822 384 89 59 -1 -1
30 23 82 822 384 89 59 -1 -1
30 23 83 822 384 89 59 -1 -1
30 25 86 539 535 222 114 -1 -1
30 25 87 539 535 222 114 -1 -1
30 25 88 539 535 222 114 -1 -1
30 25 89 539 535 222 114 -1 -1
30 26 90 1480 307 120 160 -1 -1
30 26 91 1480 307 120 160 -1 -1
30 26 92 1336 318 264 153 -1 -1
30 27 92 646 522 273 149 -1 -1
30 26 93 1289 318 299 155 -1 -1
30 27 93 663 513 292 164 -1 -1
30 26 94 1217 332 282 145 -1 -1
30 27 94 698 518 303 165 -1 -1
30 28 94 1046 305 109 59 -1 -1
30 26 95 1169 351 261 131 -1 -1
30 27 95 732 514 323 173 -1 -1
30 28 95 1046 305 110 59 -1 -1
30 29 95 703 511 358 168 -1 -1
30 26 96 1122 351 244 133 -1 -1
30 27 96 732 514 323 173 -1 -1
30 28 96 1047 304 113 61 -1 -1
30 29 96 703 511 358 168 -1 -1
30 26 97 1081 358 231 129 -1 -1
30 27 97 732 514 323 173 -1 -1
30 28 97 1046 304 115 62 -1 -1
30 29 97 703 511 358 168 -1 -1
30 26 98 1053 362 207 129 -1 -1
30 27 98 732 514 323 173 -1 -1
30 28 98 1046 305 115 60 -1 -1
30 29 98 703 511 358 168 -1 -1
30 26 99 1053 362 207 129 -1 -1
30 28 99 1046 305 115 60 -1 -1
30 30 99 432 524 48 41 -1 -1
30 26 100 1053 362 207 129 -1 -1
30 28 100 1046 305 115 60 -1 -1
30 30 100 437 524 44 40 -1 -1
30 26 101 1053 362 207 129 -1 -1
30 28 101 1046 305 115 60 -1 -1
30 30 101 437 524 44 40 -1 -1
30 30 102 439 525 44 37 -1 -1
30 30 103 439 525 44 37 -1 -1
30 31 103 903 390 155 109 -1 -1
30 32 103 823 384 88 56 -1 -1
30 30 104 439 525 44 37 -1 -1
30 31 104 881 394 145 106 -1 -1
30 32 104 822 384 90 57 -1 -1
30 30 105 439 525 44 37 -1 -1
30 31 105 860 408 138 95 -1 -1
30 32 105 824 384 89 59 -1 -1
30 33 105 1045 305 111 61 -1 -1
30 31 106 838 410 135 93 -1 -1
30 32 106 823 385 90 57 -1 -1
30 33 106 1046 305 110 61 -1 -1
30 31 107 821 415 127 88 -1 -1
30 32 107 823 385 88 52 -1 -1
30 33 107 1045 305 112 60 -1 -1
30 31 108 798 419 126 85 -1 -1
30 32 108 820 385 91 50 -1 -1
30 33 108 1043 306 112 59 -1 -1
30 31 109 785 421 118 84 -1 -1
30 32 109 820 384 91 51 -1 -1
30 33 109 1043 306 112 59 -1 -1
30 31 110 771 430 112 76 -1 -1
30 32 110 823 384 88 50 -1 -1
30 33 110 1042 306 113 59 -1 -1
30 31 111 757 432 107 76 -1 -1
30 32 111 819 384 92 52 -1 -1
30 33 111 1045 305 111 60 -1 -1
30 31 112 743 433 105 76 -1 -1
30 32 112 815 384 96 56 -1 -1
30 33 112 1045 305 111 60 -1 -1
30 34 112 451 522 51 47 -1 -1
30 31 113 730 438 104 73 -1 -1
30 32 113 822 384 89 58 -1 -1
30 33 113 1045 305 111 60 -1 -1
30 34 113 451 522 51 47 -1 -1
30 31 114 730 438 104 73 -1 -1
30 32 114 824 384 87 58 -1 -1
30 33 114 1045 305 111 60 -1 -1
30 34 114 451 522 51 47 -1 -1
30 31 115 708 441 95 71 -1 -1
30 32 115 824 384 87 58 -1 -1
30 34 115 451 522 51 47 -1 -1
30 31 116 696 445 92 67 -1 -1
30 32 116 824 384 87 58 -1 -1
30 31 117 686 448 88 65 -1 -1
30 32 117 824 384 87 58 -1 -1
30 35 117 1044 304 113 61 -1 -1
30 31 118 678 451 84 62 -1 -1
30 32 118 824 384 87 58 -1 -1
30 35 118 1044 304 113 61 -1 -1
30 31 119 669 450 81 64 -1 -1
30 35 119 1044 304 113 61 -1 -1
30 31 120 662 455 75 59 -1 -1
30 35 120 1044 304 113 61 -1 -1
30 36 120 823 384 88 60 -1 -1
30 31 121 658 459 70 55 -1 -1
30 35 121 1047 304 108 62 -1 -1
30 36 121 823 384 88 60 -1 -1
30 37 121 467 522 59 51 -1 -1
30 31 122 645 461 72 54 -1 -1
30 35 122 1047 304 108 62 -1 -1
30 36 122 823 384 88 60 -1 -1
30 37 122 468 523 60 50 -1 -1
30 31 123 638 461 70 54 -1 -1
30 35 123 1047 304 108 62 -1 -1
30 36 123 823 384 88 60 -1 -1
30 37 123 468 523 60 50 -1 -1
30 31 124 630 459 67 56 -1 -1
30 35 124 1047 304 108 62 -1 -1
30 37 124 468 523 60 50 -1 -1
30 31 125 624 457 68 59 -1 -1
30 35 125 1049 304 106 62 -1 -1
30 37 125 468 523 60 50 -1 -1
30 31 126 617 467 63 50 -1 -1
30 35 126 1049 304 106 62 -1 -1
30 37 126 478 520 63 55 -1 -1
30 31 127 610 466 63 51 -1 -1
30 35 127 1049 304 106 62 -1 -1
30 37 127 478 520 63 55 -1 -1
30 31 128 606 473 61 45 -1 -1
30 35 128 1048 304 108 63 -1 -1
30 37 128 478 520 63 55 -1 -1
30 31 129 599 471 59 47 -1 -1
30 35 129 1048 304 108 63 -1 -1
30 37 129 478 520 63 55 -1 -1
30 31 130 592 476 61 43 -1 -1
30 35 130 1048 304 107 63 -1 -1
30 31 131 589 474 56 46 -1 -1
30 35 131 1048 304 107 63 -1 -1
30 38 131 488 522 74 61 -1 -1
30 39 131 825 384 86 57 -1 -1
30 31 132 583 476 56 46 -1 -1
30 35 132 1050 305 106 60 -1 -1
30 38 132 488 522 74 61 -1 -1
30 39 132 824 384 87 59 -1 -1
30 31 133 577 476 55 46 -1 -1
30 35 133 1050 305 106 60 -1 -1
30 38 133 488 522 74 61 -1 -1
30 39 133 823 384 88 59 -1 -1
30 31 134 573 478 53 44 -1 -1
30 35 134 1051 305 105 60 -1 -1
30 38 134 488 522 74 61 -1 -1
30 39 134 823 384 88 59 -1 -1
30 31 135 569 480 52 41 -1 -1
30 35 135 1051 305 105 60 -1 -1
30 38 135 502 525 80 68 -1 -1
30 39 135 823 384 88 59 -1 -1
30 31 136 563 480 53 44 -1 -1
30 35 136 1051 305 105 60 -1 -1
30 38 136 502 525 80 68 -1 -1
30 39 136 823 384 88 59 -1 -1
30 31 137 559 480 52 44 -1 -1
30 35 137 1051 305 105 59 -1 -1
30 38 137 506 522 87 76 -1 -1
30 39 137 824 384 87 59 -1 -1
30 31 138 556 480 49 45 -1 -1
30 35 138 1052 305 104 60 -1 -1
30 38 138 510 527 89 74 -1 -1
30 39 138 824 384 87 58 -1 -1
30 31 139 554 483 46 41 -1 -1
30 35 139 1052 306 102 58 -1 -1
30 38 139 510 527 89 74 -1 -1
30 39 139 825 384 86 58 -1 -1
30 31 140 554 483 46 41 -1 -1
30 35 140 1051 305 105 59 -1 -1
30 38 140 518 528 95 80 -1 -1
30 39 140 825 384 86 58 -1 -1
30 31 141 545 485 47 42 -1 -1
30 35 141 1050 305 105 60 -1 -1
30 38 141 518 528 95 80 -1 -1
30 39 141 823 384 88 59 -1 -1
30 31 142 540 485 49 44 -1 -1
30 35 142 1050 306 105 59 -1 -1
30 38 142 529 541 100 76 -1 -1
30 39 142 823 384 88 59 -1 -1
30 31 143 539 486 44 44 -1 -1
30 35 143 1050 306 105 59 -1 -1
30 38 143 532 534 106 88 -1 -1
30 39 143 823 384 88 59 -1 -1
30 31 144 536 488 44 42 -1 -1
30 35 144 1050 306 104 57 -1 -1
30 38 144 534 531 115 98 -1 -1
30 39 144 823 384 88 59 -1 -1
30 31 145 533 488 42 40 -1 -1
30 35 145 1051 306 103 57 -1 -1
30 38 145 541 534 116 101 -1 -1
30 39 145 823 384 88 59 -1 -1
30 31 146 528 489 45 40 -1 -1
30 35 146 1049 306 105 57 -1 -1
30 38 146 547 535 123 107 -1 -1
30 39 146 823 384 88 59 -1 -1
30 31 147 525 487 43 42 -1 -1
30 35 147 1049 306 106 57 -1 -1
30 38 147 551 536 132 111 -1 -1
30 31 148 525 487 43 42 -1 -1
30 35 148 1049 306 106 57 -1 -1
30 38 148 563 542 130 111 -1 -1
30 31 149 525 487 43 42 -1 -1
30 35 149 1049 306 106 57 -1 -1
30 38 149 567 542 143 119 -1 -1
30 31 150 525 487 43 42 -1 -1
30 35 150 1049 306 106 57 -1 -1
30 38 150 575 543 151 128 -1 -1
30 35 151 1048 306 106 59 -1 -1
30 38 151 582 545 163 133 -1 -1
30 35 152 1048 306 106 59 -1 -1
30 38 152 590 548 175 143 -1 -1
30 35 153 1047 306 108 59 -1 -1
30 38 153 604 552 184 148 -1 -1
30 35 154 1047 306 107 59 -1 -1
30 38 154 614 557 200 159 -1 -1
30 35 155 1048 306 106 59 -1 -1
30 38 155 625 559 219 172 -1 -1
30 35 156 1047 306 110 61 -1 -1
30 38 156 640 560 233 186 -1 -1
30 35 157 1047 306 110 61 -1 -1
30 38 157 658 562 251 203 -1 -1
30 35 158 1047 306 110 61 -1 -1
30 38 158 677 568 281 219 -1 -1
30 35 159 1047 306 110 61 -1 -1
30 38 159 709 577 299 234 -1 -1
30 38 160 744 581 333 266 -1 -1
30 38 161 744 581 333 266 -1 -1
30 40 161 1044 305 115 61 -1 -1
30 38 162 744 581 333 266 -1 -1
30 40 162 1044 305 115 61 -1 -1
30 38 163 744 581 333 266 -1 -1
30 40 163 1045 305 114 62 -1 -1
30 40 164 1046 305 113 61 -1 -1
30 40 165 1046 305 113 61 -1 -1
30 40 166 1046 305 113 61 -1 -1
30 40 167 1046 305 113 61 -1 -1
30 40 168 1048 305 110 61 -1 -1
30 40 169 1049 305 108 61 -1 -1
30 40 170 1049 305 108 61 -1 -1
30 40 171 1048 305 109 61 -1 -1
30 40 172 1048 305 109 61 -1 -1
30 40 173 1048 305 109 61 -1 -1
30 40 174 1048 305 109 61 -1 -1
30 40 175 1049 305 108 61 -1 -1
30 40 176 1049 305 108 61 -1 -1
30 40 177 1049 305 108 61 -1 -1
30 40 178 1048 305 109 61 -1 -1
30 40 179 1048 305 108 61 -1 -1
30 40 180 1049 306 106 59 -1 -1
30 40 181 1047 305 109 61 -1 -1
30 40 182 1047 305 109 61 -1 -1
30 40 183 1046 305 111 61 -1 -1
30 41 183 1500 342 100 117 -1 -1
30 40 184 1046 305 111 61 -1 -1
30 41 184 1419 332 179 128 -1 -1
30 40 185 1046 305 111 61 -1 -1
30 41 185 1346 339 254 127 -1 -1
30 40 186 1046 305 111 61 -1 -1
30 41 186 1275 344 294 126 -1 -1
30 40 187 1046 305 111 61 -1 -1
30 41 187 1226 351 265 122 -1 -1
30 42 187 1219 362 225 112 -1 -1
30 41 188 1167 365 255 113 -1 -1
30 42 188 1219 362 225 112 -1 -1
30 41 189 1120 372 233 109 -1 -1
30 42 189 1219 362 225 112 -1 -1
30 43 189 1046 305 115 62 -1 -1
30 41 190 1080 378 213 106 -1 -1
30 42 190 1219 362 225 112 -1 -1
30 43 190 1045 305 115 62 -1 -1
30 41 191 1039 387 198 100 -1 -1
30 43 191 1047 307 111 60 -1 -1
30 41 192 1004 394 180 95 -1 -1
30 43 192 1050 305 111 62 -1 -1
30 41 193 970 398 171 94 -1 -1
30 43 193 1049 305 111 62 -1 -1
30 41 194 943 408 158 87 -1 -1
30 43 194 1049 305 110 60 -1 -1
30 41 195 915 413 149 83 -1 -1
30 43 195 1051 305 108 59 -1 -1
30 41 196 891 418 138 80 -1 -1
30 43 196 1051 305 108 60 -1 -1
30 44 196 819 383 92 61 -1 -1
30 41 197 865 420 134 80 -1 -1
30 43 197 1051 305 108 60 -1 -1
30 44 197 821 383 91 63 -1 -1
30 41 198 841 424 129 78 -1 -1
30 43 198 1051 305 108 60 -1 -1
30 44 198 820 384 91 65 -1 -1
30 41 199 821 435 122 68 -1 -1
30 43 199 1050 305 109 60 -1 -1
30 44 199 820 384 91 64 -1 -1
30 41 200 798 439 121 65 -1 -1
30 43 200 1050 305 109 61 -1 -1
30 44 200 818 384 93 60 -1 -1
30 41 201 783 440 112 66 -1 -1
30 43 201 1050 305 109 61 -1 -1
30 44 201 818 384 93 60 -1 -1
30 41 202 767 443 106 64 -1 -1
30 43 202 1050 305 109 61 -1 -1
30 44 202 822 384 89 55 -1 -1
30 41 203 750 444 104 64 -1 -1
30 43 203 1050 305 109 61 -1 -1
30 44 203 821 384 90 59 -1 -1
30 41 204 735 451 102 57 -1 -1
30 43 204 1049 305 109 61 -1 -1
30 44 204 822 383 89 62 -1 -1
30 41 205 724 455 93 56 -1 -1
30 43 205 1049 305 109 61 -1 -1
30 44 205 821 383 90 63 -1 -1
30 41 206 724 455 93 56 -1 -1
30 43 206 1049 305 109 61 -1 -1
30 44 206 821 383 90 63 -1 -1
30 41 207 699 463 87 49 -1 -1
30 43 207 1049 305 109 61 -1 -1
30 44 207 821 383 90 63 -1 -1
30 41 208 688 459 83 54 -1 -1
30 43 208 1049 305 109 61 -1 -1
30 44 208 821 383 90 63 -1 -1
30 41 209 679 462 78 52 -1 -1
30 43 209 1049 305 110 61 -1 -1
30 41 210 668 464 76 50 -1 -1
30 43 210 1050 305 109 61 -1 -1
30 41 211 660 465 73 50 -1 -1
30 43 211 1051 305 106 61 -1 -1
30 41 212 650 466 70 49 -1 -1
30 43 212 1051 305 106 61 -1 -1
30 41 213 650 466 70 49 -1 -1
30 43 213 1051 305 106 61 -1 -1
30 41 214 634 472 66 44 -1 -1
30 43 214 1051 305 106 61 -1 -1
30 41 215 627 477 62 40 -1 -1
30 43 215 1051 305 105 61 -1 -1
30 41 216 619 476 62 41 -1 -1
30 43 216 1048 305 109 61 -1 -1
30 41 217 612 477 61 40 -1 -1
30 43 217 1048 305 109 61 -1 -1
30 41 218 607 478 57 42 -1 -1
30 43 218 1048 305 109 61 -1 -1
30 41 219 601 483 55 36 -1 -1
30 43 219 1049 305 108 61 -1 -1
30 41 220 593 478 56 41 -1 -1
30 43 220 1048 305 109 61 -1 -1
30 41 221 590 480 52 41 -1 -1
30 43 221 1049 305 108 61 -1 -1
30 41 222 584 482 51 40 -1 -1
30 43 222 1048 305 109 61 -1 -1
30 41 223 580 483 49 39 -1 -1
30 43 223 1048 305 109 61 -1 -1
30 41 224 575 485 49 38 -1 -1
30 43 224 1048 305 109 61 -1 -1
30 41 225 575 485 49 38 -1 -1
30 43 225 1048 305 109 61 -1 -1
30 41 226 575 485 49 38 -1 -1
30 43 226 1048 305 109 61 -1 -1
30 45 226 430 523 52 44 -1 -1
30 41 227 557 486 49 38 -1 -1
30 43 227 1048 305 109 61 -1 -1
30 45 227 430 523 54 46 -1 -1
30 41 228 554 488 49 36 -1 -1
30 43 228 1049 305 107 60 -1 -1
30 45 228 430 523 54 46 -1 -1
30 46 228 554 489 49 36 -1 -1
30 41 229 555 488 42 38 -1 -1
30 43 229 1049 305 107 60 -1 -1
30 45 229 430 523 54 46 -1 -1
30 46 229 554 489 49 36 -1 -1
30 41 230 552 488 42 38 -1 -1
30 43 230 1049 305 107 60 -1 -1
30 45 230 430 523 54 46 -1 -1
30 46 230 554 489 49 36 -1 -1
30 41 231 552 488 42 38 -1 -1
30 43 231 1050 305 106 60 -1 -1
30 46 231 554 489 49 36 -1 -1
30 41 232 552 488 42 38 -1 -1
30 43 232 1050 305 106 60 -1 -1
30 47 232 449 522 47 45 -1 -1
30 41 233 552 488 42 38 -1 -1
30 43 233 1050 305 106 60 -1 -1
30 47 233 448 522 52 47 -1 -1
30 43 234 1050 305 106 60 -1 -1
30 47 234 450 522 53 49 -1 -1
30 43 235 1050 305 106 60 -1 -1
30 47 235 450 522 53 49 -1 -1
30 43 236 1050 305 106 60 -1 -1
30 47 236 454 525 56 46 -1 -1
30 43 237 1050 305 106 60 -1 -1
30 47 237 457 528 57 44 -1 -1
30 43 238 1050 305 106 60 -1 -1
30 47 238 459 525 59 48 -1 -1
30 48 238 1531 429 69 135 -1 -1
30 43 239 1050 305 106 60 -1 -1
30 47 239 461 527 62 45 -1 -1
30 48 239 1531 429 69 135 -1 -1
30 49 239 1433 399 167 158 -1 -1
30 43 240 1053 305 103 59 -1 -1
30 47 240 462 520 64 52 -1 -1
30 48 240 1531 429 69 135 -1 -1
30 49 240 1347 398 252 158 -1 -1
30 50 240 521 490 62 36 -1 -1
30 43 241 1053 305 103 59 -1 -1
30 47 241 466 520 64 52 -1 -1
30 48 241 1531 429 69 135 -1 -1
30 49 241 1288 406 308 148 -1 -1
30 50 241 521 490 62 36 -1 -1
30 43 242 1052 305 104 59 -1 -1
30 47 242 469 528 66 46 -1 -1
30 49 242 1215 406 374 149 -1 -1
30 50 242 521 490 62 36 -1 -1
30 43 243 1053 305 103 59 -1 -1
30 47 243 472 523 69 52 -1 -1
30 49 243 1185 393 326 161 -1 -1
30 50 243 521 490 62 36 -1 -1
30 43 244 1053 305 103 59 -1 -1
30 47 244 472 523 69 52 -1 -1
30 49 244 1129 404 299 148 -1 -1
30 51 244 824 383 87 62 -1 -1
30 43 245 1053 305 104 59 -1 -1
30 47 245 472 523 69 52 -1 -1
30 49 245 1077 406 279 145 -1 -1
30 51 245 823 383 88 62 -1 -1
30 43 246 1053 305 105 59 -1 -1
30 47 246 480 515 77 63 -1 -1
30 49 246 1034 414 259 136 -1 -1
30 51 246 823 383 88 62 -1 -1
30 43 247 1053 305 105 59 -1 -1
30 47 247 480 515 77 63 -1 -1
30 49 247 999 421 251 129 -1 -1
30 51 247 823 383 88 62 -1 -1
30 43 248 1052 305 106 59 -1 -1
30 47 248 489 516 83 65 -1 -1
30 49 248 968 425 237 125 -1 -1
30 51 248 823 383 88 62 -1 -1
30 43 249 1052 305 105 59 -1 -1
30 47 249 495 518 83 65 -1 -1
30 49 249 938 431 222 117 -1 -1
30 51 249 823 383 88 61 -1 -1
30 43 250 1049 305 108 61 -1 -1
30 47 250 501 516 85 68 -1 -1
30 49 250 910 443 209 105 -1 -1
30 51 250 823 384 88 60 -1 -1
30 43 251 1049 305 108 61 -1 -1
30 47 251 504 515 91 73 -1 -1
30 49 251 888 443 194 104 -1 -1
30 51 251 823 384 88 61 -1 -1
30 43 252 1050 306 107 59 -1 -1
30 47 252 504 515 91 73 -1 -1
30 49 252 864 447 183 100 -1 -1
30 51 252 823 383 88 64 -1 -1
30 43 253 1051 306 106 59 -1 -1
30 47 253 512 514 100 80 -1 -1
30 49 253 844 448 175 98 -1 -1
30 51 253 823 383 88 64 -1 -1
30 43 254 1050 306 107 59 -1 -1
30 47 254 522 515 100 83 -1 -1
30 49 254 825 450 162 95 -1 -1
30 51 254 824 383 87 65 -1 -1
30 52 254 828 450 160 95 -1 -1
30 43 255 1050 306 107 59 -1 -1
30 47 255 525 519 111 81 -1 -1
30 49 255 807 453 154 92 -1 -1
30 51 255 824 384 87 63 -1 -1
30 52 255 828 450 160 95 -1 -1
30 43 256 1050 306 107 59 -1 -1
30 47 256 531 518 114 87 -1 -1
30 49 256 789 457 149 88 -1 -1
30 51 256 824 384 87 63 -1 -1
30 52 256 790 458 148 87 -1 -1
30 43 257 1050 306 107 60 -1 -1
30 47 257 540 518 118 93 -1 -1
30 49 257 770 462 147 83 -1 -1
30 51 257 824 384 87 62 -1 -1
30 52 257 790 458 148 87 -1 -1
30 43 258 1050 306 107 60 -1 -1
30 47 258 549 519 125 98 -1 -1
30 49 258 754 462 142 84 -1 -1
30 51 258 823 384 88 62 -1 -1
30 52 258 790 458 148 87 -1 -1
30 43 259 1050 306 107 60 -1 -1
30 47 259 555 516 134 107 -1 -1
30 49 259 738 463 136 82 -1 -1
30 51 259 823 384 88 60 -1 -1
30 52 259 790 458 148 87 -1 -1
30 43 260 1049 306 107 60 -1 -1
30 47 260 568 518 138 111 -1 -1
30 49 260 721 466 133 82 -1 -1
30 51 260 823 384 88 60 -1 -1
30 43 261 1049 306 107 60 -1 -1
30 47 261 578 518 148 120 -1 -1
30 49 261 697 471 139 79 -1 -1
30 51 261 823 384 88 60 -1 -1
30 43 262 1049 306 107 60 -1 -1
30 47 262 590 517 154 124 -1 -1
30 49 262 690 476 127 72 -1 -1
30 51 262 823 384 88 60 -1 -1
30 43 263 1049 306 106 60 -1 -1
30 47 263 606 518 163 134 -1 -1
30 49 263 681 479 116 67 -1 -1
30 53 263 1483 347 117 107 -1 -1
30 43 264 1048 305 109 60 -1 -1
30 47 264 617 515 177 145 -1 -1
30 49 264 681 479 116 67 -1 -1
30 53 264 1483 347 117 107 -1 -1
30 54 264 821 384 90 60 -1 -1
30 43 265 1048 305 109 60 -1 -1
30 47 265 630 515 195 156 -1 -1
30 49 265 681 479 116 67 -1 -1
30 53 265 1366 333 233 126 -1 -1
30 54 265 821 383 90 61 -1 -1
30 43 266 1048 305 109 60 -1 -1
30 47 266 634 518 223 164 -1 -1
30 49 266 681 479 116 67 -1 -1
30 53 266 1315 339 284 122 -1 -1
30 54 266 821 383 90 61 -1 -1
30 55 266 616 494 125 66 -1 -1
30 43 267 1049 305 108 60 -1 -1
30 47 267 661 521 239 178 -1 -1
30 53 267 1273 341 293 122 -1 -1
30 54 267 821 383 90 61 -1 -1
30 55 267 598 496 124 70 -1 -1
30 43 268 1049 305 108 60 -1 -1
30 47 268 661 521 239 178 -1 -1
30 53 268 1225 354 269 113 -1 -1
30 54 268 821 383 90 61 -1 -1
30 55 268 580 501 122 68 -1 -1
30 43 269 1049 305 108 60 -1 -1
30 47 269 702 522 284 223 -1 -1
30 53 269 1180 362 268 110 -1 -1
30 54 269 821 384 90 60 -1 -1
30 55 269 561 504 121 70 -1 -1
30 56 269 1186 360 263 111 -1 -1
30 43 270 1048 305 111 61 -1 -1
30 47 270 751 529 304 240 -1 -1
30 53 270 1136 367 251 109 -1 -1
30 54 270 821 384 90 60 -1 -1
30 55 270 542 518 118 62 -1 -1
30 56 270 1186 360 263 111 -1 -1
30 43 271 1048 305 111 61 -1 -1
30 47 271 751 529 304 240 -1 -1
30 53 271 1100 374 244 104 -1 -1
30 54 271 821 384 90 60 -1 -1
30 55 271 523 518 117 67 -1 -1
30 56 271 1186 360 263 111 -1 -1
30 43 272 1048 305 111 61 -1 -1
30 47 272 751 529 304 240 -1 -1
30 53 272 1068 380 230 101 -1 -1
30 54 272 821 384 90 60 -1 -1
30 55 272 502 524 119 67 -1 -1
30 56 272 1186 360 263 111 -1 -1
30 43 273 1048 305 111 61 -1 -1
30 47 273 751 529 304 240 -1 -1
30 53 273 1041 386 211 96 -1 -1
30 55 273 481 529 119 68 -1 -1
30 53 274 1007 391 205 94 -1 -1
30 55 274 460 536 118 66 -1 -1
30 53 275 981 398 191 89 -1 -1
30 55 275 442 538 114 72 -1 -1
30 53 276 958 401 176 89 -1 -1
30 55 276 419 551 115 66 -1 -1
30 57 276 1046 305 113 61 -1 -1
30 53 277 934 407 168 84 -1 -1
30 55 277 397 557 115 65 -1 -1
30 57 277 1047 305 111 60 -1 -1
30 58 277 824 383 87 60 -1 -1
30 53 278 911 414 159 79 -1 -1
30 55 278 375 565 114 66 -1 -1
30 57 278 1049 305 109 59 -1 -1
30 58 278 823 383 88 61 -1 -1
30 53 279 892 418 150 78 -1 -1
30 55 279 351 578 114 60 -1 -1
30 57 279 1049 305 109 60 -1 -1
30 58 279 823 383 88 61 -1 -1
30 53 280 870 419 148 77 -1 -1
30 55 280 326 584 118 59 -1 -1
30 57 280 1052 305 103 60 -1 -1
30 58 280 822 383 90 62 -1 -1
30 53 281 851 422 142 76 -1 -1
30 55 281 305 583 115 70 -1 -1
30 57 281 1052 305 103 60 -1 -1
30 58 281 823 384 89 63 -1 -1
30 53 282 835 429 134 71 -1 -1
30 55 282 280 594 114 64 -1 -1
30 57 282 1052 305 103 60 -1 -1
30 58 282 823 384 89 59 -1 -1
30 53 283 819 434 128 68 -1 -1
30 55 283 257 603 117 61 -1 -1
30 57 283 1052 305 102 59 -1 -1
30 58 283 822 384 89 65 -1 -1
30 53 284 801 435 123 67 -1 -1
30 55 284 257 603 117 61 -1 -1
30 57 284 1052 305 102 59 -1 -1
30 58 284 822 384 89 59 -1 -1
30 53 285 786 439 120 65 -1 -1
30 55 285 211 617 111 63 -1 -1
30 57 285 1052 305 102 60 -1 -1
30 58 285 822 384 89 56 -1 -1
30 53 286 773 440 114 64 -1 -1
30 55 286 188 615 110 70 -1 -1
30 57 286 1052 305 102 59 -1 -1
30 58 286 822 384 89 57 -1 -1
30 53 287 761 444 107 61 -1 -1
30 55 287 165 633 107 60 -1 -1
30 57 287 1052 305 102 59 -1 -1
30 58 287 822 384 89 58 -1 -1
30 53 288 747 445 107 61 -1 -1
30 55 288 143 644 107 54 -1 -1
30 57 288 1048 305 106 60 -1 -1
30 58 288 821 384 90 59 -1 -1
30 53 289 734 450 104 57 -1 -1
30 55 289 120 646 105 59 -1 -1
30 57 289 1048 305 106 60 -1 -1
30 58 289 821 384 90 60 -1 -1
30 53 290 723 453 98 57 -1 -1
30 55 290 96 652 109 64 -1 -1
30 57 290 1046 305 110 61 -1 -1
30 58 290 821 383 90 64 -1 -1
30 53 291 711 451 96 60 -1 -1
30 55 291 74 660 105 61 -1 -1
30 57 291 1046 305 110 61 -1 -1
30 58 291 821 383 90 64 -1 -1
30 53 292 702 454 93 58 -1 -1
30 55 292 52 671 105 57 -1 -1
30 57 292 1046 305 110 62 -1 -1
30 58 292 821 383 90 64 -1 -1
30 53 293 689 461 90 51 -1 -1
30 55 293 30 681 105 56 -1 -1
30 57 293 1046 305 109 61 -1 -1
30 58 293 821 383 90 64 -1 -1
30 53 294 683 460 86 53 -1 -1
30 55 294 3 686 109 55 -1 -1
30 57 294 1046 304 110 63 -1 -1
30 53 295 675 464 81 49 -1 -1
30 55 295 3 686 109 55 -1 -1
30 57 295 1045 304 111 63 -1 -1
30 59 295 476 529 50 44 -1 -1
30 53 296 666 464 79 50 -1 -1
30 55 296 3 686 109 55 -1 -1
30 57 296 1046 304 110 63 -1 -1
30 59 296 476 529 50 44 -1 -1
30 53 297 659 466 75 49 -1 -1
30 55 297 3 686 109 55 -1 -1
30 57 297 1046 304 110 63 -1 -1
30 59 297 476 529 50 44 -1 -1
30 53 298 650 466 76 48 -1 -1
30 57 298 1046 304 110 63 -1 -1
30 59 298 476 529 50 44 -1 -1
30 53 299 642 468 73 48 -1 -1
30 57 299 1046 304 110 63 -1 -1
30 59 299 487 527 59 49 -1 -1
30 60 299 641 470 75 46 -1 -1
30 53 300 636 471 71 45 -1 -1
30 57 300 1048 305 108 61 -1 -1
30 59 300 490 529 62 48 -1 -1
30 60 300 641 470 75 46 -1 -1
30 53 301 629 472 69 44 -1 -1
30 57 301 1048 305 108 61 -1 -1
30 59 301 496 527 62 50 -1 -1
30 60 301 641 470 75 46 -1 -1
30 53 302 623 476 67 41 -1 -1
30 57 302 1048 305 108 61 -1 -1
30 59 302 499 529 66 49 -1 -1
30 60 302 641 470 75 46 -1 -1
30 53 303 618 477 64 40 -1 -1
30 57 303 1048 305 108 61 -1 -1
30 59 303 504 530 69 49 -1 -1
30 53 304 611 477 64 40 -1 -1
30 57 304 1047 305 110 61 -1 -1
30 59 304 508 528 71 53 -1 -1
30 53 305 607 479 61 40 -1 -1
30 57 305 1047 305 110 61 -1 -1
30 59 305 514 527 73 56 -1 -1
30 53 306 601 480 58 41 -1 -1
30 57 306 1047 305 109 61 -1 -1
30 59 306 514 527 73 56 -1 -1
30 53 307 595 480 59 41 -1 -1
30 57 307 1047 305 109 61 -1 -1
30 59 307 527 525 77 61 -1 -1
30 53 308 589 481 57 40 -1 -1
30 57 308 1047 305 109 61 -1 -1
30 59 308 527 525 77 61 -1 -1
30 53 309 572 481 70 43 -1 -1
30 57 309 1047 305 109 61 -1 -1
30 59 309 538 526 86 65 -1 -1
30 53 310 580 482 55 42 -1 -1
30 57 310 1047 305 109 61 -1 -1
30 59 310 538 526 86 65 -1 -1
30 53 311 574 483 58 42 -1 -1
30 57 311 1047 305 109 61 -1 -1
30 59 311 556 526 92 70 -1 -1
30 53 312 569 485 56 41 -1 -1
30 57 312 1047 305 110 61 -1 -1
30 59 312 566 528 95 70 -1 -1
30 53 313 569 485 56 41 -1 -1
30 57 313 1047 305 109 61 -1 -1
30 59 313 575 525 100 76 -1 -1
30 53 314 561 483 55 43 -1 -1
30 57 314 1047 305 109 61 -1 -1
30 59 314 585 526 106 78 -1 -1
30 53 315 562 485 50 40 -1 -1
30 57 315 1047 305 109 61 -1 -1
30 59 315 595 529 113 77 -1 -1
30 53 316 558 487 49 38 -1 -1
30 57 316 1047 305 109 61 -1 -1
30 59 316 607 525 121 87 -1 -1
30 53 317 555 488 47 38 -1 -1
30 57 317 1047 305 109 61 -1 -1
30 59 317 622 525 126 90 -1 -1
30 53 318 553 487 46 39 -1 -1
30 57 318 1047 305 109 61 -1 -1
30 59 318 636 527 134 93 -1 -1
30 53 319 547 486 48 40 -1 -1
30 57 319 1047 305 109 61 -1 -1
30 59 319 651 531 147 93 -1 -1
30 53 320 545 487 47 38 -1 -1
30 57 320 1047 304 110 62 -1 -1
30 59 320 669 527 156 103 -1 -1
30 53 321 545 487 47 38 -1 -1
30 57 321 1047 305 110 61 -1 -1
30 59 321 690 523 167 113 -1 -1
30 53 322 545 487 47 38 -1 -1
30 57 322 1047 305 110 61 -1 -1
30 59 322 712 522 181 120 -1 -1
30 53 323 545 487 47 38 -1 -1
30 57 323 1047 305 110 61 -1 -1
30 59 323 737 521 199 129 -1 -1
30 57 324 1047 305 110 61 -1 -1
30 59 324 766 520 217 139 -1 -1
30 57 325 1047 305 110 61 -1 -1
30 59 325 798 519 239 150 -1 -1
30 57 326 1047 304 110 62 -1 -1
30 59 326 832 518 260 161 -1 -1
30 57 327 1047 304 110 62 -1 -1
30 59 327 877 518 288 173 -1 -1
30 57 328 1047 304 110 62 -1 -1
30 59 328 927 516 326 188 -1 -1
30 57 329 1047 304 110 62 -1 -1
30 59 329 927 516 326 188 -1 -1
30 57 330 1046 305 112 61 -1 -1
30 59 330 927 516 326 188 -1 -1
30 57 331 1046 305 112 61 -1 -1
30 59 331 927 516 326 188 -1 -1
30 57 332 1046 305 112 61 -1 -1
30 61 332 1213 517 370 228 -1 -1
30 57 333 1046 305 112 61 -1 -1
30 61 333 1328 543 272 225 -1 -1
30 57 334 1046 305 112 61 -1 -1
30 61 334 1328 543 272 225 -1 -1
30 62 334 1445 397 155 153 -1 -1
30 57 335 1046 305 112 61 -1 -1
30 61 335 1328 543 272 225 -1 -1
30 62 335 1367 389 230 159 -1 -1
30 57 336 1047 305 113 61 -1 -1
30 61 336 1328 543 272 225 -1 -1
30 62 336 1308 401 290 143 -1 -1
30 63 336 824 383 87 61 -1 -1
30 57 337 1048 305 112 60 -1 -1
30 62 337 1284 400 316 147 -1 -1
30 63 337 824 383 87 61 -1 -1
30 64 337 459 524 43 36 -1 -1
30 57 338 1048 305 112 60 -1 -1
30 62 338 1181 412 393 127 -1 -1
30 63 338 824 383 87 61 -1 -1
30 64 338 461 524 42 37 -1 -1
30 57 339 1047 305 113 60 -1 -1
30 62 339 1149 415 342 128 -1 -1
30 63 339 824 383 87 61 -1 -1
30 64 339 462 524 43 38 -1 -1
30 65 339 1467 328 133 132 -1 -1
30 57 340 1046 305 112 60 -1 -1
30 62 340 1109 408 300 137 -1 -1
30 63 340 824 383 87 61 -1 -1
30 64 340 463 524 45 38 -1 -1
30 65 340 1395 296 205 167 -1 -1
30 57 341 1045 305 113 61 -1 -1
30 62 341 1069 407 291 138 -1 -1
30 63 341 824 383 87 61 -1 -1
30 64 341 466 524 46 38 -1 -1
30 65 341 1330 314 265 153 -1 -1
30 57 342 1045 305 114 61 -1 -1
30 62 342 1028 414 269 132 -1 -1
30 63 342 824 383 87 61 -1 -1
30 64 342 466 524 46 38 -1 -1
30 65 342 1289 316 305 152 -1 -1
30 57 343 1045 305 114 61 -1 -1
30 62 343 1000 426 254 119 -1 -1
30 64 343 470 526 48 38 -1 -1
30 65 343 1230 324 293 147 -1 -1
30 57 344 1044 305 115 61 -1 -1
30 62 344 972 425 250 120 -1 -1
30 64 344 471 525 49 40 -1 -1
30 65 344 1170 340 268 137 -1 -1
30 57 345 1044 305 116 61 -1 -1
30 62 345 946 430 239 115 -1 -1
30 64 345 475 526 48 41 -1 -1
30 65 345 1129 343 259 138 -1 -1
30 57 346 1043 305 118 62 -1 -1
30 62 346 924 431 225 113 -1 -1
30 64 346 474 525 51 43 -1 -1
30 65 346 1091 358 235 122 -1 -1
30 57 347 1044 305 117 62 -1 -1
30 62 347 905 435 214 109 -1 -1
30 64 347 476 524 52 44 -1 -1
30 65 347 1053 362 226 121 -1 -1
30 66 347 0 701 105 68 -1 -1
30 57 348 1043 305 116 64 -1 -1
30 62 348 887 437 202 108 -1 -1
30 64 348 479 524 53 44 -1 -1
30 65 348 1021 366 206 119 -1 -1
30 66 348 1 700 116 62 -1 -1
30 57 349 1043 305 116 64 -1 -1
30 62 349 869 440 194 104 -1 -1
30 64 349 481 520 53 50 -1 -1
30 65 349 1021 366 206 119 -1 -1
30 66 349 9 697 123 62 -1 -1
30 57 350 1043 305 116 64 -1 -1
30 62 350 851 444 191 101 -1 -1
30 64 350 481 520 53 50 -1 -1
30 65 350 1021 366 206 119 -1 -1
30 66 350 24 695 119 61 -1 -1
30 57 351 1042 305 116 65 -1 -1
30 62 351 836 447 181 98 -1 -1
30 64 351 481 520 53 50 -1 -1
30 65 351 1021 366 206 119 -1 -1
30 66 351 38 688 118 64 -1 -1
30 57 352 1047 305 109 60 -1 -1
30 62 352 823 451 174 94 -1 -1
30 64 352 481 520 53 50 -1 -1
30 66 352 49 685 120 63 -1 -1
30 67 352 820 383 91 61 -1 -1
30 57 353 1045 305 111 61 -1 -1
30 62 353 810 451 167 94 -1 -1
30 66 353 58 683 120 60 -1 -1
30 67 353 820 383 91 61 -1 -1
30 57 354 1045 305 111 61 -1 -1
30 62 354 799 452 160 93 -1 -1
30 66 354 69 681 123 59 -1 -1
30 67 354 820 383 91 61 -1 -1
30 68 354 892 401 111 82 -1 -1
30 57 355 1046 305 110 61 -1 -1
30 62 355 788 454 160 90 -1 -1
30 66 355 81 678 119 59 -1 -1
30 67 355 823 384 89 54 -1 -1
30 68 355 892 401 111 82 -1 -1
30 57 356 1046 305 111 61 -1 -1
30 62 356 778 455 155 89 -1 -1
30 66 356 89 675 122 60 -1 -1
30 67 356 819 384 92 50 -1 -1
30 68 356 892 401 111 82 -1 -1
30 57 357 1046 305 111 61 -1 -1
30 62 357 767 454 150 91 -1 -1
30 66 357 99 662 124 71 -1 -1
30 67 357 815 384 96 50 -1 -1
30 68 357 892 401 111 82 -1 -1
30 57 358 1045 305 111 61 -1 -1
30 62 358 761 432 143 113 -1 -1
30 66 358 108 663 122 67 -1 -1
30 67 358 813 384 97 48 -1 -1
30 69 358 505 525 72 56 -1 -1
30 57 359 1046 305 111 61 -1 -1
30 62 359 750 457 140 88 -1 -1
30 66 359 119 662 114 65 -1 -1
30 67 359 813 384 97 48 -1 -1
30 69 359 508 525 74 58 -1 -1
30 57 360 1045 305 112 62 -1 -1
30 62 360 742 459 137 86 -1 -1
30 66 360 127 660 108 64 -1 -1
30 67 360 820 384 90 51 -1 -1
30 69 360 515 525 75 60 -1 -1
30 57 361 1045 305 112 62 -1 -1
30 62 361 733 459 135 86 -1 -1
30 66 361 134 659 122 62 -1 -1
30 67 361 817 383 94 58 -1 -1
30 69 361 519 524 79 63 -1 -1
30 57 362 1045 305 112 63 -1 -1
30 62 362 722 461 136 84 -1 -1
30 66 362 141 658 112 61 -1 -1
30 67 362 821 383 90 61 -1 -1
30 69 362 525 524 81 68 -1 -1
30 57 363 1045 305 112 63 -1 -1
30 62 363 715 464 136 81 -1 -1
30 66 363 141 658 112 61 -1 -1
30 67 363 823 383 88 62 -1 -1
30 69 363 525 524 81 68 -1 -1
30 57 364 1045 305 112 62 -1 -1
30 62 364 711 464 131 82 -1 -1
30 66 364 141 658 112 61 -1 -1
30 67 364 823 383 88 63 -1 -1
30 69 364 539 527 88 68 -1 -1
30 70 364 1511 357 89 102 -1 -1
30 57 365 1046 305 111 62 -1 -1
30 62 365 706 471 129 75 -1 -1
30 66 365 141 658 112 61 -1 -1
30 67 365 823 383 88 63 -1 -1
30 69 365 545 526 93 72 -1 -1
30 70 365 1511 357 89 102 -1 -1
30 57 366 1045 305 112 63 -1 -1
30 62 366 705 471 123 74 -1 -1
30 66 366 171 646 126 65 -1 -1
30 67 366 824 383 87 63 -1 -1
30 69 366 552 528 97 72 -1 -1
30 70 366 1511 357 89 102 -1 -1
30 71 366 1372 338 227 126 -1 -1
30 57 367 1045 305 112 63 -1 -1
30 62 367 700 471 121 75 -1 -1
30 66 367 178 644 127 65 -1 -1
30 67 367 823 383 88 64 -1 -1
30 69 367 561 526 100 76 -1 -1
30 70 367 1511 357 89 102 -1 -1
30 71 367 1319 340 279 127 -1 -1
30 57 368 1046 305 111 62 -1 -1
30 62 368 694 475 121 72 -1 -1
30 66 368 182 642 128 63 -1 -1
30 67 368 824 383 87 64 -1 -1
30 69 368 570 528 107 77 -1 -1
30 71 368 1268 348 264 123 -1 -1
30 72 368 657 449 84 67 -1 -1
30 57 369 1046 305 111 62 -1 -1
30 62 369 689 474 120 73 -1 -1
30 66 369 188 642 128 59 -1 -1
30 67 369 824 383 87 63 -1 -1
30 69 369 579 528 115 82 -1 -1
30 71 369 1208 362 261 113 -1 -1
30 72 369 657 449 84 67 -1 -1
30 57 370 1046 304 110 62 -1 -1
30 62 370 684 473 119 74 -1 -1
30 66 370 192 639 128 59 -1 -1
30 67 370 823 383 88 62 -1 -1
30 69 370 590 528 121 86 -1 -1
30 71 370 1160 367 246 111 -1 -1
30 72 370 638 461 77 55 -1 -1
30 57 371 1045 304 112 63 -1 -1
30 62 371 682 476 118 71 -1 -1
30 66 371 199 637 125 59 -1 -1
30 67 371 823 383 88 62 -1 -1
30 69 371 604 529 127 89 -1 -1
30 71 371 1123 376 229 105 -1 -1
30 72 371 629 462 79 54 -1 -1
30 57 372 1045 305 112 62 -1 -1
30 62 372 676 477 119 68 -1 -1
30 66 372 202 636 128 59 -1 -1
30 67 372 822 383 89 61 -1 -1
30 69 372 616 530 135 91 -1 -1
30 71 372 1083 383 219 100 -1 -1
30 72 372 629 462 79 54 -1 -1
30 57 373 1045 305 112 62 -1 -1
30 62 373 675 476 116 64 -1 -1
30 66 373 206 635 129 56 -1 -1
30 67 373 822 383 89 61 -1 -1
30 69 373 629 530 147 94 -1 -1
30 71 373 1047 390 202 96 -1 -1
30 72 373 617 464 71 54 -1 -1
30 57 374 1044 305 112 63 -1 -1
30 62 374 674 476 113 62 -1 -1
30 66 374 209 634 131 53 -1 -1
30 67 374 822 383 89 61 -1 -1
30 69 374 647 528 156 103 -1 -1
30 71 374 1012 395 192 93 -1 -1
30 72 374 610 470 65 48 -1 -1
30 57 375 1043 305 113 63 -1 -1
30 62 375 671 482 114 62 -1 -1
30 66 375 214 632 131 54 -1 -1
30 67 375 822 383 89 61 -1 -1
30 69 375 665 527 168 110 -1 -1
30 71 375 986 399 175 91 -1 -1
30 72 375 607 471 63 47 -1 -1
30 57 376 1044 305 111 61 -1 -1
30 62 376 668 483 112 63 -1 -1
30 66 376 218 631 130 55 -1 -1
30 67 376 821 383 90 60 -1 -1
30 69 376 686 525 180 118 -1 -1
30 71 376 959 407 163 86 -1 -1
30 72 376 602 473 60 47 -1 -1
30 73 376 415 529 45 39 -1 -1
30 57 377 1046 305 109 60 -1 -1
30 62 377 667 484 111 63 -1 -1
30 66 377 219 631 133 55 -1 -1
30 67 377 820 383 91 59 -1 -1
30 69 377 709 520 197 130 -1 -1
30 71 377 934 412 154 82 -1 -1
30 72 377 593 470 62 50 -1 -1
30 73 377 415 529 45 38 -1 -1
30 57 378 1046 305 109 60 -1 -1
30 62 378 665 483 110 63 -1 -1
30 66 378 221 629 132 56 -1 -1
30 67 378 820 383 91 61 -1 -1
30 69 378 736 520 211 140 -1 -1
30 71 378 909 417 145 79 -1 -1
30 72 378 588 466 61 55 -1 -1
30 73 378 415 529 44 38 -1 -1
30 57 379 1046 305 109 61 -1 -1
30 62 379 664 483 110 63 -1 -1
30 66 379 225 629 132 56 -1 -1
30 67 379 820 383 91 60 -1 -1
30 69 379 765 520 238 147 -1 -1
30 71 379 885 420 140 77 -1 -1
30 72 379 582 474 59 49 -1 -1
30 73 379 415 529 45 38 -1 -1
30 74 379 887 421 138 76 -1 -1
30 57 380 1046 305 110 62 -1 -1
30 62 380 663 482 108 64 -1 -1
30 66 380 226 629 135 55 -1 -1
30 67 380 821 383 91 62 -1 -1
30 69 380 800 519 252 158 -1 -1
30 71 380 863 422 134 78 -1 -1
30 72 380 577 479 56 43 -1 -1
30 73 380 415 529 45 38 -1 -1
30 74 380 887 421 138 76 -1 -1
30 57 381 1046 305 110 62 -1 -1
30 62 381 661 480 108 66 -1 -1
30 66 381 226 627 136 57 -1 -1
30 67 381 821 383 91 62 -1 -1
30 69 381 841 518 284 171 -1 -1
30 71 381 844 430 127 71 -1 -1
30 72 381 572 477 54 46 -1 -1
30 73 381 415 529 45 38 -1 -1
30 74 381 887 421 138 76 -1 -1
30 57 382 1046 305 110 62 -1 -1
30 62 382 661 481 107 65 -1 -1
30 66 382 227 627 138 58 -1 -1
30 67 382 822 384 89 61 -1 -1
30 69 382 892 517 315 188 -1 -1
30 71 382 826 432 121 70 -1 -1
30 72 382 569 481 53 43 -1 -1
30 73 382 415 529 45 38 -1 -1
30 74 382 887 421 138 76 -1 -1
30 57 383 1046 305 110 62 -1 -1
30 62 383 659 480 107 66 -1 -1
30 66 383 227 626 139 59 -1 -1
30 67 383 820 384 91 61 -1 -1
30 69 383 937 505 388 209 -1 -1
30 71 383 808 437 115 67 -1 -1
30 72 383 562 478 54 46 -1 -1
30 57 384 1045 305 111 62 -1 -1
30 62 384 658 480 107 66 -1 -1
30 66 384 228 624 141 62 -1 -1
30 67 384 822 384 89 56 -1 -1
30 69 384 937 505 388 209 -1 -1
30 71 384 789 440 113 65 -1 -1
30 72 384 558 478 52 47 -1 -1
30 75 384 1002 558 226 153 -1 -1
30 57 385 1045 305 111 62 -1 -1
30 62 385 658 481 107 65 -1 -1
30 66 385 228 623 142 63 -1 -1
30 67 385 822 384 89 55 -1 -1
30 69 385 937 505 388 209 -1 -1
30 71 385 778 443 103 62 -1 -1
30 72 385 553 479 51 45 -1 -1
30 75 385 1002 558 226 153 -1 -1
30 57 386 1045 305 111 61 -1 -1
30 62 386 657 482 107 64 -1 -1
30 66 386 228 623 144 63 -1 -1
30 67 386 822 383 89 60 -1 -1
30 69 386 937 505 388 209 -1 -1
30 71 386 762 442 102 65 -1 -1
30 72 386 553 479 51 45 -1 -1
30 75 386 1002 558 226 153 -1 -1
30 57 387 1045 305 111 61 -1 -1
30 62 387 656 485 107 61 -1 -1
30 66 387 229 623 144 63 -1 -1
30 67 387 821 383 90 62 -1 -1
30 71 387 762 442 102 65 -1 -1
30 72 387 546 484 49 43 -1 -1
30 75 387 1002 558 226 153 -1 -1
30 76 387 1285 533 315 232 -1 -1
30 57 388 1045 305 111 61 -1 -1
30 62 388 656 484 106 61 -1 -1
30 66 388 233 623 141 63 -1 -1
30 67 388 821 383 90 61 -1 -1
30 71 388 762 442 102 65 -1 -1
30 72 388 542 485 50 43 -1 -1
30 76 388 1285 533 315 232 -1 -1
30 57 389 1045 305 111 61 -1 -1
30 62 389 655 483 109 63 -1 -1
30 66 389 232 623 143 63 -1 -1
30 67 389 821 383 90 62 -1 -1
30 71 389 762 442 102 65 -1 -1
30 72 389 539 486 45 42 -1 -1
30 76 389 1285 533 315 232 -1 -1
30 57 390 1047 304 109 63 -1 -1
30 62 390 655 481 114 65 -1 -1
30 66 390 237 623 139 62 -1 -1
30 67 390 821 383 90 61 -1 -1
30 72 390 534 488 47 42 -1 -1
30 76 390 1285 533 315 232 -1 -1
30 57 391 1047 304 109 63 -1 -1
30 62 391 655 476 118 70 -1 -1
30 66 391 236 623 141 62 -1 -1
30 67 391 821 383 90 61 -1 -1
30 72 391 531 488 45 41 -1 -1
30 57 392 1047 304 109 63 -1 -1
30 62 392 654 466 115 80 -1 -1
30 66 392 236 622 141 63 -1 -1
30 67 392 821 383 90 61 -1 -1
30 72 392 530 487 42 43 -1 -1
30 57 393 1046 304 110 63 -1 -1
30 62 393 654 466 106 80 -1 -1
30 66 393 237 623 141 62 -1 -1
30 67 393 821 383 90 61 -1 -1
30 72 393 526 489 42 42 -1 -1
30 57 394 1046 304 110 63 -1 -1
30 62 394 653 468 106 78 -1 -1
30 66 394 237 623 141 62 -1 -1
30 72 394 524 489 40 42 -1 -1
30 57 395 1046 304 110 63 -1 -1
30 62 395 653 472 106 74 -1 -1
30 66 395 237 623 141 62 -1 -1
30 72 395 522 490 40 42 -1 -1
30 57 396 1046 304 110 63 -1 -1
30 62 396 651 474 108 72 -1 -1
30 66 396 237 622 141 63 -1 -1
30 72 396 520 494 38 38 -1 -1
30 57 397 1046 304 110 63 -1 -1
30 62 397 646 476 113 70 -1 -1
30 66 397 236 623 142 62 -1 -1
30 72 397 520 494 38 38 -1 -1
30 77 397 1480 311 120 147 -1 -1
30 62 398 642 477 117 70 -1 -1
30 66 398 236 623 142 62 -1 -1
30 72 398 520 494 38 38 -1 -1
30 77 398 1480 311 120 147 -1 -1
30 62 399 649 477 110 70 -1 -1
30 66 399 236 623 142 62 -1 -1
30 72 399 520 494 38 38 -1 -1
30 77 399 1346 300 254 163 -1 -1
30 62 400 656 480 102 66 -1 -1
30 66 400 237 623 141 63 -1 -1
30 77 400 1297 310 279 156 -1 -1
30 78 400 1039 308 100 61 -1 -1
30 79 400 821 383 90 62 -1 -1
30 62 401 655 480 103 66 -1 -1
30 66 401 237 623 141 63 -1 -1
30 77 401 1246 319 261 150 -1 -1
30 78 401 1040 308 99 61 -1 -1
30 79 401 821 384 90 60 -1 -1
30 80 401 617 479 67 40 -1 -1
30 81 401 438 521 43 41 -1 -1
30 62 402 655 480 103 66 -1 -1
30 66 402 237 623 141 63 -1 -1
30 77 402 1197 328 243 143 -1 -1
30 78 402 1039 308 100 61 -1 -1
30 79 402 821 384 90 60 -1 -1
30 80 402 617 479 67 40 -1 -1
30 81 402 438 521 43 41 -1 -1
30 62 403 654 480 104 66 -1 -1
30 66 403 237 623 141 63 -1 -1
30 77 403 1158 336 228 140 -1 -1
30 78 403 1039 308 103 61 -1 -1
30 79 403 821 384 90 60 -1 -1
30 80 403 605 481 57 39 -1 -1
30 81 403 438 521 43 41 -1 -1
30 62 404 655 481 103 65 -1 -1
30 66 404 237 623 141 63 -1 -1
30 77 404 1120 341 214 137 -1 -1
30 78 404 1038 308 106 62 -1 -1
30 79 404 821 384 90 61 -1 -1
30 80 404 599 483 55 38 -1 -1
30 81 404 438 521 43 41 -1 -1
30 62 405 653 481 105 65 -1 -1
30 66 405 237 623 141 63 -1 -1
30 77 405 1120 341 214 137 -1 -1
30 78 405 1043 305 116 63 -1 -1
30 79 405 821 383 90 62 -1 -1
30 80 405 592 482 54 38 -1 -1
30 81 405 440 520 44 41 -1 -1
30 62 406 654 481 104 65 -1 -1
30 66 406 237 623 141 63 -1 -1
30 77 406 1050 363 191 118 -1 -1
30 78 406 1043 305 115 63 -1 -1
30 79 406 821 383 90 62 -1 -1
30 80 406 587 483 55 40 -1 -1
30 81 406 440 520 45 41 -1 -1
30 62 407 655 481 103 65 -1 -1
30 66 407 237 623 141 63 -1 -1
30 77 407 1021 368 180 114 -1 -1
30 78 407 1044 305 115 63 -1 -1
30 79 407 821 383 90 61 -1 -1
30 80 407 582 485 51 38 -1 -1
30 81 407 439 520 48 41 -1 -1
30 62 408 655 481 103 65 -1 -1
30 66 408 237 623 141 63 -1 -1
30 77 408 994 367 171 117 -1 -1
30 78 408 1039 308 108 66 -1 -1
30 79 408 819 383 92 60 -1 -1
30 80 408 577 486 50 38 -1 -1
30 81 408 439 520 48 41 -1 -1
30 62 409 654 481 104 65 -1 -1
30 66 409 237 623 141 63 -1 -1
30 77 409 968 376 162 110 -1 -1
30 78 409 1037 308 103 67 -1 -1
30 79 409 818 383 93 59 -1 -1
30 80 409 571 487 51 38 -1 -1
30 81 409 439 520 48 41 -1 -1
30 62 410 653 481 105 65 -1 -1
30 66 410 237 622 141 63 -1 -1
30 77 410 945 379 153 108 -1 -1
30 78 410 1037 308 103 67 -1 -1
30 79 410 819 383 92 59 -1 -1
30 80 410 568 490 50 35 -1 -1
30 81 410 439 520 48 41 -1 -1
30 82 410 0 703 114 68 -1 -1
30 62 411 653 481 105 65 -1 -1
30 66 411 237 622 141 63 -1 -1
30 77 411 922 384 148 105 -1 -1
30 78 411 1045 304 112 62 -1 -1
30 79 411 818 383 93 59 -1 -1
30 80 411 562 490 50 35 -1 -1
30 82 411 1 702 121 68 -1 -1
30 62 412 653 481 105 65 -1 -1
30 66 412 237 622 141 63 -1 -1
30 77 412 901 388 142 102 -1 -1
30 78 412 1046 305 110 62 -1 -1
30 79 412 820 383 91 58 -1 -1
30 80 412 560 490 45 35 -1 -1
30 82 412 3 700 130 62 -1 -1
30 62 413 653 481 105 65 -1 -1
30 66 413 237 622 141 63 -1 -1
30 77 413 881 391 139 102 -1 -1
30 78 413 1044 305 112 62 -1 -1
30 79 413 820 383 92 59 -1 -1
30 80 413 553 491 47 35 -1 -1
30 82 413 5 697 136 63 -1 -1
30 62 414 653 481 105 65 -1 -1
30 66 414 237 622 141 63 -1 -1
30 77 414 863 399 129 95 -1 -1
30 78 414 1044 305 112 62 -1 -1
30 79 414 820 384 92 59 -1 -1
30 80 414 553 491 47 35 -1 -1
30 82 414 5 697 136 63 -1 -1
30 62 415 653 481 105 65 -1 -1
30 66 415 237 622 141 63 -1 -1
30 77 415 843 400 126 96 -1 -1
30 78 415 1045 305 111 61 -1 -1
30 79 415 821 385 91 57 -1 -1
30 80 415 548 490 46 37 -1 -1
30 82 415 27 691 131 65 -1 -1
30 62 416 653 481 105 65 -1 -1
30 66 416 238 622 140 63 -1 -1
30 77 416 826 412 120 85 -1 -1
30 78 416 1045 305 111 62 -1 -1
30 79 416 821 385 93 57 -1 -1
30 80 416 548 490 46 37 -1 -1
30 82 416 38 685 129 72 -1 -1
30 62 417 653 481 105 65 -1 -1
30 66 417 238 622 140 63 -1 -1
30 77 417 809 416 117 83 -1 -1
30 78 417 1045 305 111 61 -1 -1
30 79 417 818 384 94 51 -1 -1
30 80 417 548 490 46 37 -1 -1
30 82 417 43 684 129 70 -1 -1
30 83 417 446 519 51 46 -1 -1
30 62 418 653 481 105 65 -1 -1
30 66 418 238 622 140 63 -1 -1
30 77 418 809 416 117 83 -1 -1
30 78 418 1045 305 111 62 -1 -1
30 79 418 814 384 97 48 -1 -1
30 80 418 548 490 46 37 -1 -1
30 82 418 49 685 131 67 -1 -1
30 83 418 447 519 53 46 -1 -1
30 62 419 653 481 105 65 -1 -1
30 66 419 238 622 140 63 -1 -1
30 77 419 780 422 108 80 -1 -1
30 78 419 1045 305 111 62 -1 -1
30 79 419 805 383 105 50 -1 -1
30 82 419 52 683 133 68 -1 -1
30 83 419 448 519 54 46 -1 -1
30 62 420 653 481 104 65 -1 -1
30 66 420 238 623 140 62 -1 -1
30 77 420 764 427 106 75 -1 -1
30 78 420 1047 304 108 62 -1 -1
30 79 420 805 383 105 50 -1 -1
30 82 420 58 682 135 65 -1 -1
30 83 420 453 525 50 39 -1 -1
30 84 420 531 492 41 35 -1 -1
30 62 421 653 479 105 67 -1 -1
30 66 421 238 623 140 62 -1 -1
30 77 421 754 431 99 71 -1 -1
30 78 421 1047 304 108 62 -1 -1
30 79 421 812 384 98 51 -1 -1
30 82 421 64 681 133 64 -1 -1
30 83 421 452 523 52 42 -1 -1
30 84 421 531 492 41 35 -1 -1
30 62 422 653 475 108 71 -1 -1
30 66 422 238 623 140 62 -1 -1
30 77 422 754 431 99 71 -1 -1
30 78 422 1047 304 108 62 -1 -1
30 79 422 807 383 103 57 -1 -1
30 82 422 69 680 132 63 -1 -1
30 83 422 454 525 51 41 -1 -1
30 84 422 523 492 40 37 -1 -1
30 62 423 653 477 106 69 -1 -1
30 66 423 238 623 140 62 -1 -1
30 77 423 754 431 99 71 -1 -1
30 78 423 1047 304 108 62 -1 -1
30 79 423 813 383 98 60 -1 -1
30 82 423 71 679 137 63 -1 -1
30 83 423 455 525 55 42 -1 -1
30 84 423 523 491 39 38 -1 -1
30 62 424 654 477 104 69 -1 -1
30 66 424 238 623 140 62 -1 -1
30 77 424 754 431 99 71 -1 -1
30 78 424 1047 304 108 62 -1 -1
30 79 424 811 383 100 59 -1 -1
30 82 424 71 679 137 63 -1 -1
30 83 424 458 523 55 46 -1 -1
30 84 424 520 488 47 41 -1 -1
30 62 425 654 477 103 69 -1 -1
30 66 425 238 623 140 62 -1 -1
30 78 425 1047 304 108 62 -1 -1
30 79 425 814 383 97 60 -1 -1
30 82 425 81 677 134 62 -1 -1
30 83 425 458 522 57 48 -1 -1
30 84 425 520 488 47 41 -1 -1
30 62 426 653 478 106 68 -1 -1
30 66 426 238 623 140 62 -1 -1
30 78 426 1047 304 108 62 -1 -1
30 79 426 815 383 96 60 -1 -1
30 82 426 84 670 136 69 -1 -1
30 83 426 459 524 56 48 -1 -1
30 84 426 520 488 47 41 -1 -1
30 62 427 653 479 106 67 -1 -1
30 66 427 237 623 141 62 -1 -1
30 78 427 1047 304 108 61 -1 -1
30 79 427 815 383 96 59 -1 -1
30 82 427 88 673 135 64 -1 -1
30 83 427 459 524 56 48 -1 -1
30 84 427 520 488 47 41 -1 -1
30 62 428 652 477 106 69 -1 -1
30 66 428 238 623 140 62 -1 -1
30 78 428 1047 304 108 61 -1 -1
30 79 428 816 383 95 59 -1 -1
30 82 428 88 673 135 64 -1 -1
30 83 428 459 524 56 48 -1 -1
30 62 429 653 476 104 70 -1 -1
30 66 429 238 623 140 62 -1 -1
30 78 429 1047 304 108 61 -1 -1
30 79 429 815 383 96 59 -1 -1
30 82 429 88 673 135 64 -1 -1
30 83 429 462 521 61 53 -1 -1
30 62 430 652 478 105 68 -1 -1
30 66 430 238 623 140 62 -1 -1
30 78 430 1047 304 108 61 -1 -1
30 79 430 815 383 96 59 -1 -1
30 82 430 92 666 136 70 -1 -1
30 83 430 462 521 65 53 -1 -1
30 62 431 649 478 108 69 -1 -1
30 66 431 238 623 140 62 -1 -1
30 78 431 1047 304 108 61 -1 -1
30 79 431 814 383 97 59 -1 -1
30 82 431 96 643 135 94 -1 -1
30 83 431 463 520 65 54 -1 -1
30 62 432 645 478 111 69 -1 -1
30 66 432 237 623 140 63 -1 -1
30 78 432 1047 304 108 61 -1 -1
30 79 432 817 383 94 59 -1 -1
30 82 432 95 638 137 99 -1 -1
30 83 432 462 520 69 56 -1 -1
30 62 433 644 480 113 68 -1 -1
30 66 433 236 623 141 63 -1 -1
30 78 433 1047 304 108 61 -1 -1
30 79 433 817 383 94 59 -1 -1
30 82 433 97 647 136 90 -1 -1
30 83 433 462 520 69 56 -1 -1
30 62 434 647 480 109 67 -1 -1
30 66 434 237 623 140 63 -1 -1
30 78 434 1047 304 108 61 -1 -1
30 79 434 817 383 94 59 -1 -1
30 82 434 97 637 138 100 -1 -1
30 83 434 462 520 69 56 -1 -1
30 62 435 649 481 107 66 -1 -1
30 66 435 237 623 140 63 -1 -1
30 79 435 817 383 94 59 -1 -1
30 82 435 97 631 141 106 -1 -1
30 83 435 462 520 69 56 -1 -1
30 62 436 649 481 106 66 -1 -1
30 66 436 236 623 141 63 -1 -1
30 79 436 817 383 94 59 -1 -1
30 82 436 98 632 138 105 -1 -1
30 85 436 1521 168 78 45 -1 -1
30 86 436 618 468 58 49 -1 -1
30 87 436 617 483 40 36 -1 -1
30 62 437 650 483 104 63 -1 -1
30 66 437 236 623 141 63 -1 -1
30 79 437 817 383 94 59 -1 -1
30 82 437 98 636 137 101 -1 -1
30 85 437 1517 168 81 50 -1 -1
30 86 437 609 471 62 46 -1 -1
30 87 437 617 483 40 36 -1 -1
30 88 437 474 525 72 56 -1 -1
30 62 438 648 482 106 64 -1 -1
30 66 438 238 622 140 64 -1 -1
30 79 438 817 383 94 59 -1 -1
30 82 438 98 633 137 104 -1 -1
30 85 438 1517 168 81 50 -1 -1
30 86 438 609 471 62 46 -1 -1
30 87 438 617 483 40 36 -1 -1
30 88 438 474 525 72 56 -1 -1
30 62 439 647 483 105 63 -1 -1
30 66 439 240 622 139 64 -1 -1
30 79 439 817 383 94 59 -1 -1
30 82 439 99 633 136 104 -1 -1
30 85 439 1489 185 100 43 -1 -1
30 86 439 609 471 62 46 -1 -1
30 87 439 599 488 39 32 -1 -1
30 88 439 479 529 78 53 -1 -1
30 62 440 647 482 104 65 -1 -1
30 66 440 243 621 137 65 -1 -1
30 79 440 819 383 92 59 -1 -1
30 82 440 99 634 135 103 -1 -1
30 85 440 1474 189 95 45 -1 -1
30 86 440 593 469 56 50 -1 -1
30 87 440 590 487 49 34 -1 -1
30 88 440 481 528 80 56 -1 -1
30 62 441 647 483 103 64 -1 -1
30 66 441 245 620 135 66 -1 -1
30 79 441 819 383 92 59 -1 -1
30 82 441 99 637 135 100 -1 -1
30 85 441 1467 193 91 47 -1 -1
30 86 441 587 476 58 45 -1 -1
30 87 441 590 487 49 34 -1 -1
30 88 441 486 529 80 57 -1 -1
30 89 441 528 487 89 36 -1 -1
30 62 442 646 482 103 64 -1 -1
30 66 442 246 620 136 66 -1 -1
30 79 442 819 383 92 59 -1 -1
30 82 442 100 644 133 93 -1 -1
30 85 442 1452 193 90 49 -1 -1
30 86 442 585 477 53 44 -1 -1
30 87 442 590 487 49 34 -1 -1
30 88 442 487 529 83 59 -1 -1
30 89 442 528 487 89 36 -1 -1
30 62 443 646 482 101 64 -1 -1
30 66 443 249 619 135 67 -1 -1
30 79 443 819 383 92 59 -1 -1
30 82 443 101 639 133 98 -1 -1
30 85 443 1446 200 85 47 -1 -1
30 86 443 578 478 54 44 -1 -1
30 87 443 590 487 49 34 -1 -1
30 88 443 487 529 83 59 -1 -1
30 89 443 528 487 89 36 -1 -1
30 62 444 645 483 101 63 -1 -1
30 66 444 253 619 132 67 -1 -1
30 79 444 819 383 92 59 -1 -1
30 82 444 103 656 130 80 -1 -1
30 85 444 1408 204 104 52 -1 -1
30 86 444 577 477 47 44 -1 -1
30 88 444 492 526 90 67 -1 -1
30 89 444 528 487 89 36 -1 -1
30 62 445 643 482 100 64 -1 -1
30 66 445 254 618 133 68 -1 -1
30 79 445 819 383 92 59 -1 -1
30 82 445 103 661 131 75 -1 -1
30 85 445 1400 207 99 52 -1 -1
30 86 445 569 491 46 31 -1 -1
30 88 445 497 528 92 65 -1 -1
30 89 445 548 492 52 31 -1 -1
30 62 446 641 482 100 65 -1 -1
30 66 446 260 618 131 69 -1 -1
30 79 446 819 383 92 59 -1 -1
30 82 446 106 664 127 70 -1 -1
30 85 446 1384 214 101 49 -1 -1
30 86 446 569 491 46 31 -1 -1
30 88 446 500 527 96 68 -1 -1
30 89 446 548 492 52 31 -1 -1
30 62 447 641 484 98 63 -1 -1
30 66 447 261 618 134 68 -1 -1
30 82 447 108 664 126 69 -1 -1
30 85 447 1383 217 90 48 -1 -1
30 86 447 569 491 46 31 -1 -1
30 88 447 500 527 96 68 -1 -1
30 89 447 548 492 52 31 -1 -1
30 62 448 639 485 97 63 -1 -1
30 66 448 265 616 134 70 -1 -1
30 82 448 109 663 125 70 -1 -1
30 85 448 1380 217 78 50 -1 -1
30 86 448 569 491 46 31 -1 -1
30 88 448 507 525 104 74 -1 -1
30 89 448 548 492 52 31 -1 -1
30 62 449 631 484 103 65 -1 -1
30 66 449 270 616 131 67 -1 -1
30 82 449 109 662 125 70 -1 -1
30 85 449 1374 218 75 53 -1 -1
30 88 449 509 519 110 82 -1 -1
30 62 450 628 486 103 63 -1 -1
30 66 450 274 616 136 66 -1 -1
30 82 450 110 660 123 72 -1 -1
30 85 450 1374 218 75 53 -1 -1
30 88 450 517 524 112 79 -1 -1
30 90 450 822 383 89 61 -1 -1
30 62 451 623 487 105 63 -1 -1
30 66 451 281 614 136 66 -1 -1
30 82 451 111 659 126 73 -1 -1
30 85 451 1374 218 75 53 -1 -1
30 88 451 522 523 116 82 -1 -1
30 90 451 822 383 89 61 -1 -1
30 62 452 621 485 102 63 -1 -1
30 66 452 287 613 135 66 -1 -1
30 82 452 113 661 124 71 -1 -1
30 85 452 1374 218 75 53 -1 -1
30 88 452 527 522 123 87 -1 -1
30 90 452 822 383 89 61 -1 -1
30 62 453 622 486 96 63 -1 -1
30 66 453 293 609 138 68 -1 -1
30 82 453 115 661 122 70 -1 -1
30 88 453 532 523 131 88 -1 -1
30 90 453 822 383 89 61 -1 -1
30 91 453 1519 427 81 121 -1 -1
30 62 454 621 489 92 56 -1 -1
30 66 454 302 607 136 68 -1 -1
30 82 454 116 661 122 70 -1 -1
30 88 454 541 521 134 94 -1 -1
30 90 454 822 383 89 61 -1 -1
30 91 454 1519 427 81 121 -1 -1
30 92 454 1449 392 151 151 -1 -1
30 62 455 621 489 92 56 -1 -1
30 66 455 309 601 138 71 -1 -1
30 82 455 120 659 122 71 -1 -1
30 88 455 547 521 142 96 -1 -1
30 91 455 1519 427 81 121 -1 -1
30 92 455 1387 403 210 140 -1 -1
30 93 455 537 490 41 38 -1 -1
30 94 455 1282 256 74 43 -1 -1
30 62 456 621 489 92 56 -1 -1
30 66 456 320 599 135 71 -1 -1
30 82 456 125 660 119 68 -1 -1
30 88 456 557 518 143 101 -1 -1
30 91 456 1519 427 81 121 -1 -1
30 92 456 1334 393 266 147 -1 -1
30 93 456 535 489 39 39 -1 -1
30 94 456 1275 253 84 48 -1 -1
30 95 456 1048 305 108 60 -1 -1
30 96 456 819 383 92 60 -1 -1
30 62 457 621 489 92 56 -1 -1
30 66 457 326 597 138 72 -1 -1
30 82 457 125 660 119 68 -1 -1
30 88 457 564 523 155 100 -1 -1
30 92 457 1309 399 291 141 -1 -1
30 93 457 533 490 39 36 -1 -1
30 94 457 1275 253 84 48 -1 -1
30 95 457 1048 305 108 60 -1 -1
30 96 457 819 383 92 59 -1 -1
30 66 458 338 596 138 69 -1 -1
30 82 458 125 660 119 68 -1 -1
30 88 458 574 519 161 106 -1 -1
30 92 458 1260 403 340 141 -1 -1
30 93 458 529 490 41 36 -1 -1
30 94 458 1275 253 84 48 -1 -1
30 95 458 1049 305 107 60 -1 -1
30 96 458 819 383 92 59 -1 -1
30 66 459 347 595 136 68 -1 -1
30 82 459 125 660 119 68 -1 -1
30 88 459 576 516 179 111 -1 -1
30 92 459 1207 408 364 130 -1 -1
30 93 459 527 490 41 37 -1 -1
30 94 459 1275 253 84 48 -1 -1
30 95 459 1049 305 108 60 -1 -1
30 96 459 819 383 92 59 -1 -1
30 97 459 1216 392 355 153 -1 -1
30 98 459 1217 274 93 49 -1 -1
30 66 460 358 593 139 67 -1 -1
30 88 460 599 518 178 113 -1 -1
30 92 460 1185 395 303 148 -1 -1
30 93 460 527 488 69 41 -1 -1
30 95 460 1047 305 108 61 -1 -1
30 96 460 819 384 92 59 -1 -1
30 97 460 1216 392 355 153 -1 -1
30 98 460 1208 272 93 51 -1 -1
30 66 461 368 585 138 73 -1 -1
30 88 461 608 509 194 127 -1 -1
30 92 461 1136 408 295 132 -1 -1
30 93 461 523 490 70 39 -1 -1
30 95 461 1047 305 108 61 -1 -1
30 96 461 819 384 92 59 -1 -1
30 97 461 1216 392 355 153 -1 -1
30 98 461 1199 274 101 54 -1 -1
30 66 462 379 582 137 73 -1 -1
30 88 462 622 505 201 133 -1 -1
30 92 462 1105 405 275 138 -1 -1
30 93 462 523 488 76 41 -1 -1
30 95 462 1047 305 108 61 -1 -1
30 96 462 819 383 92 60 -1 -1
30 97 462 1216 392 355 153 -1 -1
30 98 462 1190 274 107 57 -1 -1
30 99 462 541 501 117 69 -1 -1
30 66 463 387 580 138 73 -1 -1
30 88 463 637 503 211 139 -1 -1
30 92 463 1071 409 262 132 -1 -1
30 93 463 520 489 75 42 -1 -1
30 95 463 1047 305 109 61 -1 -1
30 96 463 819 383 92 61 -1 -1
30 98 463 1161 279 109 55 -1 -1
30 99 463 528 505 116 68 -1 -1
30 66 464 399 578 138 72 -1 -1
30 88 464 653 501 231 147 -1 -1
30 92 464 1046 416 262 125 -1 -1
30 93 464 518 490 73 41 -1 -1
30 95 464 1046 305 113 61 -1 -1
30 96 464 819 383 92 61 -1 -1
30 98 464 1150 280 119 57 -1 -1
30 99 464 518 514 119 61 -1 -1
30 66 465 408 576 140 71 -1 -1
30 88 465 670 500 238 155 -1 -1
30 92 465 1019 419 250 121 -1 -1
30 93 465 516 490 76 43 -1 -1
30 95 465 1046 305 115 62 -1 -1
30 96 465 819 383 92 61 -1 -1
30 98 465 1149 286 94 51 -1 -1
30 99 465 505 519 119 59 -1 -1
30 66 466 421 575 137 69 -1 -1
30 88 466 690 499 243 159 -1 -1
30 92 466 997 420 238 119 -1 -1
30 93 466 516 490 76 43 -1 -1
30 95 466 1047 305 117 62 -1 -1
30 96 466 819 383 92 61 -1 -1
30 98 466 1149 286 94 51 -1 -1
30 99 466 505 519 119 59 -1 -1
30 66 467 430 574 139 68 -1 -1
30 88 467 710 497 265 168 -1 -1
30 92 467 976 425 227 114 -1 -1
30 93 467 516 490 76 43 -1 -1
30 95 467 1047 305 117 62 -1 -1
30 96 467 819 383 92 61 -1 -1
30 98 467 1149 286 94 51 -1 -1
30 99 467 505 519 119 59 -1 -1
30 66 468 443 568 137 72 -1 -1
30 88 468 732 494 289 184 -1 -1
30 92 468 946 427 225 111 -1 -1
30 93 468 516 490 76 43 -1 -1
30 95 468 1047 305 117 62 -1 -1
30 96 468 821 383 90 61 -1 -1
30 98 468 1149 286 94 51 -1 -1
30 99 468 505 519 119 59 -1 -1
30 66 469 443 568 137 72 -1 -1
30 88 469 768 489 305 197 -1 -1
30 92 469 949 431 194 98 -1 -1
30 95 469 1047 305 117 62 -1 -1
30 96 469 821 383 90 61 -1 -1
30 66 470 458 558 144 78 -1 -1
30 88 470 799 481 347 216 -1 -1
30 92 470 949 431 194 98 -1 -1
30 95 470 1050 306 114 59 -1 -1
30 96 470 821 383 90 63 -1 -1
30 66 471 478 558 136 75 -1 -1
30 88 471 799 481 347 216 -1 -1
30 92 471 949 431 194 98 -1 -1
30 95 471 1050 305 106 64 -1 -1
30 96 471 820 383 91 61 -1 -1
30 66 472 486 554 138 78 -1 -1
30 88 472 849 481 334 205 -1 -1
30 92 472 949 431 194 98 -1 -1
30 95 472 1048 306 104 65 -1 -1
30 96 472 821 383 90 61 -1 -1
30 100 472 197 636 141 55 -1 -1
30 66 473 500 554 134 77 -1 -1
30 88 473 849 481 334 205 -1 -1
30 95 473 1046 305 105 66 -1 -1
30 96 473 820 383 91 62 -1 -1
30 100 473 207 633 142 58 -1 -1
30 66 474 511 551 135 78 -1 -1
30 88 474 849 481 334 205 -1 -1
30 95 474 1040 307 107 69 -1 -1
30 96 474 820 383 91 62 -1 -1
30 100 474 207 633 142 58 -1 -1
30 101 474 862 446 163 93 -1 -1
30 102 474 384 558 119 65 -1 -1
30 66 475 519 551 137 77 -1 -1
30 88 475 849 481 334 205 -1 -1
30 95 475 1044 305 112 71 -1 -1
30 96 475 821 383 90 63 -1 -1
30 100 475 223 629 139 56 -1 -1
30 101 475 846 448 160 90 -1 -1
30 102 475 366 563 119 66 -1 -1
30 103 475 1014 325 103 57 -1 -1
30 66 476 528 550 142 78 -1 -1
30 95 476 1049 305 105 66 -1 -1
30 96 476 822 384 89 63 -1 -1
30 100 476 225 624 143 61 -1 -1
30 101 476 833 448 154 90 -1 -1
30 102 476 366 563 119 66 -1 -1
30 103 476 1014 325 103 57 -1 -1
30 104 476 1000 351 67 41 -1 -1
30 66 477 541 549 138 79 -1 -1
30 95 477 1051 306 103 59 -1 -1
30 96 477 822 383 89 64 -1 -1
30 100 477 229 623 145 62 -1 -1
30 101 477 820 452 149 87 -1 -1
30 102 477 366 563 119 66 -1 -1
30 103 477 1014 325 103 57 -1 -1
30 104 477 990 350 87 48 -1 -1
30 66 478 548 548 143 80 -1 -1
30 95 478 1052 305 104 62 -1 -1
30 96 478 822 384 89 65 -1 -1
30 100 478 240 621 143 65 -1 -1
30 101 478 806 455 146 83 -1 -1
30 102 478 366 563 119 66 -1 -1
30 103 478 1014 325 103 57 -1 -1
30 104 478 981 351 89 48 -1 -1
30 66 479 562 543 142 85 -1 -1
30 95 479 1050 305 106 61 -1 -1
30 96 479 822 384 89 63 -1 -1
30 100 479 257 618 135 69 -1 -1
30 101 479 794 457 140 81 -1 -1
30 104 479 968 349 88 54 -1 -1
30 105 479 322 582 100 46 -1 -1
30 66 480 571 539 147 90 -1 -1
30 95 480 1051 306 103 58 -1 -1
30 96 480 823 383 88 62 -1 -1
30 100 480 263 610 136 76 -1 -1
30 101 480 782 460 136 79 -1 -1
30 104 480 975 348 82 58 -1 -1
30 105 480 322 582 100 46 -1 -1
30 106 480 1410 509 190 209 -1 -1
30 66 481 582 541 151 89 -1 -1
30 95 481 1050 306 104 59 -1 -1
30 96 481 823 383 88 60 -1 -1
30 100 481 269 609 140 76 -1 -1
30 101 481 768 461 135 78 -1 -1
30 104 481 971 351 84 56 -1 -1
30 105 481 322 582 100 46 -1 -1
30 106 481 1410 509 190 209 -1 -1
30 107 481 975 355 81 46 -1 -1
30 66 482 594 542 156 88 -1 -1
30 95 482 1048 306 106 59 -1 -1
30 96 482 823 383 88 60 -1 -1
30 100 482 255 607 162 77 -1 -1
30 101 482 755 461 133 79 -1 -1
30 104 482 971 351 84 56 -1 -1
30 105 482 322 582 100 46 -1 -1
30 106 482 1410 509 190 209 -1 -1
30 107 482 975 355 81 46 -1 -1
30 108 482 1494 322 106 135 -1 -1
30 66 483 607 535 158 96 -1 -1
30 95 483 1045 306 109 59 -1 -1
30 96 483 822 383 89 60 -1 -1
30 100 483 291 611 134 69 -1 -1
30 101 483 741 463 132 78 -1 -1
30 104 483 971 351 84 56 -1 -1
30 106 483 1410 509 190 209 -1 -1
30 107 483 975 355 81 46 -1 -1
30 108 483 1494 322 106 135 -1 -1
30 66 484 619 533 163 102 -1 -1
30 95 484 1046 306 108 60 -1 -1
30 96 484 822 383 89 60 -1 -1
30 100 484 301 607 131 72 -1 -1
30 101 484 729 466 128 76 -1 -1
30 104 484 971 351 84 56 -1 -1
30 107 484 975 355 81 46 -1 -1
30 108 484 1352 339 248 122 -1 -1
30 66 485 632 537 169 99 -1 -1
30 95 485 1046 306 108 60 -1 -1
30 96 485 822 383 89 60 -1 -1
30 100 485 307 604 133 73 -1 -1
30 101 485 717 469 127 71 -1 -1
30 108 485 1309 328 284 135 -1 -1
30 109 485 893 365 107 63 -1 -1
30 110 485 206 616 111 63 -1 -1
30 66 486 648 531 175 105 -1 -1
30 95 486 1047 306 107 60 -1 -1
30 96 486 822 383 89 60 -1 -1
30 100 486 321 602 127 73 -1 -1
30 101 486 704 472 125 66 -1 -1
30 108 486 1238 352 275 115 -1 -1
30 109 486 889 362 108 67 -1 -1
30 110 486 190 614 111 69 -1 -1
30 66 487 663 530 183 109 -1 -1
30 95 487 1046 306 108 60 -1 -1
30 100 487 327 603 128 70 -1 -1
30 101 487 691 477 123 62 -1 -1
30 108 487 1190 358 258 114 -1 -1
30 109 487 889 362 108 67 -1 -1
30 110 487 190 614 111 69 -1 -1
30 66 488 679 529 190 112 -1 -1
30 95 488 1046 306 109 60 -1 -1
30 100 488 333 599 129 73 -1 -1
30 101 488 680 477 122 72 -1 -1
30 108 488 1143 365 241 112 -1 -1
30 109 488 889 362 108 67 -1 -1
30 110 488 190 614 111 69 -1 -1
30 66 489 695 528 204 117 -1 -1
30 95 489 1046 306 110 60 -1 -1
30 100 489 342 598 128 73 -1 -1
30 101 489 667 482 120 69 -1 -1
30 108 489 1104 371 225 108 -1 -1
30 109 489 889 362 108 67 -1 -1
30 110 489 190 614 111 69 -1 -1
30 66 490 714 523 213 126 -1 -1
30 95 490 1049 305 109 63 -1 -1
30 100 490 352 598 126 72 -1 -1
30 101 490 653 485 120 67 -1 -1
30 108 490 1067 379 208 102 -1 -1
30 66 491 735 521 224 131 -1 -1
30 95 491 1048 305 110 64 -1 -1
30 100 491 362 597 124 73 -1 -1
30 101 491 640 488 119 65 -1 -1
30 108 491 1032 385 192 100 -1 -1
30 111 491 823 387 118 58 -1 -1
30 66 492 755 520 239 138 -1 -1
30 95 492 1051 305 105 64 -1 -1
30 100 492 367 597 126 73 -1 -1
30 101 492 627 489 116 66 -1 -1
30 108 492 997 392 183 95 -1 -1
30 111 492 822 387 116 58 -1 -1
30 112 492 91 650 106 66 -1 -1
30 66 493 780 522 249 139 -1 -1
30 95 493 1052 305 103 62 -1 -1
30 100 493 377 595 122 75 -1 -1
30 101 493 613 492 119 67 -1 -1
30 108 493 969 397 170 93 -1 -1
30 111 493 831 387 97 62 -1 -1
30 112 493 76 662 105 57 -1 -1
30 66 494 807 515 264 153 -1 -1
30 95 494 1052 305 103 61 -1 -1
30 100 494 384 594 124 76 -1 -1
30 101 494 599 496 116 65 -1 -1
30 108 494 942 404 159 89 -1 -1
30 111 494 814 386 107 70 -1 -1
30 112 494 76 662 105 57 -1 -1
30 66 495 834 512 283 164 -1 -1
30 95 495 1053 305 101 59 -1 -1
30 100 495 391 596 125 74 -1 -1
30 101 495 586 500 115 64 -1 -1
30 108 495 916 410 151 85 -1 -1
30 111 495 814 386 107 70 -1 -1
30 112 495 76 662 105 57 -1 -1
30 66 496 870 506 305 179 -1 -1
30 95 496 1053 305 101 61 -1 -1
30 100 496 400 596 121 76 -1 -1
30 101 496 572 502 116 64 -1 -1
30 108 496 893 417 143 80 -1 -1
30 111 496 811 384 100 75 -1 -1
30 112 496 76 662 105 57 -1 -1
30 113 496 27 682 102 55 -1 -1
30 66 497 907 499 344 191 -1 -1
30 95 497 1053 305 102 61 -1 -1
30 100 497 408 598 119 77 -1 -1
30 101 497 558 508 115 63 -1 -1
30 108 497 869 418 139 80 -1 -1
30 111 497 809 384 103 75 -1 -1
30 113 497 5 685 106 55 -1 -1
30 66 498 907 499 344 191 -1 -1
30 95 498 1053 305 101 61 -1 -1
30 100 498 411 595 123 81 -1 -1
30 101 498 545 512 111 63 -1 -1
30 108 498 846 421 133 79 -1 -1
30 111 498 806 384 106 78 -1 -1
30 113 498 5 685 106 55 -1 -1
30 114 498 790 406 117 59 -1 -1
30 66 499 991 500 287 194 -1 -1
30 95 499 1053 305 102 61 -1 -1
30 100 499 418 596 124 82 -1 -1
30 101 499 529 521 112 59 -1 -1
30 108 499 827 430 126 72 -1 -1
30 111 499 799 384 113 76 -1 -1
30 113 499 5 685 106 55 -1 -1
30 114 499 790 403 118 61 -1 -1
30 66 500 1047 511 277 190 -1 -1
30 95 500 1051 305 105 61 -1 -1
30 100 500 430 596 120 85 -1 -1
30 101 500 515 522 113 61 -1 -1
30 108 500 805 431 123 74 -1 -1
30 111 500 799 384 112 62 -1 -1
30 113 500 5 685 106 55 -1 -1
30 114 500 788 411 108 53 -1 -1
30 66 501 1106 519 288 188 -1 -1
30 95 501 1051 305 105 61 -1 -1
30 100 501 437 595 120 87 -1 -1
30 101 501 499 522 114 65 -1 -1
30 108 501 788 431 117 74 -1 -1
30 111 501 835 384 76 49 -1 -1
30 114 501 788 415 91 50 -1 -1
30 66 502 1174 501 321 221 -1 -1
30 95 502 1051 305 105 61 -1 -1
30 100 502 440 596 123 90 -1 -1
30 101 502 486 525 113 66 -1 -1
30 108 502 773 433 110 73 -1 -1
30 111 502 835 384 76 49 -1 -1
30 114 502 788 415 91 50 -1 -1
30 66 503 1253 476 347 269 -1 -1
30 95 503 1051 305 105 62 -1 -1
30 100 503 447 599 125 91 -1 -1
30 101 503 469 535 114 64 -1 -1
30 108 503 759 438 104 69 -1 -1
30 111 503 835 384 76 49 -1 -1
30 114 503 788 415 91 50 -1 -1
30 66 504 1352 512 248 237 -1 -1
30 95 504 1049 305 107 61 -1 -1
30 100 504 448 595 131 99 -1 -1
30 101 504 456 540 110 64 -1 -1
30 108 504 746 442 100 65 -1 -1
30 111 504 835 384 76 49 -1 -1
30 114 504 788 415 91 50 -1 -1
30 66 505 1470 519 130 212 -1 -1
30 95 505 1049 305 106 61 -1 -1
30 100 505 448 595 131 99 -1 -1
30 101 505 441 542 109 67 -1 -1
30 108 505 731 450 98 60 -1 -1
30 66 506 1470 519 130 212 -1 -1
30 95 506 1049 305 106 61 -1 -1
30 100 506 467 596 129 106 -1 -1
30 101 506 425 547 109 66 -1 -1
30 108 506 719 453 93 58 -1 -1
30 66 507 1470 519 130 212 -1 -1
30 95 507 1049 305 106 61 -1 -1
30 100 507 475 597 131 110 -1 -1
30 101 507 408 558 111 59 -1 -1
30 108 507 707 454 90 59 -1 -1
30 66 508 1470 519 130 212 -1 -1
30 95 508 1049 305 106 61 -1 -1
30 100 508 475 597 131 110 -1 -1
30 101 508 393 563 109 59 -1 -1
30 108 508 696 457 88 56 -1 -1
30 95 509 1049 305 106 61 -1 -1
30 100 509 487 602 144 117 -1 -1
30 101 509 377 564 109 63 -1 -1
30 108 509 686 460 83 53 -1 -1
30 95 510 1052 305 103 60 -1 -1
30 100 510 493 603 149 123 -1 -1
30 101 510 360 575 113 58 -1 -1
30 108 510 676 462 80 52 -1 -1
30 95 511 1051 305 104 61 -1 -1
30 100 511 502 603 153 129 -1 -1
30 101 511 343 579 110 59 -1 -1
30 108 511 667 463 76 52 -1 -1
30 95 512 1052 305 104 61 -1 -1
30 100 512 508 605 165 134 -1 -1
30 101 512 327 581 109 60 -1 -1
30 108 512 658 464 74 53 -1 -1
30 95 513 1052 305 103 61 -1 -1
30 100 513 519 608 169 139 -1 -1
30 101 513 309 582 109 64 -1 -1
30 108 513 648 466 72 50 -1 -1
30 95 514 1051 305 105 61 -1 -1
30 100 514 527 615 180 141 -1 -1
30 101 514 291 589 111 67 -1 -1
30 108 514 639 471 72 47 -1 -1
30 95 515 1052 305 104 61 -1 -1
30 100 515 539 616 188 152 -1 -1
30 101 515 277 597 108 62 -1 -1
30 108 515 632 469 70 49 -1 -1
30 95 516 1053 306 101 59 -1 -1
30 100 516 548 618 199 159 -1 -1
30 101 516 277 597 108 62 -1 -1
30 108 516 625 478 66 40 -1 -1
30 115 516 723 434 94 47 -1 -1
30 95 517 1053 306 101 59 -1 -1
30 100 517 560 622 211 170 -1 -1
30 101 517 241 608 110 61 -1 -1
30 108 517 619 477 62 41 -1 -1
30 115 517 723 434 94 47 -1 -1
30 95 518 1053 306 101 58 -1 -1
30 100 518 576 625 228 180 -1 -1
30 101 518 226 615 106 61 -1 -1
30 108 518 612 477 62 41 -1 -1
30 115 518 719 432 105 50 -1 -1
30 95 519 1053 306 101 58 -1 -1
30 100 519 589 632 241 189 -1 -1
30 101 519 210 617 106 61 -1 -1
30 108 519 607 479 59 41 -1 -1
30 115 519 717 433 105 49 -1 -1
30 95 520 1049 305 108 62 -1 -1
30 100 520 607 635 265 204 -1 -1
30 101 520 193 621 105 61 -1 -1
30 108 520 601 482 56 38 -1 -1
30 115 520 710 436 94 48 -1 -1
30 95 521 1049 305 108 62 -1 -1
30 100 521 626 639 282 220 -1 -1
30 101 521 193 621 105 61 -1 -1
30 108 521 592 481 59 39 -1 -1
30 115 521 709 434 95 50 -1 -1
30 95 522 1049 305 108 62 -1 -1
30 100 522 648 646 311 242 -1 -1
30 101 522 160 639 103 54 -1 -1
30 108 522 590 481 54 41 -1 -1
30 115 522 706 433 96 51 -1 -1
30 95 523 1049 305 108 62 -1 -1
30 100 523 648 646 311 242 -1 -1
30 101 523 145 644 102 53 -1 -1
30 108 523 583 482 53 40 -1 -1
30 115 523 703 435 98 51 -1 -1
30 95 524 1049 305 108 62 -1 -1
30 100 524 648 646 311 242 -1 -1
30 101 524 128 641 103 60 -1 -1
30 108 524 579 484 52 39 -1 -1
30 115 524 699 434 103 52 -1 -1
30 95 525 1049 305 108 62 -1 -1
30 100 525 648 646 311 242 -1 -1
30 101 525 111 651 101 55 -1 -1
30 108 525 575 486 50 38 -1 -1
30 115 525 695 435 103 53 -1 -1
30 95 526 1049 305 108 62 -1 -1
30 101 526 96 657 100 58 -1 -1
30 108 526 575 486 50 38 -1 -1
30 115 526 690 436 106 52 -1 -1
30 95 527 1049 305 108 62 -1 -1
30 101 527 82 660 100 59 -1 -1
30 108 527 565 485 49 40 -1 -1
30 115 527 689 437 102 52 -1 -1
30 95 528 1042 307 100 64 -1 -1
30 101 528 66 665 97 59 -1 -1
30 108 528 562 487 48 37 -1 -1
30 115 528 686 439 107 52 -1 -1
30 95 529 1042 307 100 64 -1 -1
30 101 529 50 671 98 58 -1 -1
30 108 529 557 488 48 36 -1 -1
30 115 529 680 441 109 53 -1 -1
30 95 530 1042 307 100 64 -1 -1
30 101 530 33 679 99 58 -1 -1
30 108 530 556 489 44 37 -1 -1
30 115 530 675 443 112 52 -1 -1
30 116 530 822 383 89 63 -1 -1
30 95 531 1042 307 100 64 -1 -1
30 101 531 33 679 99 58 -1 -1
30 108 531 552 486 44 40 -1 -1
30 115 531 669 444 110 52 -1 -1
30 116 531 822 383 89 63 -1 -1
30 95 532 1042 307 100 64 -1 -1
30 101 532 33 679 99 58 -1 -1
30 108 532 546 486 47 40 -1 -1
30 115 532 667 446 105 50 -1 -1
30 116 532 822 383 89 63 -1 -1
30 101 533 33 679 99 58 -1 -1
30 108 533 544 487 46 39 -1 -1
30 115 533 661 447 106 51 -1 -1
30 116 533 822 383 89 63 -1 -1
30 108 534 541 490 42 37 -1 -1
30 115 534 656 449 103 50 -1 -1
30 108 535 541 490 42 37 -1 -1
30 115 535 649 450 108 51 -1 -1
30 108 536 536 492 40 38 -1 -1
30 115 536 646 451 100 51 -1 -1
30 108 537 532 490 41 41 -1 -1
30 115 537 638 456 99 47 -1 -1
30 108 538 529 489 42 41 -1 -1
30 115 538 632 459 97 46 -1 -1
30 108 539 529 489 42 41 -1 -1
30 115 539 629 462 94 46 -1 -1
30 117 539 629 458 96 48 -1 -1
30 108 540 526 489 65 42 -1 -1
30 115 540 621 461 99 49 -1 -1
30 117 540 629 458 96 48 -1 -1
30 118 540 1051 305 104 59 -1 -1
30 119 540 823 383 88 59 -1 -1
30 108 541 525 489 51 43 -1 -1
30 115 541 618 464 95 48 -1 -1
30 117 541 629 458 96 48 -1 -1
30 118 541 1051 305 104 59 -1 -1
30 119 541 823 384 88 58 -1 -1
30 108 542 522 489 49 42 -1 -1
30 115 542 613 464 93 49 -1 -1
30 117 542 629 458 96 48 -1 -1
30 118 542 1051 305 104 59 -1 -1
30 119 542 823 384 88 58 -1 -1
30 108 543 519 487 69 46 -1 -1
30 115 543 608 467 91 47 -1 -1
30 118 543 1051 305 104 59 -1 -1
30 119 543 823 383 88 60 -1 -1
30 108 544 519 487 69 46 -1 -1
30 115 544 608 470 87 44 -1 -1
30 118 544 1051 305 104 59 -1 -1
30 119 544 822 383 89 61 -1 -1
30 120 544 603 474 84 41 -1 -1
30 108 545 519 487 69 46 -1 -1
30 115 545 627 470 59 44 -1 -1
30 118 545 1051 305 104 59 -1 -1
30 119 545 822 383 89 60 -1 -1
30 120 545 599 478 61 38 -1 -1
30 108 546 519 487 69 46 -1 -1
30 115 546 594 473 86 44 -1 -1
30 118 546 1050 305 105 60 -1 -1
30 119 546 823 383 87 60 -1 -1
30 120 546 595 477 61 40 -1 -1
30 115 547 590 475 84 42 -1 -1
30 118 547 1050 305 105 60 -1 -1
30 119 547 823 383 88 60 -1 -1
30 120 547 591 476 84 42 -1 -1
30 115 548 590 478 77 40 -1 -1
30 118 548 1050 305 105 60 -1 -1
30 119 548 822 383 89 60 -1 -1
30 120 548 591 476 84 42 -1 -1
30 115 549 584 479 74 39 -1 -1
30 118 549 1050 305 105 60 -1 -1
30 119 549 822 383 89 60 -1 -1
30 120 549 585 476 76 42 -1 -1
30 115 550 581 477 74 41 -1 -1
30 118 550 1047 305 107 61 -1 -1
30 119 550 823 383 88 62 -1 -1
30 120 550 580 482 74 37 -1 -1
30 115 551 581 477 70 42 -1 -1
30 118 551 1047 305 107 61 -1 -1
30 119 551 823 383 88 62 -1 -1
30 120 551 578 479 72 40 -1 -1
30 115 552 576 481 69 38 -1 -1
30 118 552 1049 305 106 61 -1 -1
30 119 552 824 383 87 63 -1 -1
30 120 552 578 479 72 40 -1 -1
30 115 553 574 481 65 38 -1 -1
30 118 553 1049 305 106 61 -1 -1
30 119 553 824 383 87 62 -1 -1
30 120 553 578 479 72 40 -1 -1
30 115 554 572 483 62 37 -1 -1
30 118 554 1049 306 106 60 -1 -1
30 119 554 824 383 87 62 -1 -1
30 120 554 578 479 72 40 -1 -1
30 115 555 570 483 58 37 -1 -1
30 118 555 1049 306 106 61 -1 -1
30 119 555 824 383 87 62 -1 -1
30 115 556 566 485 59 38 -1 -1
30 118 556 1049 305 106 62 -1 -1
30 119 556 824 383 87 63 -1 -1
30 115 557 564 487 57 36 -1 -1
30 118 557 1049 305 107 62 -1 -1
30 119 557 824 383 87 63 -1 -1
30 115 558 561 486 55 38 -1 -1
30 118 558 1049 305 107 62 -1 -1
30 119 558 824 383 87 63 -1 -1
30 115 559 559 488 55 36 -1 -1
30 118 559 1049 305 107 62 -1 -1
30 119 559 824 383 87 63 -1 -1
30 115 560 556 488 53 36 -1 -1
30 118 560 1049 306 106 61 -1 -1
30 119 560 824 383 87 63 -1 -1
30 115 561 555 489 51 35 -1 -1
30 118 561 1049 305 107 62 -1 -1
30 119 561 824 383 87 63 -1 -1
30 115 562 553 490 50 35 -1 -1
30 118 562 1049 305 107 62 -1 -1
30 119 562 824 383 87 63 -1 -1
30 115 563 551 490 49 35 -1 -1
30 118 563 1049 305 106 62 -1 -1
30 119 563 824 383 87 63 -1 -1
30 115 564 548 489 49 36 -1 -1
30 118 564 1048 304 107 62 -1 -1
30 119 564 823 383 88 62 -1 -1
30 115 565 546 487 49 39 -1 -1
30 118 565 1048 304 107 62 -1 -1
30 119 565 823 383 88 62 -1 -1
30 121 565 478 510 34 35 -1 -1
30 115 566 544 489 49 38 -1 -1
30 118 566 1048 304 107 62 -1 -1
30 119 566 823 383 88 62 -1 -1
30 121 566 478 510 34 35 -1 -1
30 115 567 543 492 50 34 -1 -1
30 118 567 1049 304 106 62 -1 -1
30 119 567 824 383 87 62 -1 -1
30 121 567 478 510 34 35 -1 -1
30 115 568 542 491 49 35 -1 -1
30 118 568 1048 304 107 62 -1 -1
30 119 568 824 383 87 62 -1 -1
30 121 568 478 510 34 35 -1 -1
30 115 569 538 492 49 35 -1 -1
30 118 569 1049 304 106 62 -1 -1
30 119 569 823 383 88 63 -1 -1
30 115 570 536 492 50 35 -1 -1
30 118 570 1049 304 106 62 -1 -1
30 119 570 823 383 88 62 -1 -1
30 115 571 534 494 49 32 -1 -1
30 118 571 1048 304 107 62 -1 -1
30 119 571 823 383 88 62 -1 -1
30 115 572 533 495 44 31 -1 -1
30 118 572 1049 304 106 62 -1 -1
30 119 572 823 383 88 62 -1 -1
30 115 573 531 493 43 34 -1 -1
30 118 573 1049 304 106 62 -1 -1
30 119 573 823 383 88 63 -1 -1
30 115 574 530 494 42 33 -1 -1
30 118 574 1049 304 106 62 -1 -1
30 119 574 823 383 88 62 -1 -1
30 115 575 529 494 43 34 -1 -1
30 118 575 1049 304 106 62 -1 -1
30 119 575 823 383 88 63 -1 -1
30 115 576 527 493 41 35 -1 -1
30 118 576 1049 305 106 61 -1 -1
30 119 576 824 383 87 63 -1 -1
30 115 577 527 493 40 35 -1 -1
30 118 577 1049 305 106 61 -1 -1
30 119 577 824 383 87 63 -1 -1
30 115 578 526 493 39 36 -1 -1
30 118 578 1049 305 106 61 -1 -1
30 119 578 824 383 87 63 -1 -1
30 115 579 524 493 40 36 -1 -1
30 118 579 1049 305 106 61 -1 -1
30 119 579 824 383 87 63 -1 -1
30 115 580 523 491 44 39 -1 -1
30 118 580 1049 305 106 61 -1 -1
30 119 580 824 383 87 63 -1 -1
30 115 581 520 488 69 42 -1 -1
30 118 581 1049 305 108 61 -1 -1
30 119 581 823 383 88 61 -1 -1
30 115 582 519 488 72 43 -1 -1
30 118 582 1049 305 107 61 -1 -1
30 119 582 823 383 88 61 -1 -1
30 115 583 516 488 63 44 -1 -1
30 118 583 1049 305 107 61 -1 -1
30 119 583 823 383 88 61 -1 -1
30 115 584 515 489 58 44 -1 -1
30 118 584 1049 305 108 62 -1 -1
30 119 584 823 383 88 61 -1 -1
30 115 585 515 489 59 43 -1 -1
30 118 585 1050 305 107 62 -1 -1
30 119 585 823 383 88 61 -1 -1
30 115 586 515 489 59 43 -1 -1
30 118 586 1050 305 107 62 -1 -1
30 119 586 823 383 88 61 -1 -1
30 115 587 515 489 59 43 -1 -1
30 118 587 1049 305 108 62 -1 -1
30 119 587 823 383 88 61 -1 -1
30 115 588 515 489 59 43 -1 -1
30 118 588 1051 306 105 60 -1 -1
30 119 588 822 383 89 60 -1 -1
30 118 589 1051 306 105 60 -1 -1
30 119 589 822 383 89 60 -1 -1
30 118 590 1051 306 105 60 -1 -1
30 119 590 822 383 89 60 -1 -1
30 118 591 1051 306 105 60 -1 -1
30 119 591 822 383 89 60 -1 -1
30 118 592 1051 306 105 60 -1 -1
30 119 592 822 383 89 60 -1 -1
30 118 593 1051 306 105 60 -1 -1
30 119 593 822 383 89 60 -1 -1
30 118 594 1051 306 105 60 -1 -1
30 119 594 822 383 89 60 -1 -1
30 118 595 1051 306 105 60 -1 -1
30 119 595 822 383 89 60 -1 -1
30 118 596 1051 306 105 60 -1 -1
30 119 596 821 383 90 60 -1 -1
30 118 597 1051 306 105 61 -1 -1
30 119 597 821 383 90 60 -1 -1
30 118 598 1051 306 105 61 -1 -1
30 119 598 821 383 90 60 -1 -1
30 118 599 1051 306 105 61 -1 -1
30 119 599 821 383 90 60 -1 -1
30 118 600 1050 306 106 61 -1 -1
30 119 600 821 383 90 60 -1 -1
30 118 601 1050 306 106 61 -1 -1
30 119 601 821 383 90 60 -1 -1
30 118 602 1050 306 106 61 -1 -1
30 119 602 821 383 90 60 -1 -1
30 118 603 1051 306 105 61 -1 -1
30 119 603 821 383 90 60 -1 -1
30 118 604 1051 306 105 61 -1 -1
30 119 604 821 383 90 60 -1 -1
30 118 605 1051 306 105 61 -1 -1
30 119 605 821 383 90 60 -1 -1
30 118 606 1051 306 105 61 -1 -1
30 119 606 821 383 90 60 -1 -1
30 118 607 1050 306 106 61 -1 -1
30 119 607 821 383 90 60 -1 -1
30 118 608 1050 306 106 61 -1 -1
30 119 608 821 383 90 60 -1 -1
30 118 609 1050 306 106 61 -1 -1
30 119 609 821 383 90 60 -1 -1
30 118 610 1050 306 106 61 -1 -1
30 119 610 821 383 90 60 -1 -1
30 122 610 1508 314 91 140 -1 -1
30 118 611 1050 306 106 61 -1 -1
30 119 611 821 383 90 60 -1 -1
30 122 611 1508 314 91 140 -1 -1
30 118 612 1050 306 107 60 -1 -1
30 119 612 823 383 88 62 -1 -1
30 122 612 1393 326 206 131 -1 -1
30 123 612 478 512 34 34 -1 -1
30 118 613 1050 306 107 60 -1 -1
30 119 613 823 383 88 62 -1 -1
30 122 613 1343 325 257 134 -1 -1
30 123 613 477 511 35 35 -1 -1
30 118 614 1050 306 107 60 -1 -1
30 119 614 823 383 88 62 -1 -1
30 122 614 1309 331 285 130 -1 -1
30 123 614 478 513 33 33 -1 -1
30 118 615 1050 306 107 60 -1 -1
30 119 615 823 383 88 61 -1 -1
30 122 615 1272 332 287 131 -1 -1
30 123 615 477 515 35 30 -1 -1
30 118 616 1050 306 107 61 -1 -1
30 119 616 823 383 88 61 -1 -1
30 122 616 1218 346 275 120 -1 -1
30 123 616 476 515 35 30 -1 -1
30 118 617 1050 306 108 60 -1 -1
30 119 617 823 383 88 61 -1 -1
30 122 617 1185 353 265 117 -1 -1
30 123 617 475 515 38 29 -1 -1
30 118 618 1050 306 108 61 -1 -1
30 119 618 823 383 88 62 -1 -1
30 122 618 1149 356 253 117 -1 -1
30 123 618 475 515 38 29 -1 -1
30 118 619 1049 306 110 61 -1 -1
30 119 619 823 383 88 62 -1 -1
30 122 619 1115 362 243 113 -1 -1
30 123 619 475 515 38 29 -1 -1
30 118 620 1048 306 111 61 -1 -1
30 119 620 823 383 88 62 -1 -1
30 122 620 1087 370 229 107 -1 -1
30 123 620 475 515 38 29 -1 -1
30 118 621 1049 306 111 61 -1 -1
30 119 621 823 383 88 61 -1 -1
30 122 621 1058 373 214 106 -1 -1
30 118 622 1048 305 112 63 -1 -1
30 119 622 823 383 88 61 -1 -1
30 122 622 1035 380 200 100 -1 -1
30 118 623 1047 306 112 62 -1 -1
30 119 623 823 383 88 61 -1 -1
30 122 623 1009 384 192 97 -1 -1
30 118 624 1046 306 111 60 -1 -1
30 119 624 823 383 88 61 -1 -1
30 122 624 986 390 180 94 -1 -1
30 118 625 1045 306 112 61 -1 -1
30 119 625 823 383 88 61 -1 -1
30 122 625 965 394 173 91 -1 -1
30 118 626 1047 306 110 61 -1 -1
30 119 626 823 383 88 60 -1 -1
30 122 626 946 398 162 89 -1 -1
30 118 627 1049 306 107 59 -1 -1
30 119 627 823 383 88 60 -1 -1
30 122 627 926 401 156 87 -1 -1
30 118 628 1050 306 106 59 -1 -1
30 119 628 823 383 88 60 -1 -1
30 122 628 908 407 149 83 -1 -1
30 118 629 1050 306 107 60 -1 -1
30 119 629 822 383 90 60 -1 -1
30 122 629 889 410 147 81 -1 -1
30 118 630 1050 306 107 60 -1 -1
30 119 630 823 383 89 62 -1 -1
30 122 630 873 413 139 80 -1 -1
30 118 631 1050 305 107 61 -1 -1
30 119 631 823 383 89 63 -1 -1
30 122 631 858 415 134 81 -1 -1
