23 0 0 1134 790 223 119 -1 -1
23 1 0 1552 823 118 88 -1 -1
23 2 0 1820 867 53 43 -1 -1
23 0 1 1133 789 224 120 -1 -1
23 1 1 1555 823 115 88 -1 -1
23 2 1 1820 867 53 43 -1 -1
23 3 1 1666 843 85 69 -1 -1
23 0 2 1133 788 224 121 -1 -1
23 1 2 1556 824 114 87 -1 -1
23 2 2 1820 867 53 44 -1 -1
23 3 2 1666 843 85 69 -1 -1
23 0 3 1133 790 223 119 -1 -1
23 1 3 1556 824 114 87 -1 -1
23 2 3 1820 867 53 44 -1 -1
23 3 3 1665 843 86 69 -1 -1
23 0 4 1133 787 222 122 -1 -1
23 1 4 1555 822 115 89 -1 -1
23 2 4 1819 866 54 45 -1 -1
23 3 4 1664 842 87 70 -1 -1
23 0 5 1133 789 222 120 -1 -1
23 1 5 1555 822 115 89 -1 -1
23 2 5 1819 866 54 45 -1 -1
23 3 5 1664 842 87 70 -1 -1
23 0 6 1133 788 223 121 -1 -1
23 1 6 1555 822 115 89 -1 -1
23 2 6 1820 867 53 44 -1 -1
23 3 6 1664 841 87 71 -1 -1
23 0 7 1133 787 224 122 -1 -1
23 1 7 1557 823 114 88 -1 -1
23 2 7 1820 866 53 45 -1 -1
23 3 7 1666 842 86 70 -1 -1
23 0 8 1133 788 224 121 -1 -1
23 1 8 1557 822 114 89 -1 -1
23 2 8 1820 867 53 44 -1 -1
23 3 8 1666 842 86 70 -1 -1
23 0 9 1133 786 224 123 -1 -1
23 1 9 1557 823 114 88 -1 -1
23 2 9 1820 867 53 44 -1 -1
23 3 9 1666 842 86 70 -1 -1
23 0 10 1133 790 223 119 -1 -1
23 1 10 1554 822 117 89 -1 -1
23 2 10 1819 866 53 45 -1 -1
23 3 10 1666 842 86 70 -1 -1
23 0 11 1133 791 223 118 -1 -1
23 1 11 1554 822 116 89 -1 -1
23 2 11 1819 866 53 45 -1 -1
23 3 11 1663 843 88 69 -1 -1
23 0 12 1133 786 224 123 -1 -1
23 1 12 1556 823 115 88 -1 -1
23 2 12 1819 867 53 44 -1 -1
23 3 12 1663 843 88 69 -1 -1
23 0 13 1133 784 224 125 -1 -1
23 1 13 1554 823 117 88 -1 -1
23 2 13 1820 868 52 43 -1 -1
23 3 13 1663 843 88 69 -1 -1
23 0 14 1133 779 224 130 -1 -1
23 1 14 1555 823 116 88 -1 -1
23 2 14 1820 868 52 43 -1 -1
23 3 14 1666 844 86 68 -1 -1
23 0 15 1133 781 224 128 -1 -1
23 1 15 1555 822 117 89 -1 -1
23 2 15 1820 868 52 43 -1 -1
23 3 15 1667 844 85 68 -1 -1
23 0 16 1133 785 224 124 -1 -1
23 1 16 1555 823 116 88 -1 -1
23 2 16 1820 868 53 43 -1 -1
23 3 16 1667 844 85 68 -1 -1
23 0 17 1133 792 223 117 -1 -1
23 1 17 1553 823 118 88 -1 -1
23 2 17 1820 867 52 44 -1 -1
23 3 17 1667 844 85 68 -1 -1
23 0 18 1133 789 223 120 -1 -1
23 1 18 1553 823 117 88 -1 -1
23 2 18 1819 866 53 45 -1 -1
23 3 18 1664 843 88 69 -1 -1
23 0 19 1133 789 223 120 -1 -1
23 1 19 1553 824 118 87 -1 -1
23 2 19 1819 866 53 45 -1 -1
23 3 19 1664 843 88 69 -1 -1
23 0 20 1133 784 224 125 -1 -1
23 1 20 1555 823 116 88 -1 -1
23 2 20 1820 867 53 44 -1 -1
23 3 20 1665 844 87 68 -1 -1
23 0 21 1133 781 225 128 -1 -1
23 1 21 1554 823 117 88 -1 -1
23 2 21 1820 867 53 44 -1 -1
23 3 21 1666 844 86 68 -1 -1
23 0 22 1133 782 225 127 -1 -1
23 1 22 1555 823 116 88 -1 -1
23 2 22 1820 867 53 44 -1 -1
23 3 22 1666 844 86 68 -1 -1
23 0 23 1133 784 224 125 -1 -1
23 1 23 1554 822 116 89 -1 -1
23 2 23 1820 867 53 44 -1 -1
23 3 23 1666 844 86 68 -1 -1
23 0 24 1133 782 224 127 -1 -1
23 1 24 1556 823 114 88 -1 -1
23 2 24 1820 866 53 45 -1 -1
23 3 24 1666 844 86 68 -1 -1
23 0 25 1133 783 223 126 -1 -1
23 1 25 1556 823 115 88 -1 -1
23 2 25 1820 867 53 43 -1 -1
23 3 25 1666 844 86 68 -1 -1
23 0 26 1133 781 223 128 -1 -1
23 1 26 1557 822 113 89 -1 -1
23 2 26 1820 867 53 44 -1 -1
23 0 27 1132 782 225 127 -1 -1
23 1 27 1558 823 112 88 -1 -1
23 2 27 1820 867 53 44 -1 -1
23 4 27 1665 843 87 69 -1 -1
23 0 28 1133 783 224 125 -1 -1
23 1 28 1559 823 111 88 -1 -1
23 2 28 1820 868 53 43 -1 -1
23 4 28 1665 844 87 68 -1 -1
23 0 29 1133 785 224 123 -1 -1
23 1 29 1559 823 112 88 -1 -1
23 2 29 1820 868 53 43 -1 -1
23 4 29 1665 843 87 69 -1 -1
23 0 30 1132 786 225 123 -1 -1
23 1 30 1555 823 115 88 -1 -1
23 2 30 1820 867 52 44 -1 -1
23 4 30 1664 843 88 69 -1 -1
23 0 31 1133 784 223 125 -1 -1
23 1 31 1557 823 112 88 -1 -1
23 2 31 1819 867 54 44 -1 -1
23 4 31 1664 843 88 69 -1 -1
23 0 32 1132 783 225 126 -1 -1
23 1 32 1557 823 112 88 -1 -1
23 2 32 1820 867 53 44 -1 -1
23 4 32 1664 843 88 69 -1 -1
23 0 33 1132 780 225 129 -1 -1
23 1 33 1557 823 113 88 -1 -1
23 2 33 1820 867 53 44 -1 -1
23 4 33 1664 843 88 69 -1 -1
23 0 34 1132 781 226 128 -1 -1
23 1 34 1558 823 112 88 -1 -1
23 2 34 1820 868 53 43 -1 -1
23 4 34 1665 844 87 68 -1 -1
23 0 35 1133 782 225 127 -1 -1
23 1 35 1558 824 112 87 -1 -1
23 2 35 1820 867 54 44 -1 -1
23 4 35 1665 843 87 69 -1 -1
23 0 36 1133 783 224 126 -1 -1
23 1 36 1556 822 115 89 -1 -1
23 2 36 1820 867 53 44 -1 -1
23 4 36 1665 844 87 68 -1 -1
23 0 37 1133 780 223 129 -1 -1
23 1 37 1556 822 115 89 -1 -1
23 2 37 1819 867 54 44 -1 -1
23 4 37 1664 843 88 69 -1 -1
23 0 38 1133 783 223 126 -1 -1
23 1 38 1555 822 116 89 -1 -1
23 2 38 1820 867 53 44 -1 -1
23 4 38 1664 843 88 69 -1 -1
23 0 39 1133 782 223 127 -1 -1
23 1 39 1555 822 116 89 -1 -1
23 2 39 1819 867 54 44 -1 -1
23 4 39 1664 843 88 69 -1 -1
23 0 40 1132 780 224 129 -1 -1
23 1 40 1556 822 116 89 -1 -1
23 2 40 1820 866 53 45 -1 -1
23 4 40 1665 842 87 70 -1 -1
23 0 41 1133 781 224 128 -1 -1
23 1 41 1557 823 114 88 -1 -1
23 2 41 1820 867 53 44 -1 -1
23 4 41 1666 843 86 69 -1 -1
23 0 42 1133 781 224 128 -1 -1
23 1 42 1557 823 114 88 -1 -1
23 2 42 1820 867 53 44 -1 -1
23 4 42 1666 844 86 68 -1 -1
23 0 43 1132 780 225 129 -1 -1
23 1 43 1557 823 114 88 -1 -1
23 2 43 1820 867 53 44 -1 -1
23 4 43 1666 844 86 68 -1 -1
23 0 44 1132 785 224 124 -1 -1
23 1 44 1556 821 114 90 -1 -1
23 2 44 1820 866 53 45 -1 -1
23 4 44 1666 844 86 68 -1 -1
23 0 45 1132 786 224 123 -1 -1
23 1 45 1556 822 114 89 -1 -1
23 2 45 1820 866 53 45 -1 -1
23 4 45 1666 844 86 68 -1 -1
23 0 46 1132 783 224 126 -1 -1
23 1 46 1556 821 115 89 -1 -1
23 2 46 1819 866 54 45 -1 -1
23 0 47 1133 781 224 128 -1 -1
23 1 47 1555 823 115 88 -1 -1
23 2 47 1820 867 54 44 -1 -1
23 0 48 1132 786 225 123 -1 -1
23 1 48 1555 823 116 88 -1 -1
23 2 48 1821 868 52 42 -1 -1
23 5 48 1666 844 86 68 -1 -1
23 0 49 1132 786 225 123 -1 -1
23 1 49 1556 823 115 88 -1 -1
23 2 49 1821 868 52 42 -1 -1
23 5 49 1666 844 86 68 -1 -1
23 0 50 1132 787 225 122 -1 -1
23 1 50 1553 823 118 88 -1 -1
23 2 50 1821 868 53 42 -1 -1
23 5 50 1666 844 86 68 -1 -1
23 0 51 1132 788 224 121 -1 -1
23 1 51 1555 822 115 89 -1 -1
23 2 51 1820 867 53 43 -1 -1
23 5 51 1666 844 86 68 -1 -1
23 0 52 1132 786 224 123 -1 -1
23 1 52 1555 823 115 88 -1 -1
23 2 52 1820 867 53 43 -1 -1
23 5 52 1666 844 86 68 -1 -1
23 0 53 1132 782 225 127 -1 -1
23 1 53 1555 823 115 87 -1 -1
23 2 53 1820 866 53 44 -1 -1
23 0 54 1133 780 224 129 -1 -1
23 1 54 1554 824 116 87 -1 -1
23 2 54 1821 867 53 44 -1 -1
23 0 55 1133 781 225 128 -1 -1
23 1 55 1555 824 115 87 -1 -1
23 2 55 1821 867 54 44 -1 -1
23 0 56 1133 781 225 128 -1 -1
23 1 56 1554 825 116 86 -1 -1
23 2 56 1821 867 54 44 -1 -1
23 0 57 1133 783 224 126 -1 -1
23 1 57 1554 825 115 86 -1 -1
23 2 57 1821 867 53 44 -1 -1
23 0 58 1133 785 224 124 -1 -1
23 1 58 1552 824 117 87 -1 -1
23 2 58 1820 866 54 45 -1 -1
23 0 59 1133 784 223 125 -1 -1
23 1 59 1552 824 117 87 -1 -1
23 2 59 1820 867 54 44 -1 -1
23 0 60 1133 781 224 128 -1 -1
23 1 60 1553 824 118 87 -1 -1
23 2 60 1820 866 53 44 -1 -1
23 6 60 1666 842 85 70 -1 -1
23 0 61 1133 779 224 130 -1 -1
23 1 61 1554 824 117 87 -1 -1
23 2 61 1821 866 53 44 -1 -1
23 6 61 1666 843 86 69 -1 -1
23 0 62 1133 779 224 130 -1 -1
23 1 62 1554 824 117 87 -1 -1
23 2 62 1821 866 53 44 -1 -1
23 6 62 1666 843 86 69 -1 -1
23 0 63 1133 778 223 131 -1 -1
23 1 63 1557 824 113 87 -1 -1
23 2 63 1820 866 53 43 -1 -1
23 6 63 1666 843 86 69 -1 -1
23 0 64 1133 777 223 132 -1 -1
23 1 64 1555 822 115 89 -1 -1
23 2 64 1820 866 53 44 -1 -1
23 6 64 1666 843 86 69 -1 -1
23 7 64 909 1081 430 337 -1 -1
23 0 65 1133 779 223 130 -1 -1
23 1 65 1554 822 116 89 -1 -1
23 2 65 1820 865 53 45 -1 -1
23 6 65 1665 842 86 69 -1 -1
23 7 65 1007 1065 382 312 -1 -1
23 8 65 1010 1064 375 300 -1 -1
23 0 66 1133 780 223 129 -1 -1
23 1 66 1554 822 117 89 -1 -1
23 2 66 1820 865 53 45 -1 -1
23 6 66 1665 842 86 69 -1 -1
23 7 66 1090 1061 351 279 -1 -1
23 8 66 1101 1057 336 221 -1 -1
23 0 67 1133 777 223 132 -1 -1
23 1 67 1555 823 115 88 -1 -1
23 2 67 1820 866 53 44 -1 -1
23 6 67 1665 842 86 69 -1 -1
23 7 67 1090 1061 351 279 -1 -1
23 8 67 1101 1057 336 221 -1 -1
23 0 68 1133 777 224 132 -1 -1
23 1 68 1555 824 115 87 -1 -1
23 2 68 1820 866 53 45 -1 -1
23 6 68 1666 843 85 69 -1 -1
23 7 68 1232 1035 294 239 -1 -1
23 8 68 1101 1057 336 221 -1 -1
23 0 69 1133 777 224 132 -1 -1
23 1 69 1555 824 114 87 -1 -1
23 2 69 1820 866 53 44 -1 -1
23 6 69 1666 843 85 69 -1 -1
23 7 69 1232 1035 294 239 -1 -1
23 8 69 1101 1057 336 221 -1 -1
23 0 70 1133 779 224 130 -1 -1
23 1 70 1557 824 112 87 -1 -1
23 2 70 1820 866 53 45 -1 -1
23 6 70 1666 843 85 69 -1 -1
23 7 70 1339 1021 251 208 -1 -1
23 0 71 1133 780 223 128 -1 -1
23 1 71 1557 822 112 89 -1 -1
23 2 71 1819 866 54 44 -1 -1
23 6 71 1666 843 85 69 -1 -1
23 7 71 1379 1012 242 193 -1 -1
23 0 72 1133 783 223 125 -1 -1
23 1 72 1555 821 114 90 -1 -1
23 2 72 1820 865 53 45 -1 -1
23 6 72 1666 843 85 69 -1 -1
23 7 72 1414 1007 235 185 -1 -1
23 0 73 1134 783 221 126 -1 -1
23 1 73 1557 821 112 90 -1 -1
23 2 73 1820 865 52 46 -1 -1
23 7 73 1454 999 216 173 -1 -1
23 0 74 1133 782 223 127 -1 -1
23 1 74 1557 821 113 90 -1 -1
23 2 74 1820 866 53 45 -1 -1
23 7 74 1486 997 205 164 -1 -1
23 0 75 1134 783 223 126 -1 -1
23 1 75 1558 822 111 89 -1 -1
23 2 75 1820 866 53 46 -1 -1
23 7 75 1516 994 196 158 -1 -1
23 0 76 1134 784 223 125 -1 -1
23 1 76 1559 822 110 89 -1 -1
23 2 76 1820 866 53 45 -1 -1
23 7 76 1541 990 188 154 -1 -1
23 0 77 1133 783 223 126 -1 -1
23 1 77 1558 822 112 89 -1 -1
23 2 77 1820 865 53 45 -1 -1
23 7 77 1565 982 178 145 -1 -1
23 0 78 1134 785 222 124 -1 -1
23 1 78 1558 822 112 89 -1 -1
23 2 78 1819 864 54 47 -1 -1
23 7 78 1589 983 172 135 -1 -1
23 0 79 1134 784 222 125 -1 -1
23 1 79 1558 821 112 90 -1 -1
23 2 79 1819 863 54 47 -1 -1
23 7 79 1609 980 166 131 -1 -1
23 0 80 1134 782 222 127 -1 -1
23 1 80 1558 821 112 89 -1 -1
23 2 80 1819 864 54 47 -1 -1
23 7 80 1629 978 159 127 -1 -1
23 0 81 1133 778 224 131 -1 -1
23 1 81 1559 822 112 89 -1 -1
23 2 81 1820 865 53 46 -1 -1
23 7 81 1648 975 154 123 -1 -1
23 0 82 1133 779 224 130 -1 -1
23 1 82 1559 823 112 88 -1 -1
23 2 82 1820 865 53 46 -1 -1
23 7 82 1665 973 149 120 -1 -1
23 0 83 1133 781 224 128 -1 -1
23 1 83 1559 823 111 88 -1 -1
23 2 83 1819 866 54 45 -1 -1
23 7 83 1681 969 143 118 -1 -1
23 0 84 1134 784 222 125 -1 -1
23 1 84 1560 823 111 87 -1 -1
23 2 84 1818 864 55 47 -1 -1
23 7 84 1695 968 137 114 -1 -1
23 0 85 1134 785 222 124 -1 -1
23 1 85 1559 823 112 87 -1 -1
23 2 85 1819 864 54 46 -1 -1
23 7 85 1710 968 131 109 -1 -1
23 0 86 1134 782 222 127 -1 -1
23 1 86 1559 824 112 86 -1 -1
23 2 86 1819 864 54 46 -1 -1
23 7 86 1722 967 132 104 -1 -1
23 0 87 1134 781 222 128 -1 -1
23 1 87 1560 824 112 87 -1 -1
23 2 87 1818 863 56 48 -1 -1
23 7 87 1735 966 126 99 -1 -1
23 0 88 1133 781 224 128 -1 -1
23 1 88 1559 824 112 87 -1 -1
23 2 88 1816 863 57 49 -1 -1
23 7 88 1748 965 121 97 -1 -1
23 0 89 1134 780 223 129 -1 -1
23 1 89 1559 824 113 87 -1 -1
23 2 89 1817 864 57 47 -1 -1
23 7 89 1756 963 119 95 -1 -1
23 0 90 1134 782 223 126 -1 -1
23 1 90 1559 824 113 87 -1 -1
23 2 90 1817 864 57 47 -1 -1
23 7 90 1764 962 118 93 -1 -1
23 0 91 1133 783 223 125 -1 -1
23 1 91 1559 823 112 88 -1 -1
23 2 91 1817 864 56 47 -1 -1
23 7 91 1775 962 113 90 -1 -1
23 0 92 1133 783 222 126 -1 -1
23 1 92 1559 823 113 88 -1 -1
23 2 92 1819 864 54 46 -1 -1
23 7 92 1785 959 106 88 -1 -1
23 0 93 1133 780 223 129 -1 -1
23 1 93 1559 823 112 88 -1 -1
23 2 93 1819 864 54 47 -1 -1
23 7 93 1793 961 105 85 -1 -1
23 0 94 1133 779 224 130 -1 -1
23 1 94 1560 822 113 89 -1 -1
23 2 94 1819 864 54 46 -1 -1
23 7 94 1801 959 105 83 -1 -1
23 0 95 1134 776 223 133 -1 -1
23 1 95 1560 823 112 88 -1 -1
23 2 95 1819 864 54 46 -1 -1
23 7 95 1810 959 100 81 -1 -1
23 0 96 1133 776 224 133 -1 -1
23 1 96 1560 823 113 88 -1 -1
23 2 96 1819 864 54 46 -1 -1
23 7 96 1816 957 100 79 -1 -1
23 0 97 1133 776 224 133 -1 -1
23 1 97 1560 822 112 89 -1 -1
23 2 97 1819 864 54 46 -1 -1
23 7 97 1816 957 100 79 -1 -1
23 0 98 1133 781 223 128 -1 -1
23 1 98 1559 822 113 89 -1 -1
23 7 98 1830 954 94 76 -1 -1
23 0 99 1133 780 223 129 -1 -1
23 1 99 1559 822 113 89 -1 -1
23 7 99 1830 954 94 76 -1 -1
23 0 100 1133 776 223 133 -1 -1
23 1 100 1560 822 113 89 -1 -1
23 7 100 1830 954 94 76 -1 -1
23 0 101 1133 777 224 132 -1 -1
23 1 101 1558 823 115 88 -1 -1
23 7 101 1849 955 89 71 -1 -1
23 9 101 1817 864 56 47 -1 -1
23 0 102 1133 776 224 132 -1 -1
23 1 102 1558 824 114 87 -1 -1
23 7 102 1856 952 85 73 -1 -1
23 9 102 1819 865 54 46 -1 -1
23 0 103 1133 775 224 133 -1 -1
23 1 103 1558 824 114 87 -1 -1
23 7 103 1856 952 85 73 -1 -1
23 9 103 1818 864 55 47 -1 -1
23 0 104 1133 781 223 128 -1 -1
23 1 104 1558 823 114 88 -1 -1
23 7 104 1856 952 85 73 -1 -1
23 9 104 1815 863 58 48 -1 -1
23 0 105 1133 783 223 126 -1 -1
23 1 105 1559 823 114 88 -1 -1
23 7 105 1856 952 85 73 -1 -1
23 9 105 1816 863 57 48 -1 -1
23 0 106 1133 783 223 126 -1 -1
23 1 106 1559 823 114 88 -1 -1
23 9 106 1816 863 57 48 -1 -1
23 0 107 1133 782 223 126 -1 -1
23 1 107 1560 822 113 89 -1 -1
23 9 107 1817 863 56 48 -1 -1
23 0 108 1133 779 224 129 -1 -1
23 1 108 1560 824 112 87 -1 -1
23 9 108 1818 862 55 49 -1 -1
23 0 109 1133 780 224 128 -1 -1
23 1 109 1560 823 112 88 -1 -1
23 9 109 1818 862 55 49 -1 -1
23 0 110 1133 780 224 128 -1 -1
23 1 110 1560 823 112 88 -1 -1
23 9 110 1818 862 55 48 -1 -1
23 0 111 1133 785 224 124 -1 -1
23 1 111 1560 823 112 88 -1 -1
23 9 111 1817 861 56 49 -1 -1
23 0 112 1133 782 223 127 -1 -1
23 1 112 1560 822 112 89 -1 -1
23 9 112 1819 863 54 47 -1 -1
23 10 112 1664 843 87 68 -1 -1
23 0 113 1133 779 224 130 -1 -1
23 1 113 1555 822 116 89 -1 -1
23 9 113 1820 866 53 44 -1 -1
23 10 113 1664 843 87 68 -1 -1
23 0 114 1133 780 224 129 -1 -1
23 1 114 1556 823 115 88 -1 -1
23 9 114 1820 866 53 44 -1 -1
23 10 114 1664 843 87 68 -1 -1
23 0 115 1133 779 225 130 -1 -1
23 1 115 1557 823 114 89 -1 -1
23 9 115 1821 866 52 44 -1 -1
23 10 115 1664 843 87 68 -1 -1
23 0 116 1132 780 226 129 -1 -1
23 1 116 1555 824 116 88 -1 -1
23 9 116 1821 866 52 44 -1 -1
23 0 117 1133 783 224 126 -1 -1
23 1 117 1555 823 116 88 -1 -1
23 9 117 1821 865 52 45 -1 -1
23 0 118 1133 782 224 127 -1 -1
23 1 118 1556 822 114 89 -1 -1
23 9 118 1819 865 53 45 -1 -1
23 0 119 1133 781 223 128 -1 -1
23 1 119 1555 822 115 89 -1 -1
23 9 119 1820 865 52 45 -1 -1
23 0 120 1133 784 223 125 -1 -1
23 1 120 1555 824 115 87 -1 -1
23 9 120 1820 865 53 45 -1 -1
23 0 121 1133 780 224 129 -1 -1
23 1 121 1555 825 116 86 -1 -1
23 9 121 1820 866 53 44 -1 -1
23 0 122 1133 778 224 131 -1 -1
23 1 122 1555 825 115 86 -1 -1
23 9 122 1821 868 52 43 -1 -1
23 0 123 1133 777 224 132 -1 -1
23 1 123 1554 825 116 86 -1 -1
23 9 123 1821 868 52 43 -1 -1
23 0 124 1132 780 225 129 -1 -1
23 1 124 1554 825 117 86 -1 -1
23 9 124 1820 866 53 44 -1 -1
23 0 125 1132 780 224 129 -1 -1
23 1 125 1555 824 116 87 -1 -1
23 9 125 1819 866 54 44 -1 -1
23 0 126 1132 780 223 129 -1 -1
23 1 126 1555 824 116 87 -1 -1
23 9 126 1820 866 53 44 -1 -1
23 0 127 1132 780 223 129 -1 -1
23 1 127 1556 825 115 86 -1 -1
23 9 127 1820 866 53 44 -1 -1
23 0 128 1132 783 225 126 -1 -1
23 1 128 1557 825 115 86 -1 -1
23 9 128 1820 866 53 44 -1 -1
23 0 129 1132 782 225 127 -1 -1
23 1 129 1558 826 114 85 -1 -1
23 9 129 1821 866 52 44 -1 -1
23 0 130 1132 781 225 128 -1 -1
23 1 130 1557 826 115 85 -1 -1
23 9 130 1821 866 52 44 -1 -1
23 0 131 1133 781 224 128 -1 -1
23 1 131 1558 824 113 87 -1 -1
23 9 131 1820 866 53 44 -1 -1
23 0 132 1133 783 223 126 -1 -1
23 1 132 1557 825 115 86 -1 -1
23 9 132 1820 867 53 43 -1 -1
23 0 133 1133 783 223 126 -1 -1
23 1 133 1557 825 115 86 -1 -1
23 9 133 1820 867 53 43 -1 -1
23 0 134 1132 780 224 129 -1 -1
23 1 134 1558 824 114 87 -1 -1
23 9 134 1821 867 53 43 -1 -1
23 0 135 1133 783 224 126 -1 -1
23 1 135 1561 823 110 87 -1 -1
23 9 135 1820 867 52 44 -1 -1
23 0 136 1133 782 223 127 -1 -1
23 1 136 1561 823 110 87 -1 -1
23 9 136 1820 867 52 44 -1 -1
23 0 137 1133 782 223 127 -1 -1
23 1 137 1561 824 110 86 -1 -1
23 9 137 1820 867 52 44 -1 -1
23 0 138 1133 784 223 125 -1 -1
23 1 138 1561 823 110 88 -1 -1
23 9 138 1820 867 52 43 -1 -1
23 0 139 1133 784 223 125 -1 -1
23 1 139 1561 823 110 88 -1 -1
23 9 139 1820 867 52 43 -1 -1
23 0 140 1133 784 223 125 -1 -1
23 1 140 1561 823 110 88 -1 -1
23 9 140 1820 867 52 43 -1 -1
23 11 140 695 1091 602 419 -1 -1
23 0 141 1133 784 223 125 -1 -1
23 1 141 1561 822 111 88 -1 -1
23 9 141 1820 867 52 43 -1 -1
23 11 141 845 1083 499 366 -1 -1
23 0 142 1133 782 223 127 -1 -1
23 1 142 1560 823 111 87 -1 -1
23 9 142 1820 867 51 44 -1 -1
23 11 142 964 1070 453 320 -1 -1
23 0 143 1133 783 223 126 -1 -1
23 1 143 1560 823 111 87 -1 -1
23 9 143 1820 867 51 44 -1 -1
23 11 143 1062 1058 399 293 -1 -1
23 12 143 1068 1059 387 254 -1 -1
23 0 144 1133 782 223 127 -1 -1
23 1 144 1559 824 113 86 -1 -1
23 9 144 1819 867 52 44 -1 -1
23 11 144 1150 1048 353 264 -1 -1
23 12 144 1068 1059 387 254 -1 -1
23 0 145 1133 789 223 120 -1 -1
23 1 145 1554 824 117 87 -1 -1
23 9 145 1820 866 51 44 -1 -1
23 11 145 1220 1035 321 241 -1 -1
23 12 145 1068 1059 387 254 -1 -1
23 0 146 1133 788 223 121 -1 -1
23 1 146 1554 824 117 87 -1 -1
23 9 146 1820 866 52 44 -1 -1
23 11 146 1279 1026 297 224 -1 -1
23 12 146 1068 1059 387 254 -1 -1
23 0 147 1133 788 223 121 -1 -1
23 1 147 1554 824 117 87 -1 -1
23 9 147 1820 866 51 43 -1 -1
23 11 147 1335 1020 269 212 -1 -1
23 0 148 1133 786 223 123 -1 -1
23 1 148 1554 825 117 86 -1 -1
23 9 148 1820 866 52 43 -1 -1
23 11 148 1379 1010 258 198 -1 -1
23 0 149 1133 788 223 121 -1 -1
23 1 149 1555 825 117 86 -1 -1
23 9 149 1820 866 52 43 -1 -1
23 11 149 1419 1008 241 185 -1 -1
23 0 150 1133 788 223 121 -1 -1
23 1 150 1555 825 116 86 -1 -1
23 9 150 1820 866 52 43 -1 -1
23 11 150 1463 1000 222 172 -1 -1
23 0 151 1133 788 223 121 -1 -1
23 1 151 1555 824 116 87 -1 -1
23 9 151 1820 866 52 43 -1 -1
23 11 151 1494 996 211 167 -1 -1
23 0 152 1133 788 222 121 -1 -1
23 1 152 1557 824 115 87 -1 -1
23 9 152 1820 865 52 44 -1 -1
23 11 152 1523 991 203 156 -1 -1
23 0 153 1133 789 222 120 -1 -1
23 1 153 1558 825 115 85 -1 -1
23 9 153 1820 865 51 44 -1 -1
23 11 153 1551 986 192 150 -1 -1
23 0 154 1133 787 223 122 -1 -1
23 1 154 1556 825 116 85 -1 -1
23 9 154 1820 866 52 43 -1 -1
23 11 154 1579 982 183 142 -1 -1
23 0 155 1134 783 223 126 -1 -1
23 1 155 1553 824 117 86 -1 -1
23 9 155 1821 867 51 42 -1 -1
23 11 155 1601 981 175 133 -1 -1
23 0 156 1133 780 224 129 -1 -1
23 1 156 1558 824 112 86 -1 -1
23 9 156 1821 868 51 41 -1 -1
23 11 156 1625 979 165 127 -1 -1
23 0 157 1133 780 223 129 -1 -1
23 1 157 1558 824 112 86 -1 -1
23 9 157 1821 869 51 41 -1 -1
23 11 157 1642 977 162 124 -1 -1
23 0 158 1133 781 222 128 -1 -1
23 1 158 1557 824 113 86 -1 -1
23 9 158 1820 867 52 42 -1 -1
23 11 158 1661 973 154 121 -1 -1
23 0 159 1133 781 222 128 -1 -1
23 1 159 1557 823 112 87 -1 -1
23 9 159 1820 867 52 43 -1 -1
23 11 159 1679 970 147 116 -1 -1
23 0 160 1133 782 222 127 -1 -1
23 1 160 1557 824 113 86 -1 -1
23 9 160 1820 867 52 43 -1 -1
23 11 160 1697 972 139 110 -1 -1
23 0 161 1133 781 223 128 -1 -1
23 1 161 1558 823 113 87 -1 -1
23 9 161 1820 868 52 42 -1 -1
23 11 161 1710 969 136 106 -1 -1
23 0 162 1133 781 224 128 -1 -1
23 1 162 1556 823 115 88 -1 -1
23 9 162 1820 868 52 42 -1 -1
23 11 162 1725 967 132 103 -1 -1
23 0 163 1133 781 224 128 -1 -1
23 1 163 1556 823 115 88 -1 -1
23 9 163 1820 868 52 42 -1 -1
23 11 163 1738 965 125 98 -1 -1
23 0 164 1133 781 224 128 -1 -1
23 1 164 1556 823 115 88 -1 -1
23 9 164 1820 868 52 42 -1 -1
23 11 164 1748 963 123 96 -1 -1
23 0 165 1133 779 224 130 -1 -1
23 1 165 1557 823 114 87 -1 -1
23 9 165 1820 868 52 42 -1 -1
23 11 165 1759 966 120 89 -1 -1
23 0 166 1133 779 223 130 -1 -1
23 1 166 1556 823 115 87 -1 -1
23 9 166 1820 868 52 42 -1 -1
23 11 166 1769 961 116 90 -1 -1
23 0 167 1133 779 223 130 -1 -1
23 1 167 1556 823 115 87 -1 -1
23 9 167 1820 868 52 42 -1 -1
23 11 167 1780 961 111 87 -1 -1
23 0 168 1133 779 223 130 -1 -1
23 1 168 1556 823 115 88 -1 -1
23 9 168 1820 868 53 42 -1 -1
23 11 168 1789 960 110 84 -1 -1
23 0 169 1133 780 223 129 -1 -1
23 1 169 1555 824 116 87 -1 -1
23 9 169 1820 868 53 42 -1 -1
23 11 169 1799 961 105 79 -1 -1
23 0 170 1133 779 223 130 -1 -1
23 1 170 1557 823 114 88 -1 -1
23 9 170 1821 868 52 42 -1 -1
23 11 170 1807 959 102 78 -1 -1
23 0 171 1133 779 223 130 -1 -1
23 1 171 1557 823 114 88 -1 -1
23 9 171 1821 868 52 42 -1 -1
23 11 171 1816 958 100 76 -1 -1
23 0 172 1133 778 223 131 -1 -1
23 1 172 1554 823 117 88 -1 -1
23 9 172 1820 867 52 42 -1 -1
23 11 172 1823 959 98 71 -1 -1
23 0 173 1133 777 223 132 -1 -1
23 1 173 1556 823 115 88 -1 -1
23 9 173 1820 867 52 43 -1 -1
23 11 173 1823 959 98 71 -1 -1
23 0 174 1133 779 222 130 -1 -1
23 1 174 1556 823 115 88 -1 -1
23 9 174 1820 867 52 43 -1 -1
23 11 174 1837 957 94 69 -1 -1
23 0 175 1133 778 223 131 -1 -1
23 1 175 1557 823 114 88 -1 -1
23 9 175 1820 867 52 43 -1 -1
23 11 175 1845 957 88 67 -1 -1
23 0 176 1133 778 223 131 -1 -1
23 1 176 1555 823 116 88 -1 -1
23 9 176 1820 867 52 43 -1 -1
23 11 176 1851 956 88 67 -1 -1
23 0 177 1133 778 223 131 -1 -1
23 1 177 1555 823 116 88 -1 -1
23 9 177 1820 867 52 43 -1 -1
23 11 177 1856 954 86 67 -1 -1
23 0 178 1133 780 223 129 -1 -1
23 1 178 1556 823 114 88 -1 -1
23 9 178 1820 868 52 42 -1 -1
23 11 178 1861 952 84 65 -1 -1
23 0 179 1133 776 223 133 -1 -1
23 1 179 1554 823 117 88 -1 -1
23 9 179 1820 867 53 43 -1 -1
23 11 179 1867 952 84 64 -1 -1
23 0 180 1133 776 223 133 -1 -1
23 1 180 1557 823 114 88 -1 -1
23 9 180 1820 867 52 42 -1 -1
23 11 180 1873 951 81 63 -1 -1
23 0 181 1133 778 223 131 -1 -1
23 1 181 1557 823 114 88 -1 -1
23 9 181 1820 867 53 42 -1 -1
23 11 181 1877 949 80 63 -1 -1
23 0 182 1133 777 223 132 -1 -1
23 1 182 1557 823 114 88 -1 -1
23 9 182 1820 868 52 41 -1 -1
23 11 182 1881 946 80 62 -1 -1
23 0 183 1133 777 223 132 -1 -1
23 1 183 1557 823 114 88 -1 -1
23 9 183 1820 868 52 41 -1 -1
23 11 183 1885 946 77 59 -1 -1
23 0 184 1133 776 223 133 -1 -1
23 1 184 1557 823 114 88 -1 -1
23 9 184 1820 868 52 41 -1 -1
23 11 184 1891 946 75 57 -1 -1
23 0 185 1133 778 223 131 -1 -1
23 1 185 1558 823 113 88 -1 -1
23 9 185 1820 868 52 41 -1 -1
23 11 185 1893 945 75 58 -1 -1
23 0 186 1133 777 223 132 -1 -1
23 1 186 1557 823 114 88 -1 -1
23 9 186 1820 867 53 42 -1 -1
23 11 186 1897 945 75 58 -1 -1
23 0 187 1133 776 223 133 -1 -1
23 1 187 1557 823 114 88 -1 -1
23 9 187 1820 867 53 42 -1 -1
23 11 187 1905 944 70 56 -1 -1
23 0 188 1134 779 223 130 -1 -1
23 1 188 1557 822 114 89 -1 -1
23 9 188 1820 866 52 43 -1 -1
23 11 188 1907 942 69 57 -1 -1
23 0 189 1134 779 223 130 -1 -1
23 1 189 1557 822 114 89 -1 -1
23 9 189 1820 867 52 42 -1 -1
23 11 189 1910 940 69 57 -1 -1
23 0 190 1134 780 223 129 -1 -1
23 1 190 1556 822 115 89 -1 -1
23 9 190 1820 867 52 42 -1 -1
23 11 190 1913 940 68 57 -1 -1
23 0 191 1134 781 222 128 -1 -1
23 1 191 1555 822 116 88 -1 -1
23 9 191 1820 867 53 42 -1 -1
23 11 191 1917 939 67 56 -1 -1
23 0 192 1134 782 223 127 -1 -1
23 1 192 1555 824 117 86 -1 -1
23 9 192 1820 867 53 43 -1 -1
23 11 192 1921 940 65 54 -1 -1
23 0 193 1134 781 223 128 -1 -1
23 1 193 1555 824 117 86 -1 -1
23 9 193 1820 866 53 44 -1 -1
23 11 193 1922 938 66 55 -1 -1
23 0 194 1134 783 223 126 -1 -1
23 1 194 1556 824 116 87 -1 -1
23 9 194 1820 867 53 43 -1 -1
23 11 194 1922 938 66 55 -1 -1
23 13 194 791 1048 604 358 -1 -1
23 0 195 1134 782 223 127 -1 -1
23 1 195 1557 824 115 86 -1 -1
23 9 195 1820 867 53 43 -1 -1
23 11 195 1922 938 66 55 -1 -1
23 13 195 923 1062 506 299 -1 -1
23 0 196 1134 783 223 126 -1 -1
23 1 196 1557 824 115 86 -1 -1
23 9 196 1820 867 53 43 -1 -1
23 11 196 1922 938 66 55 -1 -1
23 13 196 1034 1040 443 276 -1 -1
23 0 197 1134 783 223 126 -1 -1
23 1 197 1555 824 117 86 -1 -1
23 9 197 1820 867 53 42 -1 -1
23 13 197 1122 1030 390 257 -1 -1
23 0 198 1133 777 223 132 -1 -1
23 1 198 1559 825 113 85 -1 -1
23 9 198 1820 867 53 42 -1 -1
23 13 198 1202 1022 355 236 -1 -1
23 14 198 1937 936 62 51 -1 -1
23 0 199 1133 778 223 131 -1 -1
23 1 199 1558 825 114 85 -1 -1
23 9 199 1820 867 53 42 -1 -1
23 13 199 1271 1012 319 220 -1 -1
23 14 199 1937 936 62 51 -1 -1
23 0 200 1133 777 223 131 -1 -1
23 1 200 1558 825 114 85 -1 -1
23 9 200 1820 867 53 42 -1 -1
23 13 200 1329 1006 297 199 -1 -1
23 14 200 1940 935 61 51 -1 -1
23 0 201 1134 778 222 130 -1 -1
23 1 201 1559 825 113 85 -1 -1
23 9 201 1820 867 53 42 -1 -1
23 13 201 1382 1001 272 188 -1 -1
23 14 201 1940 935 61 51 -1 -1
23 0 202 1133 777 223 132 -1 -1
23 1 202 1559 825 114 85 -1 -1
23 9 202 1821 867 52 42 -1 -1
23 13 202 1422 995 256 170 -1 -1
23 14 202 1945 934 58 49 -1 -1
23 0 203 1134 779 222 130 -1 -1
23 1 203 1559 825 113 85 -1 -1
23 9 203 1820 867 53 42 -1 -1
23 13 203 1468 991 232 163 -1 -1
23 14 203 1945 934 58 49 -1 -1
23 0 204 1134 785 222 123 -1 -1
23 1 204 1560 824 112 86 -1 -1
23 9 204 1820 867 53 42 -1 -1
23 13 204 1502 985 218 158 -1 -1
23 14 204 1945 934 58 49 -1 -1
23 15 204 1666 845 84 66 -1 -1
23 0 205 1134 785 222 123 -1 -1
23 1 205 1559 824 112 86 -1 -1
23 9 205 1820 867 53 42 -1 -1
23 13 205 1502 985 218 158 -1 -1
23 14 205 1945 934 58 49 -1 -1
23 15 205 1666 845 84 66 -1 -1
23 0 206 1134 785 222 123 -1 -1
23 1 206 1559 824 112 86 -1 -1
23 9 206 1820 867 53 42 -1 -1
23 13 206 1565 979 190 140 -1 -1
23 15 206 1666 845 84 66 -1 -1
23 0 207 1134 786 222 122 -1 -1
23 1 207 1560 825 112 85 -1 -1
23 9 207 1820 867 53 42 -1 -1
23 13 207 1588 976 186 133 -1 -1
23 15 207 1666 845 84 66 -1 -1
23 0 208 1134 788 222 120 -1 -1
23 1 208 1555 825 116 85 -1 -1
23 9 208 1820 868 53 41 -1 -1
23 13 208 1614 972 173 132 -1 -1
23 15 208 1666 845 84 67 -1 -1
23 0 209 1134 789 222 119 -1 -1
23 1 209 1555 825 115 85 -1 -1
23 9 209 1820 868 53 41 -1 -1
23 13 209 1633 970 168 126 -1 -1
23 15 209 1666 845 85 67 -1 -1
23 0 210 1134 788 222 120 -1 -1
23 1 210 1556 825 114 85 -1 -1
23 9 210 1820 868 53 41 -1 -1
23 13 210 1657 969 155 120 -1 -1
23 15 210 1666 845 84 66 -1 -1
23 0 211 1134 788 221 120 -1 -1
23 1 211 1554 824 117 86 -1 -1
23 9 211 1820 868 53 41 -1 -1
23 13 211 1657 969 155 120 -1 -1
23 15 211 1666 845 84 66 -1 -1
23 0 212 1135 787 220 121 -1 -1
23 1 212 1554 824 116 86 -1 -1
23 9 212 1820 867 53 42 -1 -1
23 13 212 1692 966 144 110 -1 -1
23 15 212 1666 845 84 66 -1 -1
23 0 213 1134 788 221 120 -1 -1
23 1 213 1554 825 116 85 -1 -1
23 9 213 1820 867 53 43 -1 -1
23 13 213 1705 965 140 107 -1 -1
23 15 213 1666 845 84 66 -1 -1
23 0 214 1134 786 222 123 -1 -1
23 1 214 1554 824 117 86 -1 -1
23 9 214 1820 868 53 42 -1 -1
23 13 214 1705 965 140 107 -1 -1
23 0 215 1134 785 222 124 -1 -1
23 1 215 1554 824 117 86 -1 -1
23 9 215 1820 868 52 42 -1 -1
23 13 215 1736 959 130 102 -1 -1
23 0 216 1133 784 224 125 -1 -1
23 1 216 1557 824 114 86 -1 -1
23 9 216 1819 868 53 42 -1 -1
23 13 216 1747 957 126 99 -1 -1
23 0 217 1133 786 223 123 -1 -1
23 1 217 1556 824 115 86 -1 -1
23 9 217 1820 868 52 42 -1 -1
23 13 217 1758 956 122 96 -1 -1
23 0 218 1133 785 224 124 -1 -1
23 1 218 1556 824 115 86 -1 -1
23 9 218 1820 868 52 42 -1 -1
23 13 218 1769 958 118 90 -1 -1
23 16 218 1978 929 51 42 -1 -1
23 0 219 1133 783 224 126 -1 -1
23 1 219 1555 824 116 86 -1 -1
23 9 219 1820 868 53 42 -1 -1
23 13 219 1780 957 115 88 -1 -1
23 16 219 1978 929 51 42 -1 -1
23 0 220 1133 784 223 125 -1 -1
23 1 220 1556 823 116 87 -1 -1
23 9 220 1820 868 53 41 -1 -1
23 13 220 1790 955 111 86 -1 -1
23 16 220 1979 927 51 43 -1 -1
23 0 221 1133 784 223 125 -1 -1
23 1 221 1555 823 117 88 -1 -1
23 9 221 1820 868 53 41 -1 -1
23 13 221 1798 955 108 84 -1 -1
23 16 221 1980 928 52 41 -1 -1
23 0 222 1133 783 223 126 -1 -1
23 1 222 1556 823 116 88 -1 -1
23 9 222 1821 868 52 41 -1 -1
23 13 222 1808 954 106 79 -1 -1
23 16 222 1980 928 52 41 -1 -1
23 0 223 1133 782 223 127 -1 -1
23 1 223 1555 824 117 87 -1 -1
23 9 223 1821 868 52 41 -1 -1
23 13 223 1818 952 104 79 -1 -1
23 16 223 1980 927 54 41 -1 -1
23 0 224 1133 783 223 126 -1 -1
23 1 224 1555 823 116 88 -1 -1
23 9 224 1821 868 52 41 -1 -1
23 13 224 1827 952 99 75 -1 -1
23 16 224 1983 929 51 37 -1 -1
23 0 225 1133 785 223 124 -1 -1
23 1 225 1554 823 118 87 -1 -1
23 9 225 1821 868 52 41 -1 -1
23 13 225 1834 952 101 74 -1 -1
23 16 225 1985 930 51 35 -1 -1
23 0 226 1133 785 223 124 -1 -1
23 1 226 1554 823 118 87 -1 -1
23 9 226 1821 867 52 41 -1 -1
23 13 226 1839 952 97 70 -1 -1
23 16 226 1988 928 51 36 -1 -1
23 17 226 1989 934 49 35 -1 -1
23 0 227 1133 783 223 126 -1 -1
23 1 227 1555 823 116 88 -1 -1
23 9 227 1820 867 53 40 -1 -1
23 13 227 1846 952 93 68 -1 -1
23 16 227 1989 927 49 36 -1 -1
23 17 227 1990 933 48 36 -1 -1
23 0 228 1133 785 223 124 -1 -1
23 1 228 1557 824 115 87 -1 -1
23 9 228 1820 868 53 39 -1 -1
23 13 228 1855 951 89 69 -1 -1
23 16 228 1992 934 46 36 -1 -1
23 17 228 1990 933 48 36 -1 -1
23 0 229 1133 785 223 124 -1 -1
23 1 229 1557 824 115 86 -1 -1
23 9 229 1820 868 52 39 -1 -1
23 13 229 1860 949 89 69 -1 -1
23 16 229 1992 933 46 36 -1 -1
23 17 229 1990 933 48 36 -1 -1
23 0 230 1133 785 223 124 -1 -1
23 1 230 1558 823 113 87 -1 -1
23 9 230 1820 868 52 39 -1 -1
23 13 230 1866 945 89 71 -1 -1
23 16 230 1992 932 47 37 -1 -1
23 17 230 1990 933 48 36 -1 -1
23 0 231 1133 786 223 123 -1 -1
23 1 231 1558 824 114 87 -1 -1
23 9 231 1820 867 53 40 -1 -1
23 13 231 1868 934 90 79 -1 -1
23 16 231 1992 932 47 37 -1 -1
23 0 232 1133 786 223 123 -1 -1
23 1 232 1557 824 115 86 -1 -1
23 9 232 1820 865 54 42 -1 -1
23 13 232 1868 934 90 79 -1 -1
23 16 232 1992 932 47 37 -1 -1
23 0 233 1133 786 223 123 -1 -1
23 1 233 1557 824 115 86 -1 -1
23 9 233 1821 866 54 43 -1 -1
23 13 233 1868 934 90 79 -1 -1
23 16 233 1992 932 47 37 -1 -1
23 0 234 1133 786 223 123 -1 -1
23 1 234 1555 824 116 87 -1 -1
23 9 234 1820 866 54 43 -1 -1
23 13 234 1868 934 90 79 -1 -1
23 0 235 1133 787 223 122 -1 -1
23 1 235 1556 824 115 87 -1 -1
23 9 235 1820 866 54 43 -1 -1
23 0 236 1133 786 223 123 -1 -1
23 1 236 1556 824 115 87 -1 -1
23 9 236 1820 866 54 43 -1 -1
23 18 236 1882 942 92 63 -1 -1
23 0 237 1133 785 223 124 -1 -1
23 1 237 1556 824 115 87 -1 -1
23 9 237 1820 866 54 43 -1 -1
23 18 237 1882 942 92 63 -1 -1
23 0 238 1133 786 224 123 -1 -1
23 1 238 1556 824 115 87 -1 -1
23 18 238 1882 942 92 63 -1 -1
23 0 239 1133 786 223 123 -1 -1
23 1 239 1556 824 115 87 -1 -1
23 18 239 1882 942 92 63 -1 -1
23 0 240 1133 789 223 120 -1 -1
23 1 240 1555 824 117 87 -1 -1
23 18 240 1910 937 75 61 -1 -1
23 0 241 1134 786 222 123 -1 -1
23 1 241 1555 824 117 86 -1 -1
23 18 241 1910 937 75 61 -1 -1
23 0 242 1133 786 223 123 -1 -1
23 1 242 1555 823 117 88 -1 -1
23 18 242 1910 937 75 61 -1 -1
23 0 243 1134 786 222 123 -1 -1
23 1 243 1555 823 117 88 -1 -1
23 18 243 1910 937 75 61 -1 -1
23 0 244 1133 785 223 124 -1 -1
23 1 244 1555 823 117 88 -1 -1
23 19 244 1667 843 84 69 -1 -1
23 0 245 1133 784 223 125 -1 -1
23 1 245 1554 823 118 88 -1 -1
23 19 245 1666 843 86 68 -1 -1
23 20 245 1794 885 95 72 -1 -1
23 0 246 1133 785 223 124 -1 -1
23 1 246 1554 823 118 88 -1 -1
23 19 246 1667 844 85 67 -1 -1
23 20 246 1789 888 94 70 -1 -1
23 0 247 1133 784 223 125 -1 -1
23 1 247 1554 823 118 88 -1 -1
23 19 247 1666 844 84 67 -1 -1
23 20 247 1771 887 105 71 -1 -1
23 0 248 1134 781 223 127 -1 -1
23 1 248 1557 823 114 87 -1 -1
23 19 248 1666 844 84 67 -1 -1
23 20 248 1771 887 105 71 -1 -1
23 0 249 1134 782 223 126 -1 -1
23 1 249 1557 823 114 87 -1 -1
23 19 249 1666 844 84 67 -1 -1
23 20 249 1765 890 99 72 -1 -1
23 0 250 1134 780 223 129 -1 -1
23 1 250 1556 824 115 86 -1 -1
23 19 250 1666 844 84 67 -1 -1
23 20 250 1765 890 99 72 -1 -1
23 0 251 1134 780 222 129 -1 -1
23 1 251 1557 824 114 86 -1 -1
23 20 251 1750 890 103 74 -1 -1
23 0 252 1134 781 222 128 -1 -1
23 1 252 1553 824 118 86 -1 -1
23 20 252 1743 892 103 74 -1 -1
23 21 252 1664 844 83 67 -1 -1
23 0 253 1134 780 222 129 -1 -1
23 1 253 1553 825 117 85 -1 -1
23 20 253 1736 893 103 73 -1 -1
23 21 253 1664 844 84 67 -1 -1
23 0 254 1134 781 223 128 -1 -1
23 1 254 1556 825 115 85 -1 -1
23 20 254 1724 892 107 76 -1 -1
23 21 254 1664 844 84 67 -1 -1
23 0 255 1134 777 223 132 -1 -1
23 1 255 1556 825 113 85 -1 -1
23 20 255 1716 892 109 79 -1 -1
23 21 255 1664 844 84 67 -1 -1
23 22 255 1816 864 56 45 -1 -1
23 0 256 1134 777 223 132 -1 -1
23 1 256 1555 825 114 85 -1 -1
23 20 256 1703 896 115 75 -1 -1
23 21 256 1664 844 84 67 -1 -1
23 22 256 1819 865 52 42 -1 -1
23 0 257 1134 776 223 133 -1 -1
23 1 257 1556 825 114 85 -1 -1
23 20 257 1691 893 121 80 -1 -1
23 22 257 1819 865 52 42 -1 -1
23 0 258 1135 778 221 131 -1 -1
23 1 258 1555 826 118 83 -1 -1
23 20 258 1678 892 127 83 -1 -1
23 22 258 1818 865 52 41 -1 -1
23 0 259 1134 778 222 131 -1 -1
23 1 259 1556 826 119 84 -1 -1
23 20 259 1664 898 127 79 -1 -1
23 22 259 1819 864 51 44 -1 -1
23 0 260 1134 778 222 131 -1 -1
23 1 260 1555 826 125 83 -1 -1
23 20 260 1664 898 127 79 -1 -1
23 22 260 1819 865 51 44 -1 -1
23 0 261 1134 777 222 132 -1 -1
23 1 261 1554 827 127 84 -1 -1
23 20 261 1637 884 137 96 -1 -1
23 22 261 1820 867 50 41 -1 -1
23 0 262 1134 779 223 130 -1 -1
23 1 262 1554 827 127 84 -1 -1
23 20 262 1621 884 144 97 -1 -1
23 22 262 1820 867 50 42 -1 -1
23 0 263 1134 780 223 129 -1 -1
23 1 263 1554 827 127 84 -1 -1
23 20 263 1604 879 150 104 -1 -1
23 22 263 1820 867 50 43 -1 -1
23 0 264 1134 782 223 127 -1 -1
23 1 264 1554 827 127 84 -1 -1
23 20 264 1579 873 165 111 -1 -1
23 22 264 1820 868 51 41 -1 -1
23 0 265 1134 780 223 129 -1 -1
23 20 265 1562 883 168 104 -1 -1
23 22 265 1820 868 50 40 -1 -1
23 0 266 1134 779 223 130 -1 -1
23 20 266 1562 883 168 104 -1 -1
23 22 266 1820 868 50 41 -1 -1
23 0 267 1135 779 222 130 -1 -1
23 20 267 1562 883 168 104 -1 -1
23 22 267 1820 867 51 42 -1 -1
23 0 268 1134 780 223 129 -1 -1
23 20 268 1492 865 194 131 -1 -1
23 22 268 1820 867 52 42 -1 -1
23 0 269 1134 779 222 130 -1 -1
23 20 269 1492 865 194 131 -1 -1
23 22 269 1820 868 51 41 -1 -1
23 0 270 1134 781 223 128 -1 -1
23 20 270 1492 865 194 131 -1 -1
23 22 270 1820 868 51 41 -1 -1
23 0 271 1134 778 222 130 -1 -1
23 20 271 1492 865 194 131 -1 -1
23 22 271 1820 867 52 43 -1 -1
23 0 272 1133 779 223 129 -1 -1
23 22 272 1820 868 52 42 -1 -1
23 0 273 1134 781 222 126 -1 -1
23 22 273 1820 868 52 42 -1 -1
23 23 273 1560 825 109 84 -1 -1
23 0 274 1134 783 226 121 -1 -1
23 22 274 1820 868 51 42 -1 -1
23 23 274 1557 824 114 86 -1 -1
23 24 274 1284 842 266 187 -1 -1
23 0 275 1134 783 226 121 -1 -1
23 22 275 1820 867 52 43 -1 -1
23 23 275 1558 824 113 87 -1 -1
23 24 275 1284 842 266 187 -1 -1
23 0 276 1134 783 226 121 -1 -1
23 22 276 1820 868 52 43 -1 -1
23 23 276 1559 824 113 87 -1 -1
23 24 276 1284 842 266 187 -1 -1
23 25 276 1667 845 82 67 -1 -1
23 0 277 1134 783 226 121 -1 -1
23 22 277 1820 868 52 42 -1 -1
23 23 277 1560 824 111 87 -1 -1
23 24 277 1284 842 266 187 -1 -1
23 25 277 1667 845 82 67 -1 -1
23 22 278 1820 868 52 43 -1 -1
23 23 278 1559 824 112 86 -1 -1
23 25 278 1667 845 82 66 -1 -1
23 26 278 1049 827 361 247 -1 -1
23 22 279 1820 868 52 43 -1 -1
23 23 279 1560 824 111 87 -1 -1
23 25 279 1666 845 83 66 -1 -1
23 26 279 967 826 404 264 -1 -1
23 22 280 1820 869 51 41 -1 -1
23 23 280 1560 824 110 87 -1 -1
23 25 280 1666 845 83 66 -1 -1
23 26 280 874 816 462 286 -1 -1
23 27 280 1216 793 142 111 -1 -1
23 22 281 1820 868 50 42 -1 -1
23 23 281 1556 823 115 88 -1 -1
23 25 281 1667 844 82 68 -1 -1
23 26 281 758 801 512 325 -1 -1
23 27 281 1153 793 203 115 -1 -1
23 22 282 1820 868 50 42 -1 -1
23 23 282 1556 823 115 88 -1 -1
23 25 282 1667 844 82 68 -1 -1
23 26 282 631 791 576 366 -1 -1
23 27 282 1134 783 223 125 -1 -1
23 22 283 1820 868 50 42 -1 -1
23 23 283 1556 824 115 87 -1 -1
23 25 283 1667 844 82 68 -1 -1
23 26 283 477 840 584 307 -1 -1
23 27 283 1133 783 223 126 -1 -1
23 22 284 1820 869 50 41 -1 -1
23 23 284 1555 823 116 88 -1 -1
23 25 284 1667 844 82 68 -1 -1
23 26 284 291 854 515 279 -1 -1
23 27 284 1134 785 223 124 -1 -1
23 22 285 1820 868 50 42 -1 -1
23 23 285 1556 824 115 87 -1 -1
23 25 285 1667 844 82 68 -1 -1
23 26 285 291 854 515 279 -1 -1
23 27 285 1135 789 222 119 -1 -1
23 22 286 1820 867 51 43 -1 -1
23 23 286 1555 824 117 87 -1 -1
23 25 286 1667 844 82 68 -1 -1
23 26 286 291 854 515 279 -1 -1
23 27 286 1135 788 222 121 -1 -1
23 22 287 1821 867 51 43 -1 -1
23 23 287 1555 823 116 88 -1 -1
23 25 287 1668 844 82 68 -1 -1
23 26 287 0 864 579 349 -1 -1
23 27 287 1136 789 221 120 -1 -1
23 22 288 1820 868 53 42 -1 -1
23 23 288 1554 824 116 87 -1 -1
23 25 288 1666 844 83 68 -1 -1
23 26 288 0 864 579 349 -1 -1
23 27 288 1134 786 222 123 -1 -1
23 22 289 1820 868 53 42 -1 -1
23 23 289 1554 824 116 87 -1 -1
23 25 289 1666 844 83 68 -1 -1
23 26 289 0 864 579 349 -1 -1
23 27 289 1134 786 222 123 -1 -1
23 22 290 1820 868 53 42 -1 -1
23 23 290 1555 824 115 87 -1 -1
23 25 290 1666 844 83 68 -1 -1
23 26 290 0 864 579 349 -1 -1
23 27 290 1134 786 222 123 -1 -1
23 22 291 1820 868 53 41 -1 -1
23 23 291 1559 824 111 86 -1 -1
23 25 291 1666 844 83 67 -1 -1
23 27 291 1133 783 223 125 -1 -1
23 22 292 1820 868 53 41 -1 -1
23 23 292 1559 824 111 86 -1 -1
23 25 292 1666 844 83 67 -1 -1
23 27 292 1133 784 222 124 -1 -1
23 22 293 1820 868 53 41 -1 -1
23 23 293 1559 824 111 86 -1 -1
23 25 293 1666 844 83 67 -1 -1
23 27 293 1133 783 222 125 -1 -1
23 22 294 1820 867 53 42 -1 -1
23 23 294 1559 823 111 88 -1 -1
23 25 294 1666 843 83 68 -1 -1
23 27 294 1133 782 223 126 -1 -1
23 22 295 1820 867 53 42 -1 -1
23 23 295 1559 823 111 88 -1 -1
23 25 295 1666 843 82 68 -1 -1
23 27 295 1133 780 223 128 -1 -1
23 22 296 1820 867 53 41 -1 -1
23 23 296 1559 824 111 87 -1 -1
23 25 296 1666 844 82 68 -1 -1
23 27 296 1133 779 223 129 -1 -1
23 22 297 1821 867 52 41 -1 -1
23 23 297 1559 824 111 87 -1 -1
23 25 297 1665 843 83 68 -1 -1
23 27 297 1133 780 223 128 -1 -1
23 22 298 1821 867 52 41 -1 -1
23 23 298 1560 823 110 88 -1 -1
23 25 298 1665 843 83 68 -1 -1
23 27 298 1133 779 222 129 -1 -1
23 22 299 1820 866 53 43 -1 -1
23 23 299 1559 824 111 87 -1 -1
23 25 299 1665 843 83 68 -1 -1
23 27 299 1133 781 222 127 -1 -1
23 22 300 1821 868 52 42 -1 -1
23 23 300 1561 823 110 87 -1 -1
23 25 300 1666 844 82 67 -1 -1
23 27 300 1133 783 223 125 -1 -1
23 22 301 1820 869 52 41 -1 -1
23 23 301 1559 822 112 88 -1 -1
23 25 301 1666 844 83 67 -1 -1
23 27 301 1133 788 223 120 -1 -1
23 28 301 1761 859 80 52 -1 -1
23 22 302 1820 869 52 40 -1 -1
23 23 302 1559 822 112 88 -1 -1
23 25 302 1666 844 83 67 -1 -1
23 27 302 1133 787 222 121 -1 -1
23 28 302 1761 859 80 52 -1 -1
23 29 302 718 1093 562 381 -1 -1
23 22 303 1820 869 52 40 -1 -1
23 23 303 1559 822 112 88 -1 -1
23 25 303 1666 844 83 67 -1 -1
23 27 303 1133 787 223 121 -1 -1
23 28 303 1761 859 79 52 -1 -1
23 29 303 859 1073 472 340 -1 -1
23 22 304 1821 868 51 41 -1 -1
23 23 304 1559 822 112 88 -1 -1
23 25 304 1666 844 83 68 -1 -1
23 27 304 1133 787 223 121 -1 -1
23 28 304 1760 858 84 53 -1 -1
23 29 304 982 1059 416 301 -1 -1
23 22 305 1820 867 53 42 -1 -1
23 23 305 1558 822 114 89 -1 -1
23 25 305 1666 845 83 66 -1 -1
23 27 305 1133 786 223 122 -1 -1
23 28 305 1760 858 84 53 -1 -1
23 29 305 1077 1051 376 272 -1 -1
23 22 306 1820 867 53 43 -1 -1
23 23 306 1557 823 115 87 -1 -1
23 25 306 1666 844 83 67 -1 -1
23 27 306 1133 784 223 124 -1 -1
23 28 306 1760 858 84 53 -1 -1
23 29 306 1161 1036 329 249 -1 -1
23 22 307 1820 867 53 43 -1 -1
23 23 307 1557 823 115 87 -1 -1
23 25 307 1666 844 83 67 -1 -1
23 27 307 1133 784 223 124 -1 -1
23 28 307 1760 858 84 53 -1 -1
23 29 307 1229 1027 306 236 -1 -1
23 22 308 1820 867 53 42 -1 -1
23 23 308 1557 822 115 89 -1 -1
23 25 308 1666 844 83 67 -1 -1
23 27 308 1133 784 222 124 -1 -1
23 29 308 1289 1015 282 221 -1 -1
23 22 309 1820 867 53 41 -1 -1
23 23 309 1557 822 114 89 -1 -1
23 25 309 1666 844 83 67 -1 -1
23 27 309 1133 784 223 124 -1 -1
23 29 309 1342 1011 255 201 -1 -1
23 22 310 1820 867 53 41 -1 -1
23 23 310 1557 822 115 89 -1 -1
23 27 310 1133 784 222 124 -1 -1
23 29 310 1387 1004 239 194 -1 -1
23 22 311 1820 867 53 40 -1 -1
23 23 311 1557 823 115 88 -1 -1
23 27 311 1133 784 222 124 -1 -1
23 29 311 1428 999 226 176 -1 -1
23 30 311 1667 845 82 67 -1 -1
23 22 312 1820 867 52 42 -1 -1
23 23 312 1559 823 113 88 -1 -1
23 27 312 1134 787 221 121 -1 -1
23 29 312 1468 993 210 170 -1 -1
23 30 312 1666 845 83 66 -1 -1
23 22 313 1820 867 52 41 -1 -1
23 23 313 1559 823 113 88 -1 -1
23 27 313 1134 786 222 122 -1 -1
23 29 313 1496 989 202 160 -1 -1
23 30 313 1666 845 83 66 -1 -1
23 22 314 1820 867 53 42 -1 -1
23 23 314 1559 823 113 88 -1 -1
23 27 314 1134 787 222 121 -1 -1
23 29 314 1528 983 189 151 -1 -1
23 30 314 1666 845 83 66 -1 -1
23 22 315 1820 869 53 40 -1 -1
23 23 315 1558 823 114 88 -1 -1
23 27 315 1134 789 222 119 -1 -1
23 29 315 1556 981 182 136 -1 -1
23 30 315 1666 845 83 66 -1 -1
23 22 316 1820 868 53 41 -1 -1
23 23 316 1558 823 114 88 -1 -1
23 27 316 1134 788 222 120 -1 -1
23 29 316 1576 978 177 135 -1 -1
23 30 316 1666 845 83 66 -1 -1
23 22 317 1820 869 53 41 -1 -1
23 23 317 1558 823 114 87 -1 -1
23 27 317 1134 788 222 121 -1 -1
23 29 317 1601 976 169 129 -1 -1
23 22 318 1819 868 52 42 -1 -1
23 23 318 1558 823 113 87 -1 -1
23 27 318 1134 787 222 122 -1 -1
23 29 318 1624 973 156 125 -1 -1
23 22 319 1819 868 52 42 -1 -1
23 23 319 1557 823 115 87 -1 -1
23 27 319 1134 784 222 124 -1 -1
23 29 319 1639 970 156 122 -1 -1
23 22 320 1819 868 52 42 -1 -1
23 23 320 1557 823 115 87 -1 -1
23 27 320 1134 785 222 123 -1 -1
23 29 320 1662 967 143 118 -1 -1
23 22 321 1819 868 52 42 -1 -1
23 23 321 1558 823 113 87 -1 -1
23 27 321 1134 786 222 122 -1 -1
23 29 321 1679 965 137 113 -1 -1
23 23 322 1559 823 112 87 -1 -1
23 27 322 1134 787 222 121 -1 -1
23 29 322 1694 966 135 107 -1 -1
23 23 323 1559 823 112 88 -1 -1
23 27 323 1134 788 222 120 -1 -1
23 29 323 1704 964 133 105 -1 -1
23 23 324 1560 823 113 88 -1 -1
23 27 324 1133 784 223 125 -1 -1
23 29 324 1718 963 127 98 -1 -1
23 31 324 1666 844 84 68 -1 -1
23 23 325 1559 823 114 88 -1 -1
23 27 325 1134 784 222 124 -1 -1
23 29 325 1731 962 126 96 -1 -1
23 31 325 1666 844 84 68 -1 -1
23 23 326 1559 824 114 87 -1 -1
23 27 326 1133 781 223 127 -1 -1
23 29 326 1742 961 121 93 -1 -1
23 31 326 1665 844 85 68 -1 -1
23 23 327 1559 823 113 88 -1 -1
23 27 327 1133 782 223 126 -1 -1
23 29 327 1753 957 119 93 -1 -1
23 31 327 1665 844 84 68 -1 -1
23 23 328 1559 823 113 88 -1 -1
23 27 328 1133 781 223 127 -1 -1
23 29 328 1764 958 113 88 -1 -1
23 31 328 1664 844 85 68 -1 -1
23 23 329 1559 823 113 88 -1 -1
23 27 329 1133 781 223 127 -1 -1
23 29 329 1774 957 109 85 -1 -1
23 31 329 1664 844 85 68 -1 -1
23 23 330 1559 823 113 88 -1 -1
23 27 330 1134 782 223 126 -1 -1
23 29 330 1784 958 106 81 -1 -1
23 31 330 1665 844 85 68 -1 -1
23 23 331 1559 823 113 88 -1 -1
23 27 331 1134 783 223 125 -1 -1
23 29 331 1791 959 103 77 -1 -1
23 31 331 1665 844 85 68 -1 -1
23 23 332 1559 823 114 88 -1 -1
23 27 332 1134 784 222 124 -1 -1
23 29 332 1801 956 99 75 -1 -1
23 31 332 1665 844 85 67 -1 -1
23 23 333 1559 823 114 88 -1 -1
23 27 333 1134 784 222 124 -1 -1
23 29 333 1803 957 99 71 -1 -1
23 31 333 1665 844 85 67 -1 -1
23 32 333 1757 855 109 52 -1 -1
23 23 334 1559 823 114 88 -1 -1
23 27 334 1134 784 222 124 -1 -1
23 29 334 1814 954 97 73 -1 -1
23 31 334 1665 845 84 66 -1 -1
23 32 334 1758 856 107 53 -1 -1
23 23 335 1559 823 113 88 -1 -1
23 27 335 1134 784 222 124 -1 -1
23 29 335 1814 954 97 73 -1 -1
23 31 335 1665 845 83 66 -1 -1
23 32 335 1755 856 112 55 -1 -1
23 33 335 1773 896 89 60 -1 -1
23 23 336 1559 823 113 88 -1 -1
23 27 336 1134 785 222 123 -1 -1
23 29 336 1832 951 91 72 -1 -1
23 31 336 1666 844 82 67 -1 -1
23 32 336 1755 856 112 55 -1 -1
23 33 336 1771 897 84 58 -1 -1
23 23 337 1559 823 113 88 -1 -1
23 27 337 1134 784 222 125 -1 -1
23 29 337 1840 952 89 68 -1 -1
23 31 337 1666 844 83 67 -1 -1
23 32 337 1755 856 112 55 -1 -1
23 33 337 1771 897 84 58 -1 -1
23 23 338 1559 823 113 88 -1 -1
23 27 338 1134 783 222 125 -1 -1
23 29 338 1845 948 84 70 -1 -1
23 31 338 1666 844 83 67 -1 -1
23 32 338 1755 856 112 55 -1 -1
23 33 338 1771 897 84 58 -1 -1
23 23 339 1559 823 114 88 -1 -1
23 27 339 1134 783 222 125 -1 -1
23 29 339 1850 949 85 66 -1 -1
23 31 339 1664 844 83 66 -1 -1
23 33 339 1743 887 94 69 -1 -1
23 34 339 1818 869 55 40 -1 -1
23 23 340 1559 823 114 88 -1 -1
23 27 340 1134 784 222 124 -1 -1
23 29 340 1850 949 85 66 -1 -1
23 31 340 1664 844 83 66 -1 -1
23 33 340 1745 889 85 68 -1 -1
23 34 340 1819 870 54 38 -1 -1
23 23 341 1559 823 111 87 -1 -1
23 27 341 1134 788 222 120 -1 -1
23 29 341 1850 949 85 66 -1 -1
23 31 341 1664 844 83 66 -1 -1
23 33 341 1742 889 84 69 -1 -1
23 34 341 1820 868 53 39 -1 -1
23 35 341 1752 851 118 57 -1 -1
23 23 342 1559 823 111 87 -1 -1
23 27 342 1134 790 222 118 -1 -1
23 29 342 1865 945 84 65 -1 -1
23 31 342 1664 844 83 66 -1 -1
23 33 342 1736 888 84 71 -1 -1
23 34 342 1819 867 54 40 -1 -1
23 35 342 1751 850 119 58 -1 -1
23 23 343 1559 823 111 87 -1 -1
23 27 343 1134 789 222 119 -1 -1
23 29 343 1870 946 83 62 -1 -1
23 31 343 1664 844 83 66 -1 -1
23 33 343 1730 889 85 70 -1 -1
23 34 343 1819 868 54 38 -1 -1
23 35 343 1748 851 121 57 -1 -1
23 23 344 1559 823 110 87 -1 -1
23 27 344 1134 790 222 118 -1 -1
23 29 344 1876 947 79 58 -1 -1
23 33 344 1719 888 92 72 -1 -1
23 34 344 1819 868 53 38 -1 -1
23 35 344 1748 851 121 57 -1 -1
23 23 345 1558 824 111 86 -1 -1
23 27 345 1134 789 222 119 -1 -1
23 29 345 1880 945 78 57 -1 -1
23 33 345 1709 890 92 71 -1 -1
23 34 345 1819 868 53 40 -1 -1
23 35 345 1748 851 121 57 -1 -1
23 23 346 1558 824 112 86 -1 -1
23 27 346 1134 789 222 119 -1 -1
23 29 346 1885 945 74 54 -1 -1
23 33 346 1699 894 97 70 -1 -1
23 34 346 1819 868 53 41 -1 -1
23 35 346 1748 851 121 57 -1 -1
23 23 347 1558 824 113 85 -1 -1
23 27 347 1134 788 222 120 -1 -1
23 29 347 1890 942 71 56 -1 -1
23 33 347 1690 891 97 74 -1 -1
23 34 347 1820 868 52 41 -1 -1
23 23 348 1559 825 113 84 -1 -1
23 27 348 1133 784 223 124 -1 -1
23 29 348 1890 942 71 56 -1 -1
23 33 348 1676 885 105 80 -1 -1
23 34 348 1820 868 53 41 -1 -1
23 23 349 1558 825 113 84 -1 -1
23 27 349 1133 785 223 124 -1 -1
23 29 349 1890 942 71 56 -1 -1
23 33 349 1670 884 103 82 -1 -1
23 34 349 1821 868 52 41 -1 -1
23 23 350 1558 825 116 83 -1 -1
23 27 350 1133 784 223 125 -1 -1
23 29 350 1890 942 71 56 -1 -1
23 33 350 1660 885 105 83 -1 -1
23 34 350 1821 869 52 40 -1 -1
23 23 351 1558 827 119 82 -1 -1
23 27 351 1133 783 223 125 -1 -1
23 33 351 1646 884 111 86 -1 -1
23 34 351 1820 869 53 39 -1 -1
23 36 351 1666 847 91 66 -1 -1
23 23 352 1558 828 124 82 -1 -1
23 27 352 1133 782 223 126 -1 -1
23 33 352 1637 890 112 80 -1 -1
23 34 352 1820 869 53 39 -1 -1
23 36 352 1664 847 87 65 -1 -1
23 23 353 1558 828 124 82 -1 -1
23 27 353 1133 783 223 125 -1 -1
23 33 353 1627 889 115 83 -1 -1
23 34 353 1820 868 53 40 -1 -1
23 36 353 1664 847 87 65 -1 -1
23 23 354 1558 828 124 82 -1 -1
23 27 354 1133 783 223 125 -1 -1
23 33 354 1615 886 118 88 -1 -1
23 34 354 1820 869 54 39 -1 -1
23 36 354 1664 847 87 65 -1 -1
23 23 355 1558 828 124 82 -1 -1
23 27 355 1133 784 223 124 -1 -1
23 33 355 1597 894 123 83 -1 -1
23 34 355 1820 869 54 38 -1 -1
23 36 355 1664 847 87 65 -1 -1
23 27 356 1133 783 223 126 -1 -1
23 33 356 1582 891 128 89 -1 -1
23 34 356 1820 869 54 40 -1 -1
23 27 357 1133 782 223 127 -1 -1
23 33 357 1582 891 128 89 -1 -1
23 34 357 1820 869 54 39 -1 -1
23 37 357 1662 846 89 65 -1 -1
23 27 358 1133 780 223 128 -1 -1
23 33 358 1550 885 135 96 -1 -1
23 34 358 1820 868 54 39 -1 -1
23 37 358 1661 846 89 66 -1 -1
23 27 359 1133 780 223 128 -1 -1
23 33 359 1550 885 135 96 -1 -1
23 34 359 1820 869 54 38 -1 -1
23 37 359 1661 846 89 66 -1 -1
23 27 360 1133 779 223 129 -1 -1
23 33 360 1511 877 149 107 -1 -1
23 34 360 1821 869 53 38 -1 -1
23 37 360 1665 847 84 64 -1 -1
23 27 361 1133 780 223 128 -1 -1
23 33 361 1498 875 150 112 -1 -1
23 34 361 1820 869 54 38 -1 -1
23 37 361 1665 847 84 64 -1 -1
23 27 362 1133 783 223 125 -1 -1
23 33 362 1473 875 157 115 -1 -1
23 34 362 1820 869 55 39 -1 -1
23 37 362 1666 847 84 64 -1 -1
23 38 362 1554 830 115 78 -1 -1
23 39 362 1858 895 69 49 -1 -1
23 27 363 1133 781 223 127 -1 -1
23 33 363 1448 875 168 119 -1 -1
23 34 363 1820 869 55 39 -1 -1
23 37 363 1666 846 84 65 -1 -1
23 38 363 1556 827 114 82 -1 -1
23 39 363 1858 895 69 49 -1 -1
23 27 364 1133 783 223 125 -1 -1
23 33 364 1425 876 171 121 -1 -1
23 34 364 1820 869 55 39 -1 -1
23 37 364 1666 846 84 66 -1 -1
23 38 364 1556 828 114 82 -1 -1
23 39 364 1858 895 69 49 -1 -1
23 27 365 1133 782 222 126 -1 -1
23 33 365 1399 876 182 124 -1 -1
23 34 365 1820 869 55 39 -1 -1
23 37 365 1666 846 84 66 -1 -1
23 38 365 1558 826 112 84 -1 -1
23 39 365 1858 895 69 49 -1 -1
23 27 366 1133 781 222 127 -1 -1
23 33 366 1371 874 190 128 -1 -1
23 37 366 1666 846 84 65 -1 -1
23 38 366 1559 824 111 86 -1 -1
23 39 366 1834 891 77 54 -1 -1
23 27 367 1134 784 221 124 -1 -1
23 33 367 1345 872 196 135 -1 -1
23 37 367 1666 846 85 66 -1 -1
23 38 367 1559 824 112 86 -1 -1
23 39 367 1834 891 77 54 -1 -1
23 27 368 1134 790 222 118 -1 -1
23 33 368 1345 872 196 135 -1 -1
23 37 368 1666 846 84 66 -1 -1
23 38 368 1560 823 111 88 -1 -1
23 39 368 1834 891 77 54 -1 -1
23 27 369 1135 789 220 117 -1 -1
23 33 369 1275 869 217 149 -1 -1
23 37 369 1665 845 85 67 -1 -1
23 38 369 1561 823 110 87 -1 -1
23 39 369 1834 891 77 54 -1 -1
23 27 370 1134 788 223 117 -1 -1
23 33 370 1231 866 235 156 -1 -1
23 37 370 1665 844 85 68 -1 -1
23 38 370 1561 823 110 88 -1 -1
23 27 371 1161 796 196 95 -1 -1
23 33 371 1192 866 245 160 -1 -1
23 37 371 1666 844 83 68 -1 -1
23 38 371 1560 823 111 88 -1 -1
23 27 372 1155 796 201 89 -1 -1
23 33 372 1138 866 267 168 -1 -1
23 37 372 1665 844 85 68 -1 -1
23 38 372 1561 824 110 86 -1 -1
23 27 373 1133 789 223 102 -1 -1
23 33 373 1084 865 286 176 -1 -1
23 37 373 1666 844 84 68 -1 -1
23 38 373 1561 824 110 86 -1 -1
23 27 374 1161 791 195 114 -1 -1
23 33 374 1023 863 309 187 -1 -1
23 37 374 1666 844 84 68 -1 -1
23 38 374 1561 824 110 86 -1 -1
23 27 375 1156 791 200 115 -1 -1
23 33 375 962 860 332 200 -1 -1
23 37 375 1666 843 85 69 -1 -1
23 38 375 1560 824 111 87 -1 -1
23 27 376 1133 781 223 128 -1 -1
23 33 376 891 854 359 218 -1 -1
23 37 376 1666 844 85 68 -1 -1
23 38 376 1560 823 111 88 -1 -1
23 27 377 1132 779 224 130 -1 -1
23 33 377 807 858 393 226 -1 -1
23 37 377 1665 844 86 68 -1 -1
23 38 377 1560 824 111 87 -1 -1
23 27 378 1132 779 224 130 -1 -1
23 33 378 710 853 430 244 -1 -1
23 37 378 1665 844 85 67 -1 -1
23 38 378 1560 823 111 88 -1 -1
23 27 379 1133 780 223 129 -1 -1
23 33 379 599 853 471 262 -1 -1
23 37 379 1665 844 85 67 -1 -1
23 38 379 1560 824 111 87 -1 -1
23 27 380 1133 781 223 128 -1 -1
23 33 380 488 845 508 290 -1 -1
23 37 380 1665 844 85 67 -1 -1
23 38 380 1561 824 110 86 -1 -1
23 27 381 1133 781 223 128 -1 -1
23 33 381 488 845 508 290 -1 -1
23 37 381 1665 844 85 67 -1 -1
23 38 381 1560 824 111 86 -1 -1
23 27 382 1133 780 223 129 -1 -1
23 33 382 488 845 508 290 -1 -1
23 38 382 1560 824 111 87 -1 -1
23 40 382 154 878 459 287 -1 -1
23 27 383 1133 781 224 128 -1 -1
23 33 383 488 845 508 290 -1 -1
23 38 383 1560 823 111 88 -1 -1
23 40 383 154 878 459 287 -1 -1
23 41 383 1734 885 95 74 -1 -1
23 27 384 1133 783 224 126 -1 -1
23 38 384 1560 824 112 87 -1 -1
23 40 384 154 878 459 287 -1 -1
23 41 384 1727 883 97 76 -1 -1
23 42 384 1820 869 53 40 -1 -1
23 27 385 1133 782 224 127 -1 -1
23 38 385 1560 824 111 86 -1 -1
23 40 385 0 928 390 283 -1 -1
23 41 385 1720 880 98 80 -1 -1
23 42 385 1820 869 53 40 -1 -1
23 27 386 1133 783 223 126 -1 -1
23 38 386 1560 825 111 85 -1 -1
23 40 386 1 910 207 333 -1 -1
23 41 386 1706 885 104 76 -1 -1
23 42 386 1820 869 53 40 -1 -1
23 27 387 1133 784 223 125 -1 -1
23 38 387 1560 825 111 85 -1 -1
23 40 387 1 910 207 333 -1 -1
23 41 387 1706 885 104 76 -1 -1
23 42 387 1820 869 53 40 -1 -1
23 27 388 1133 784 223 125 -1 -1
23 38 388 1560 825 112 85 -1 -1
23 40 388 1 910 207 333 -1 -1
23 41 388 1688 886 112 79 -1 -1
23 27 389 1133 780 224 129 -1 -1
23 38 389 1558 826 116 83 -1 -1
23 40 389 1 910 207 333 -1 -1
23 41 389 1688 886 112 79 -1 -1
23 43 389 1820 867 51 42 -1 -1
23 27 390 1133 780 224 129 -1 -1
23 38 390 1558 826 117 83 -1 -1
23 41 390 1666 884 114 84 -1 -1
23 43 390 1820 867 51 43 -1 -1
23 27 391 1133 780 224 129 -1 -1
23 38 391 1557 826 122 83 -1 -1
23 41 391 1652 878 120 92 -1 -1
23 43 391 1820 868 51 42 -1 -1
23 27 392 1134 781 223 128 -1 -1
23 38 392 1556 827 130 83 -1 -1
23 41 392 1640 881 125 89 -1 -1
23 43 392 1820 867 52 44 -1 -1
23 27 393 1134 780 223 129 -1 -1
23 38 393 1556 829 131 82 -1 -1
23 41 393 1629 883 125 90 -1 -1
23 43 393 1820 867 52 43 -1 -1
23 27 394 1134 779 223 129 -1 -1
23 38 394 1556 829 131 82 -1 -1
23 41 394 1613 879 131 96 -1 -1
23 43 394 1820 867 51 43 -1 -1
23 27 395 1134 780 223 128 -1 -1
23 38 395 1556 829 131 82 -1 -1
23 41 395 1613 879 131 96 -1 -1
23 43 395 1820 868 51 42 -1 -1
23 27 396 1134 780 223 128 -1 -1
23 38 396 1556 829 131 82 -1 -1
23 41 396 1613 879 131 96 -1 -1
23 43 396 1820 869 52 42 -1 -1
23 27 397 1133 780 224 128 -1 -1
23 41 397 1613 879 131 96 -1 -1
23 43 397 1820 869 52 42 -1 -1
23 27 398 1133 779 224 129 -1 -1
23 41 398 1543 880 153 104 -1 -1
23 43 398 1820 869 53 42 -1 -1
23 27 399 1134 779 223 129 -1 -1
23 41 399 1525 864 158 123 -1 -1
23 43 399 1820 868 53 43 -1 -1
23 27 400 1134 779 222 129 -1 -1
23 41 400 1525 864 158 123 -1 -1
23 43 400 1820 868 53 43 -1 -1
23 27 401 1134 778 222 130 -1 -1
23 41 401 1481 865 178 127 -1 -1
23 43 401 1820 868 53 43 -1 -1
23 27 402 1133 778 224 130 -1 -1
23 41 402 1457 867 183 129 -1 -1
23 43 402 1820 868 53 43 -1 -1
23 27 403 1133 777 223 131 -1 -1
23 41 403 1428 863 193 138 -1 -1
23 43 403 1820 868 53 43 -1 -1
23 44 403 1665 844 86 67 -1 -1
23 27 404 1134 779 221 129 -1 -1
23 41 404 1399 861 201 146 -1 -1
23 43 404 1820 868 53 43 -1 -1
23 44 404 1666 845 84 66 -1 -1
23 45 404 1558 826 111 82 -1 -1
23 27 405 1134 781 221 127 -1 -1
23 41 405 1368 859 212 151 -1 -1
23 43 405 1820 868 53 43 -1 -1
23 44 405 1666 845 85 66 -1 -1
23 45 405 1558 827 111 82 -1 -1
23 27 406 1134 779 222 129 -1 -1
23 41 406 1334 857 226 160 -1 -1
23 43 406 1820 868 54 43 -1 -1
23 44 406 1667 845 83 66 -1 -1
23 45 406 1560 824 109 86 -1 -1
23 27 407 1135 790 220 116 -1 -1
23 41 407 1334 857 226 160 -1 -1
23 43 407 1820 868 53 43 -1 -1
23 44 407 1666 845 85 66 -1 -1
23 45 407 1560 824 110 86 -1 -1
23 46 407 1138 817 213 89 -1 -1
23 27 408 1135 783 223 123 -1 -1
23 41 408 1334 857 226 160 -1 -1
23 43 408 1820 868 53 43 -1 -1
23 44 408 1666 845 83 66 -1 -1
23 45 408 1561 824 109 86 -1 -1
23 46 408 1138 817 213 89 -1 -1
23 27 409 1135 783 223 123 -1 -1
23 41 409 1205 848 272 192 -1 -1
23 43 409 1820 868 53 41 -1 -1
23 44 409 1666 845 83 66 -1 -1
23 45 409 1560 825 110 86 -1 -1
23 46 409 1138 817 213 89 -1 -1
23 27 410 1135 783 223 123 -1 -1
23 41 410 1147 848 297 197 -1 -1
23 43 410 1820 868 53 42 -1 -1
23 44 410 1666 845 83 66 -1 -1
23 45 410 1560 825 110 86 -1 -1
23 46 410 1138 817 213 89 -1 -1
23 27 411 1136 766 219 98 -1 -1
23 41 411 1090 844 324 211 -1 -1
23 43 411 1820 868 53 41 -1 -1
23 44 411 1666 845 83 66 -1 -1
23 45 411 1561 825 109 86 -1 -1
23 27 412 1136 766 219 98 -1 -1
23 41 412 1022 839 352 226 -1 -1
23 43 412 1820 868 53 42 -1 -1
23 45 412 1561 825 108 86 -1 -1
23 27 413 1136 766 219 98 -1 -1
23 41 413 947 835 386 243 -1 -1
23 43 413 1820 867 53 43 -1 -1
23 45 413 1561 825 108 85 -1 -1
23 47 413 1205 796 151 99 -1 -1
23 27 414 1155 786 201 119 -1 -1
23 41 414 864 833 418 261 -1 -1
23 43 414 1820 867 53 43 -1 -1
23 45 414 1561 825 108 86 -1 -1
23 47 414 1205 796 151 99 -1 -1
23 27 415 1130 775 226 133 -1 -1
23 41 415 763 834 458 276 -1 -1
23 43 415 1820 867 53 43 -1 -1
23 45 415 1561 825 108 86 -1 -1
23 47 415 1205 796 151 99 -1 -1
23 27 416 1131 777 225 131 -1 -1
23 41 416 640 820 523 313 -1 -1
23 43 416 1821 868 52 41 -1 -1
23 45 416 1562 825 108 86 -1 -1
23 47 416 1205 796 151 99 -1 -1
23 27 417 1133 776 223 132 -1 -1
23 41 417 503 798 612 354 -1 -1
23 43 417 1821 868 52 41 -1 -1
23 45 417 1562 824 108 87 -1 -1
23 27 418 1133 776 223 132 -1 -1
23 41 418 351 867 479 294 -1 -1
23 43 418 1821 868 52 41 -1 -1
23 45 418 1561 824 109 86 -1 -1
23 27 419 1133 776 222 132 -1 -1
23 41 419 159 866 426 318 -1 -1
23 43 419 1821 868 51 41 -1 -1
23 45 419 1562 824 108 86 -1 -1
23 27 420 1134 781 222 127 -1 -1
23 41 420 159 866 426 318 -1 -1
23 43 420 1821 868 52 41 -1 -1
23 45 420 1561 824 109 87 -1 -1
23 27 421 1134 781 222 127 -1 -1
23 41 421 159 866 426 318 -1 -1
23 43 421 1821 868 52 41 -1 -1
23 45 421 1561 824 109 87 -1 -1
23 27 422 1134 781 222 127 -1 -1
23 41 422 0 859 494 378 -1 -1
23 43 422 1821 868 52 41 -1 -1
23 45 422 1561 824 109 87 -1 -1
23 27 423 1134 782 222 126 -1 -1
23 41 423 0 859 494 378 -1 -1
23 43 423 1821 867 52 42 -1 -1
23 45 423 1562 824 108 87 -1 -1
23 27 424 1134 782 222 126 -1 -1
23 41 424 0 859 494 378 -1 -1
23 43 424 1821 868 52 41 -1 -1
23 45 424 1562 824 108 87 -1 -1
23 27 425 1134 782 222 126 -1 -1
23 41 425 0 859 494 378 -1 -1
23 43 425 1821 868 51 41 -1 -1
23 45 425 1562 824 108 87 -1 -1
23 27 426 1134 782 222 126 -1 -1
23 43 426 1821 868 52 41 -1 -1
23 45 426 1561 824 109 87 -1 -1
23 27 427 1134 782 222 126 -1 -1
23 43 427 1821 868 51 41 -1 -1
23 45 427 1561 824 109 87 -1 -1
23 27 428 1134 782 222 126 -1 -1
23 43 428 1821 868 51 41 -1 -1
23 45 428 1561 824 109 87 -1 -1
23 27 429 1134 781 222 127 -1 -1
23 43 429 1821 868 51 41 -1 -1
23 45 429 1561 824 109 87 -1 -1
23 27 430 1134 782 222 126 -1 -1
23 43 430 1821 868 51 41 -1 -1
23 45 430 1561 824 109 87 -1 -1
23 27 431 1134 782 222 126 -1 -1
23 43 431 1821 868 51 41 -1 -1
23 45 431 1561 824 109 87 -1 -1
23 27 432 1134 782 222 126 -1 -1
23 43 432 1821 868 51 41 -1 -1
23 45 432 1562 824 108 87 -1 -1
23 27 433 1134 782 222 126 -1 -1
23 43 433 1821 868 51 41 -1 -1
23 45 433 1562 824 107 87 -1 -1
23 27 434 1134 782 222 126 -1 -1
23 43 434 1821 868 52 41 -1 -1
23 45 434 1562 825 107 86 -1 -1
23 27 435 1134 783 222 125 -1 -1
23 43 435 1821 868 52 41 -1 -1
23 45 435 1562 825 107 86 -1 -1
23 27 436 1134 783 222 125 -1 -1
23 43 436 1821 868 52 41 -1 -1
23 45 436 1562 825 107 86 -1 -1
23 27 437 1134 784 222 124 -1 -1
23 43 437 1821 868 51 41 -1 -1
23 45 437 1562 824 108 86 -1 -1
23 27 438 1134 784 222 124 -1 -1
23 43 438 1821 868 51 41 -1 -1
23 45 438 1562 824 108 86 -1 -1
23 27 439 1134 784 222 124 -1 -1
23 43 439 1821 868 51 41 -1 -1
23 45 439 1561 824 109 86 -1 -1
23 27 440 1134 784 222 124 -1 -1
23 43 440 1821 868 51 41 -1 -1
23 45 440 1561 824 109 87 -1 -1
23 27 441 1134 783 222 125 -1 -1
23 43 441 1821 868 51 41 -1 -1
23 45 441 1561 825 109 86 -1 -1
23 27 442 1134 783 222 125 -1 -1
23 43 442 1821 868 51 40 -1 -1
23 45 442 1561 825 109 86 -1 -1
23 27 443 1134 783 222 125 -1 -1
23 43 443 1821 868 51 40 -1 -1
23 45 443 1562 824 108 87 -1 -1
23 27 444 1134 782 222 126 -1 -1
23 43 444 1821 868 51 40 -1 -1
23 45 444 1561 825 109 85 -1 -1
23 27 445 1134 782 222 126 -1 -1
23 43 445 1821 868 52 40 -1 -1
23 45 445 1561 825 109 85 -1 -1
23 27 446 1134 782 222 126 -1 -1
23 43 446 1821 868 52 40 -1 -1
23 45 446 1561 825 109 85 -1 -1
23 27 447 1134 783 222 125 -1 -1
23 43 447 1821 868 52 39 -1 -1
23 45 447 1561 825 108 85 -1 -1
23 27 448 1134 783 222 125 -1 -1
23 43 448 1821 868 52 39 -1 -1
23 45 448 1561 825 108 86 -1 -1
23 27 449 1134 783 222 125 -1 -1
23 43 449 1821 868 52 39 -1 -1
23 45 449 1561 825 108 86 -1 -1
23 27 450 1134 783 222 125 -1 -1
23 43 450 1821 867 52 40 -1 -1
23 45 450 1561 825 108 86 -1 -1
23 27 451 1134 784 222 124 -1 -1
23 43 451 1821 867 52 40 -1 -1
23 45 451 1561 825 108 86 -1 -1
23 27 452 1134 784 222 124 -1 -1
23 43 452 1821 868 52 39 -1 -1
23 45 452 1561 825 108 86 -1 -1
23 27 453 1134 783 222 125 -1 -1
23 43 453 1821 868 52 39 -1 -1
23 45 453 1561 825 108 85 -1 -1
23 27 454 1134 783 222 125 -1 -1
23 43 454 1821 868 52 39 -1 -1
23 45 454 1561 824 108 87 -1 -1
23 27 455 1134 783 222 125 -1 -1
23 43 455 1821 868 52 39 -1 -1
23 45 455 1561 824 108 87 -1 -1
23 27 456 1134 784 222 124 -1 -1
23 43 456 1821 868 52 40 -1 -1
23 45 456 1561 824 108 87 -1 -1
23 27 457 1134 785 222 123 -1 -1
23 43 457 1821 868 52 39 -1 -1
23 45 457 1561 824 108 87 -1 -1
23 27 458 1134 786 222 122 -1 -1
23 43 458 1821 868 52 39 -1 -1
23 45 458 1562 824 107 87 -1 -1
23 27 459 1134 785 222 123 -1 -1
23 43 459 1821 868 51 39 -1 -1
23 45 459 1562 824 108 87 -1 -1
23 27 460 1134 784 222 124 -1 -1
23 43 460 1821 868 52 39 -1 -1
23 45 460 1562 824 108 87 -1 -1
23 27 461 1133 779 224 129 -1 -1
23 43 461 1821 868 53 39 -1 -1
23 45 461 1560 822 110 88 -1 -1
23 27 462 1133 779 223 129 -1 -1
23 43 462 1821 868 53 40 -1 -1
23 45 462 1560 822 110 88 -1 -1
23 48 462 1666 846 84 65 -1 -1
23 27 463 1133 779 224 129 -1 -1
23 43 463 1821 869 54 39 -1 -1
23 45 463 1560 822 110 88 -1 -1
23 48 463 1667 846 83 65 -1 -1
23 27 464 1133 780 224 128 -1 -1
23 43 464 1821 869 54 40 -1 -1
23 45 464 1560 822 110 88 -1 -1
23 48 464 1666 846 84 65 -1 -1
23 27 465 1133 779 223 129 -1 -1
23 43 465 1821 869 54 40 -1 -1
23 45 465 1560 822 110 88 -1 -1
23 48 465 1666 846 85 66 -1 -1
23 27 466 1133 780 223 128 -1 -1
23 43 466 1820 869 57 40 -1 -1
23 45 466 1559 822 111 88 -1 -1
23 48 466 1666 845 85 67 -1 -1
23 27 467 1133 780 224 128 -1 -1
23 43 467 1820 869 57 40 -1 -1
23 45 467 1559 822 111 88 -1 -1
23 48 467 1666 845 84 67 -1 -1
23 27 468 1133 784 224 125 -1 -1
23 43 468 1820 869 57 40 -1 -1
23 45 468 1562 822 108 88 -1 -1
23 48 468 1667 845 84 66 -1 -1
23 27 469 1133 784 224 125 -1 -1
23 43 469 1820 869 57 40 -1 -1
23 45 469 1562 822 108 88 -1 -1
23 48 469 1667 845 84 66 -1 -1
23 27 470 1133 784 224 125 -1 -1
23 45 470 1561 822 109 88 -1 -1
23 48 470 1667 845 84 66 -1 -1
23 27 471 1133 784 224 125 -1 -1
23 45 471 1561 821 109 89 -1 -1
23 48 471 1667 845 85 66 -1 -1
23 27 472 1133 784 224 125 -1 -1
23 45 472 1561 822 109 88 -1 -1
23 48 472 1667 846 84 65 -1 -1
23 27 473 1133 784 224 125 -1 -1
23 45 473 1562 822 108 88 -1 -1
23 48 473 1667 845 84 66 -1 -1
23 27 474 1133 783 224 126 -1 -1
23 45 474 1562 822 108 88 -1 -1
23 48 474 1667 845 84 66 -1 -1
23 27 475 1133 783 224 126 -1 -1
23 45 475 1562 822 108 88 -1 -1
23 48 475 1667 846 84 65 -1 -1
23 49 475 1798 895 79 59 -1 -1
23 27 476 1133 783 224 126 -1 -1
23 45 476 1562 823 108 87 -1 -1
23 48 476 1667 846 84 65 -1 -1
23 49 476 1795 896 77 59 -1 -1
23 27 477 1133 783 224 126 -1 -1
23 45 477 1562 823 108 87 -1 -1
23 48 477 1667 846 84 65 -1 -1
23 49 477 1783 898 83 59 -1 -1
23 27 478 1133 783 224 126 -1 -1
23 45 478 1561 823 109 87 -1 -1
23 48 478 1667 846 84 65 -1 -1
23 49 478 1783 898 83 59 -1 -1
23 27 479 1133 783 224 126 -1 -1
23 45 479 1561 823 109 87 -1 -1
23 48 479 1667 846 83 65 -1 -1
23 49 479 1775 898 84 60 -1 -1
23 27 480 1133 785 224 124 -1 -1
23 45 480 1562 823 108 87 -1 -1
23 48 480 1667 846 83 65 -1 -1
23 49 480 1767 898 87 59 -1 -1
23 27 481 1133 786 224 123 -1 -1
23 45 481 1562 822 108 88 -1 -1
23 48 481 1667 846 83 65 -1 -1
23 49 481 1759 900 89 60 -1 -1
23 27 482 1133 785 224 124 -1 -1
23 45 482 1562 822 108 88 -1 -1
23 48 482 1667 846 83 65 -1 -1
23 49 482 1750 900 91 61 -1 -1
23 27 483 1133 786 224 123 -1 -1
23 45 483 1562 822 108 88 -1 -1
23 49 483 1745 895 90 65 -1 -1
23 50 483 1820 868 53 39 -1 -1
23 27 484 1133 786 224 123 -1 -1
23 45 484 1562 823 108 87 -1 -1
23 49 484 1741 899 87 62 -1 -1
23 50 484 1821 869 52 38 -1 -1
23 27 485 1133 786 224 123 -1 -1
23 45 485 1561 822 109 88 -1 -1
23 49 485 1733 896 88 66 -1 -1
23 50 485 1820 869 53 37 -1 -1
23 51 485 1752 854 116 53 -1 -1
23 27 486 1133 786 224 123 -1 -1
23 45 486 1561 822 109 88 -1 -1
23 49 486 1722 897 93 67 -1 -1
23 50 486 1820 869 51 38 -1 -1
23 51 486 1752 854 116 53 -1 -1
23 27 487 1133 787 224 122 -1 -1
23 45 487 1561 822 109 88 -1 -1
23 49 487 1712 895 99 71 -1 -1
23 50 487 1820 869 51 38 -1 -1
23 51 487 1752 854 116 53 -1 -1
23 27 488 1134 786 223 123 -1 -1
23 45 488 1561 823 109 87 -1 -1
23 49 488 1699 898 103 68 -1 -1
23 50 488 1820 869 51 38 -1 -1
23 51 488 1752 854 116 53 -1 -1
23 27 489 1134 786 223 123 -1 -1
23 45 489 1561 823 109 87 -1 -1
23 49 489 1690 899 104 69 -1 -1
23 50 489 1820 869 51 38 -1 -1
23 27 490 1133 786 224 123 -1 -1
23 45 490 1561 824 110 85 -1 -1
23 49 490 1690 899 104 69 -1 -1
23 27 491 1134 786 223 123 -1 -1
23 45 491 1561 823 112 86 -1 -1
23 49 491 1669 896 109 75 -1 -1
23 27 492 1133 785 224 124 -1 -1
23 45 492 1560 824 116 86 -1 -1
23 49 492 1658 896 111 76 -1 -1
23 27 493 1133 785 224 124 -1 -1
23 45 493 1558 825 121 84 -1 -1
23 49 493 1645 887 116 86 -1 -1
23 27 494 1133 785 224 124 -1 -1
23 45 494 1558 825 121 84 -1 -1
23 49 494 1629 896 123 78 -1 -1
23 27 495 1133 785 224 124 -1 -1
23 45 495 1558 825 121 84 -1 -1
23 49 495 1615 888 128 88 -1 -1
23 27 496 1133 785 224 124 -1 -1
23 45 496 1558 825 121 84 -1 -1
23 49 496 1615 888 128 88 -1 -1
23 27 497 1133 785 224 124 -1 -1
23 49 497 1581 896 138 84 -1 -1
23 52 497 1664 844 89 67 -1 -1
23 27 498 1133 785 224 123 -1 -1
23 49 498 1566 893 142 89 -1 -1
23 52 498 1663 845 90 65 -1 -1
23 27 499 1133 785 223 123 -1 -1
23 49 499 1543 890 148 94 -1 -1
23 52 499 1660 845 91 66 -1 -1
23 27 500 1133 780 224 128 -1 -1
23 49 500 1528 888 151 98 -1 -1
23 52 500 1663 844 88 67 -1 -1
23 27 501 1133 781 224 127 -1 -1
23 49 501 1506 886 159 103 -1 -1
23 52 501 1665 845 85 66 -1 -1
23 27 502 1134 783 222 125 -1 -1
23 49 502 1480 879 171 113 -1 -1
23 52 502 1665 845 85 66 -1 -1
23 27 503 1133 781 223 127 -1 -1
23 49 503 1463 877 170 119 -1 -1
23 52 503 1665 845 85 66 -1 -1
23 53 503 1559 829 111 79 -1 -1
23 27 504 1133 783 223 125 -1 -1
23 49 504 1429 878 185 121 -1 -1
23 52 504 1667 844 82 66 -1 -1
23 53 504 1555 829 115 80 -1 -1
23 54 504 1819 867 54 41 -1 -1
23 27 505 1133 784 223 124 -1 -1
23 49 505 1402 877 193 128 -1 -1
23 52 505 1667 844 82 66 -1 -1
23 53 505 1556 828 114 82 -1 -1
23 54 505 1819 866 54 42 -1 -1
23 27 506 1133 785 222 123 -1 -1
23 49 506 1373 878 201 131 -1 -1
23 52 506 1667 844 82 66 -1 -1
23 53 506 1556 827 114 83 -1 -1
23 54 506 1820 865 53 42 -1 -1
23 55 506 1740 885 90 76 -1 -1
23 27 507 1134 785 221 122 -1 -1
23 49 507 1373 878 201 131 -1 -1
23 52 507 1667 844 82 66 -1 -1
23 53 507 1561 826 109 84 -1 -1
23 54 507 1820 866 53 41 -1 -1
23 55 507 1736 888 89 74 -1 -1
23 27 508 1133 785 224 122 -1 -1
23 49 508 1298 872 229 147 -1 -1
23 52 508 1666 844 86 67 -1 -1
23 53 508 1562 826 108 84 -1 -1
23 54 508 1819 866 53 41 -1 -1
23 55 508 1732 894 87 70 -1 -1
23 27 509 1135 784 222 123 -1 -1
23 49 509 1260 872 239 152 -1 -1
23 52 509 1666 844 86 67 -1 -1
23 53 509 1561 825 109 86 -1 -1
23 54 509 1819 864 53 42 -1 -1
23 55 509 1720 891 94 74 -1 -1
23 27 510 1134 793 223 108 -1 -1
23 49 510 1209 871 262 159 -1 -1
23 52 510 1666 844 86 67 -1 -1
23 53 510 1562 826 107 84 -1 -1
23 54 510 1819 866 52 41 -1 -1
23 55 510 1704 895 102 70 -1 -1
23 27 511 1155 793 202 95 -1 -1
23 49 511 1155 873 285 166 -1 -1
23 52 511 1666 844 86 67 -1 -1
23 53 511 1562 826 108 84 -1 -1
23 54 511 1820 866 51 43 -1 -1
23 55 511 1699 895 99 72 -1 -1
23 27 512 1150 791 206 97 -1 -1
23 49 512 1096 866 310 181 -1 -1
23 53 512 1561 826 109 84 -1 -1
23 54 512 1821 866 50 43 -1 -1
23 55 512 1686 895 103 74 -1 -1
23 27 513 1151 792 205 107 -1 -1
23 49 513 1031 866 332 192 -1 -1
23 53 513 1561 826 111 83 -1 -1
23 54 513 1820 866 52 44 -1 -1
23 55 513 1671 889 111 80 -1 -1
23 27 514 1152 789 204 117 -1 -1
23 49 514 959 864 361 202 -1 -1
23 53 514 1561 825 111 84 -1 -1
23 54 514 1820 866 52 43 -1 -1
23 55 514 1661 896 113 74 -1 -1
23 27 515 1134 783 222 125 -1 -1
23 49 515 874 859 395 219 -1 -1
23 53 515 1560 826 116 83 -1 -1
23 54 515 1820 866 52 44 -1 -1
23 55 515 1651 891 112 84 -1 -1
23 27 516 1133 782 223 126 -1 -1
23 49 516 772 862 438 232 -1 -1
23 53 516 1559 827 124 83 -1 -1
23 54 516 1819 868 54 43 -1 -1
23 55 516 1638 893 117 81 -1 -1
23 27 517 1133 783 223 125 -1 -1
23 49 517 667 865 487 246 -1 -1
23 53 517 1561 827 127 83 -1 -1
23 54 517 1820 868 53 42 -1 -1
23 55 517 1626 893 120 84 -1 -1
23 27 518 1133 785 223 123 -1 -1
23 49 518 543 867 560 266 -1 -1
23 53 518 1561 827 127 83 -1 -1
23 54 518 1819 868 54 42 -1 -1
23 55 518 1611 890 126 89 -1 -1
23 27 519 1134 786 222 122 -1 -1
23 49 519 543 867 560 266 -1 -1
23 53 519 1561 827 127 83 -1 -1
23 54 519 1819 868 54 42 -1 -1
23 55 519 1593 899 129 82 -1 -1
23 27 520 1134 784 222 124 -1 -1
23 49 520 543 867 560 266 -1 -1
23 53 520 1561 827 127 83 -1 -1
23 54 520 1819 867 54 44 -1 -1
23 55 520 1575 891 133 90 -1 -1
23 56 520 200 890 488 271 -1 -1
23 27 521 1134 785 222 123 -1 -1
23 49 521 543 867 560 266 -1 -1
23 54 521 1819 867 54 44 -1 -1
23 55 521 1575 891 133 90 -1 -1
23 56 521 200 890 488 271 -1 -1
23 27 522 1134 783 222 125 -1 -1
23 54 522 1819 867 54 44 -1 -1
23 55 522 1537 885 144 101 -1 -1
23 56 522 0 985 421 254 -1 -1
23 27 523 1134 782 222 126 -1 -1
23 54 523 1819 868 53 42 -1 -1
23 55 523 1515 889 151 100 -1 -1
23 56 523 0 985 421 254 -1 -1
23 27 524 1133 783 223 124 -1 -1
23 54 524 1819 867 53 43 -1 -1
23 55 524 1499 880 152 111 -1 -1
23 56 524 0 985 421 254 -1 -1
23 27 525 1133 782 223 126 -1 -1
23 54 525 1819 867 53 42 -1 -1
23 55 525 1471 879 162 115 -1 -1
23 56 525 0 985 421 254 -1 -1
23 57 525 0 942 97 247 -1 -1
23 58 525 1557 828 113 80 -1 -1
23 27 526 1134 783 222 124 -1 -1
23 54 526 1819 867 53 43 -1 -1
23 55 526 1441 877 174 120 -1 -1
23 57 526 0 942 97 247 -1 -1
23 58 526 1559 828 111 80 -1 -1
23 27 527 1134 784 222 124 -1 -1
23 54 527 1819 867 53 43 -1 -1
23 55 527 1413 878 181 125 -1 -1
23 57 527 0 942 97 247 -1 -1
23 58 527 1557 827 113 82 -1 -1
23 27 528 1134 785 222 123 -1 -1
23 54 528 1819 867 53 43 -1 -1
23 55 528 1383 878 192 129 -1 -1
23 57 528 0 942 97 247 -1 -1
23 58 528 1560 826 110 84 -1 -1
23 27 529 1134 784 222 124 -1 -1
23 54 529 1820 867 52 43 -1 -1
23 55 529 1352 877 200 134 -1 -1
23 58 529 1560 825 110 85 -1 -1
23 27 530 1134 784 223 124 -1 -1
23 54 530 1820 867 52 43 -1 -1
23 55 530 1316 875 210 141 -1 -1
23 58 530 1561 825 110 85 -1 -1
23 27 531 1134 783 223 123 -1 -1
23 54 531 1819 867 53 43 -1 -1
23 55 531 1278 873 221 150 -1 -1
23 58 531 1562 825 109 85 -1 -1
23 27 532 1134 781 224 124 -1 -1
23 54 532 1819 867 53 43 -1 -1
23 55 532 1227 872 243 155 -1 -1
23 58 532 1562 825 109 85 -1 -1
23 27 533 1158 796 200 93 -1 -1
23 54 533 1820 868 52 42 -1 -1
23 55 533 1178 871 260 165 -1 -1
23 58 533 1555 825 115 85 -1 -1
23 27 534 1162 795 194 93 -1 -1
23 54 534 1820 868 52 42 -1 -1
23 55 534 1129 866 271 176 -1 -1
23 58 534 1555 825 114 85 -1 -1
23 27 535 1148 793 209 101 -1 -1
23 54 535 1820 868 52 42 -1 -1
23 55 535 1065 868 297 183 -1 -1
23 58 535 1555 825 115 85 -1 -1
23 27 536 1151 789 206 117 -1 -1
23 54 536 1820 867 52 43 -1 -1
23 55 536 999 864 326 197 -1 -1
23 58 536 1555 825 115 85 -1 -1
23 27 537 1135 784 221 122 -1 -1
23 54 537 1820 867 52 43 -1 -1
23 55 537 926 861 347 214 -1 -1
23 58 537 1555 825 115 85 -1 -1
23 27 538 1134 784 223 124 -1 -1
23 54 538 1820 867 52 43 -1 -1
23 55 538 836 862 386 223 -1 -1
23 58 538 1557 825 113 85 -1 -1
23 27 539 1134 783 223 125 -1 -1
23 54 539 1820 867 52 43 -1 -1
23 55 539 738 867 422 233 -1 -1
23 58 539 1557 825 113 85 -1 -1
23 27 540 1134 786 223 122 -1 -1
23 54 540 1820 868 50 42 -1 -1
23 55 540 620 868 474 251 -1 -1
23 58 540 1560 825 109 85 -1 -1
23 59 540 1665 843 87 68 -1 -1
23 27 541 1134 786 223 122 -1 -1
23 54 541 1820 868 50 42 -1 -1
23 55 541 482 859 548 279 -1 -1
23 58 541 1559 825 111 85 -1 -1
23 59 541 1665 842 86 69 -1 -1
23 27 542 1134 786 223 122 -1 -1
23 54 542 1820 868 50 42 -1 -1
23 55 542 311 859 602 305 -1 -1
23 58 542 1559 825 110 85 -1 -1
23 59 542 1665 842 86 69 -1 -1
23 27 543 1134 785 223 123 -1 -1
23 54 543 1820 868 52 42 -1 -1
23 55 543 311 859 602 305 -1 -1
23 58 543 1563 825 107 85 -1 -1
23 59 543 1667 845 85 66 -1 -1
23 27 544 1133 784 224 124 -1 -1
23 54 544 1820 868 52 42 -1 -1
23 55 544 311 859 602 305 -1 -1
23 58 544 1563 825 107 85 -1 -1
23 59 544 1667 845 85 66 -1 -1
23 27 545 1133 784 224 124 -1 -1
23 54 545 1820 868 52 42 -1 -1
23 55 545 7 935 544 270 -1 -1
23 58 545 1563 825 107 85 -1 -1
23 59 545 1667 845 85 66 -1 -1
23 27 546 1133 784 224 124 -1 -1
23 54 546 1820 868 52 42 -1 -1
23 55 546 0 931 367 296 -1 -1
23 58 546 1563 825 107 85 -1 -1
23 59 546 1667 845 85 66 -1 -1
23 27 547 1133 785 224 123 -1 -1
23 54 547 1820 868 52 42 -1 -1
23 55 547 0 931 367 296 -1 -1
23 58 547 1563 825 107 85 -1 -1
23 59 547 1667 845 85 66 -1 -1
23 27 548 1133 785 224 123 -1 -1
23 54 548 1820 868 52 42 -1 -1
23 55 548 0 931 367 296 -1 -1
23 58 548 1563 825 108 85 -1 -1
23 59 548 1667 845 85 66 -1 -1
23 27 549 1133 784 224 124 -1 -1
23 54 549 1820 868 52 42 -1 -1
23 55 549 0 931 367 296 -1 -1
23 58 549 1563 825 107 85 -1 -1
23 59 549 1667 845 85 66 -1 -1
23 27 550 1133 785 224 123 -1 -1
23 54 550 1820 868 52 42 -1 -1
23 58 550 1563 825 107 85 -1 -1
23 59 550 1667 845 85 66 -1 -1
23 27 551 1133 785 224 123 -1 -1
23 54 551 1820 868 52 42 -1 -1
23 58 551 1563 825 107 85 -1 -1
23 59 551 1667 845 85 66 -1 -1
23 27 552 1133 783 223 125 -1 -1
23 54 552 1820 868 52 42 -1 -1
23 58 552 1562 825 109 85 -1 -1
23 59 552 1666 845 85 67 -1 -1
23 27 553 1133 783 223 125 -1 -1
23 54 553 1820 868 52 42 -1 -1
23 58 553 1562 825 109 85 -1 -1
23 59 553 1666 845 85 67 -1 -1
23 27 554 1133 783 223 125 -1 -1
23 54 554 1820 868 52 42 -1 -1
23 58 554 1562 825 109 85 -1 -1
23 59 554 1666 845 85 67 -1 -1
23 27 555 1133 783 223 125 -1 -1
23 54 555 1820 868 52 42 -1 -1
23 58 555 1562 825 109 85 -1 -1
23 59 555 1666 845 85 67 -1 -1
23 27 556 1133 783 223 125 -1 -1
23 54 556 1820 868 52 42 -1 -1
23 58 556 1562 825 109 85 -1 -1
23 59 556 1666 845 85 67 -1 -1
23 27 557 1133 784 223 124 -1 -1
23 54 557 1820 868 52 42 -1 -1
23 58 557 1561 825 110 85 -1 -1
23 59 557 1666 845 85 67 -1 -1
23 27 558 1133 784 223 124 -1 -1
23 54 558 1820 868 52 42 -1 -1
23 58 558 1562 825 109 85 -1 -1
23 59 558 1666 845 85 67 -1 -1
23 27 559 1133 783 223 125 -1 -1
23 54 559 1820 868 52 42 -1 -1
23 58 559 1561 825 110 85 -1 -1
23 59 559 1666 845 85 66 -1 -1
23 27 560 1133 783 223 125 -1 -1
23 54 560 1820 867 52 43 -1 -1
23 58 560 1561 825 110 85 -1 -1
23 59 560 1666 845 85 67 -1 -1
23 27 561 1133 783 223 125 -1 -1
23 54 561 1820 867 52 43 -1 -1
23 58 561 1561 825 110 85 -1 -1
23 59 561 1666 845 85 67 -1 -1
23 27 562 1133 783 223 125 -1 -1
23 54 562 1820 867 52 43 -1 -1
23 58 562 1562 825 109 85 -1 -1
23 59 562 1666 845 85 66 -1 -1
23 27 563 1133 783 223 125 -1 -1
23 54 563 1820 867 52 43 -1 -1
23 58 563 1562 825 109 85 -1 -1
23 59 563 1666 845 85 66 -1 -1
23 27 564 1133 784 223 124 -1 -1
23 54 564 1819 868 53 42 -1 -1
23 58 564 1561 825 109 85 -1 -1
23 59 564 1666 846 85 66 -1 -1
23 27 565 1133 784 223 124 -1 -1
23 54 565 1819 868 53 42 -1 -1
23 58 565 1561 825 109 85 -1 -1
23 59 565 1666 846 84 66 -1 -1
23 27 566 1133 784 223 124 -1 -1
23 54 566 1819 868 53 42 -1 -1
23 58 566 1561 825 109 85 -1 -1
23 59 566 1667 846 84 66 -1 -1
23 27 567 1133 784 223 124 -1 -1
23 54 567 1819 868 53 42 -1 -1
23 58 567 1561 825 109 85 -1 -1
23 59 567 1667 846 83 66 -1 -1
23 27 568 1133 784 223 124 -1 -1
23 54 568 1819 868 53 42 -1 -1
23 58 568 1561 825 109 85 -1 -1
23 59 568 1667 846 83 66 -1 -1
23 27 569 1133 787 223 121 -1 -1
23 54 569 1820 868 53 42 -1 -1
23 58 569 1561 824 109 86 -1 -1
23 59 569 1667 846 83 66 -1 -1
23 27 570 1133 787 223 121 -1 -1
23 54 570 1820 868 53 42 -1 -1
23 58 570 1561 824 109 86 -1 -1
23 59 570 1667 846 83 66 -1 -1
23 27 571 1133 787 223 121 -1 -1
23 54 571 1820 868 53 42 -1 -1
23 58 571 1561 824 109 86 -1 -1
23 59 571 1667 846 83 66 -1 -1
23 27 572 1133 787 223 121 -1 -1
23 54 572 1820 868 53 42 -1 -1
23 58 572 1562 824 109 86 -1 -1
23 27 573 1133 788 223 120 -1 -1
23 54 573 1820 868 53 42 -1 -1
23 58 573 1562 824 109 86 -1 -1
23 27 574 1133 788 223 120 -1 -1
23 54 574 1820 868 52 42 -1 -1
23 58 574 1562 824 109 86 -1 -1
23 27 575 1133 788 223 120 -1 -1
23 54 575 1820 868 52 42 -1 -1
23 58 575 1562 824 109 86 -1 -1
23 27 576 1133 788 224 120 -1 -1
23 54 576 1821 868 51 42 -1 -1
23 58 576 1563 825 107 85 -1 -1
23 27 577 1133 788 224 120 -1 -1
23 54 577 1821 868 51 42 -1 -1
23 58 577 1563 825 107 85 -1 -1
23 27 578 1133 788 224 120 -1 -1
23 54 578 1821 868 51 42 -1 -1
23 58 578 1563 825 107 85 -1 -1
23 27 579 1133 786 224 122 -1 -1
23 54 579 1820 869 53 41 -1 -1
23 58 579 1560 824 111 86 -1 -1
23 27 580 1133 786 224 122 -1 -1
23 54 580 1820 868 53 42 -1 -1
23 58 580 1560 824 111 86 -1 -1
23 27 581 1133 786 224 122 -1 -1
23 54 581 1820 869 53 41 -1 -1
23 58 581 1560 824 111 86 -1 -1
23 27 582 1133 786 224 122 -1 -1
23 54 582 1820 868 53 42 -1 -1
23 58 582 1560 824 111 86 -1 -1
23 27 583 1133 786 224 122 -1 -1
23 54 583 1820 869 53 41 -1 -1
23 58 583 1560 824 111 86 -1 -1
23 27 584 1133 786 224 122 -1 -1
23 54 584 1820 869 53 41 -1 -1
23 58 584 1560 824 111 86 -1 -1
23 27 585 1133 786 224 122 -1 -1
23 54 585 1820 869 53 41 -1 -1
23 58 585 1560 824 111 86 -1 -1
23 27 586 1133 786 224 122 -1 -1
23 54 586 1820 868 53 42 -1 -1
23 58 586 1560 824 111 86 -1 -1
23 27 587 1133 787 224 121 -1 -1
23 54 587 1820 868 53 42 -1 -1
23 58 587 1560 824 111 86 -1 -1
23 27 588 1133 787 224 121 -1 -1
23 54 588 1820 868 53 41 -1 -1
23 58 588 1560 825 111 85 -1 -1
23 27 589 1133 786 223 122 -1 -1
23 54 589 1820 867 53 42 -1 -1
23 58 589 1560 824 110 86 -1 -1
23 60 589 1666 845 86 67 -1 -1
23 27 590 1133 786 223 122 -1 -1
23 54 590 1820 867 53 42 -1 -1
23 58 590 1560 824 110 86 -1 -1
23 60 590 1666 845 86 67 -1 -1
23 27 591 1133 786 223 122 -1 -1
23 54 591 1820 867 53 42 -1 -1
23 58 591 1560 824 110 86 -1 -1
23 60 591 1666 845 86 67 -1 -1
23 27 592 1133 786 223 122 -1 -1
23 54 592 1820 867 53 42 -1 -1
23 58 592 1560 824 110 86 -1 -1
23 60 592 1666 845 86 67 -1 -1
23 27 593 1133 786 223 122 -1 -1
23 54 593 1820 867 53 42 -1 -1
23 58 593 1560 824 110 86 -1 -1
23 60 593 1666 845 86 67 -1 -1
23 27 594 1133 786 223 122 -1 -1
23 54 594 1820 867 53 42 -1 -1
23 58 594 1560 824 110 86 -1 -1
23 60 594 1666 845 86 67 -1 -1
23 27 595 1133 786 223 122 -1 -1
23 54 595 1820 867 53 43 -1 -1
23 58 595 1560 824 110 86 -1 -1
23 60 595 1666 845 86 67 -1 -1
23 27 596 1133 786 223 122 -1 -1
23 54 596 1820 867 53 42 -1 -1
23 58 596 1560 824 110 86 -1 -1
23 60 596 1666 845 86 67 -1 -1
23 27 597 1133 787 223 121 -1 -1
23 54 597 1820 867 53 42 -1 -1
23 58 597 1560 824 110 86 -1 -1
23 60 597 1666 845 86 67 -1 -1
23 27 598 1133 786 223 122 -1 -1
23 54 598 1820 867 53 42 -1 -1
23 58 598 1560 824 110 86 -1 -1
23 60 598 1666 845 86 67 -1 -1
23 27 599 1134 793 222 115 -1 -1
23 54 599 1820 867 53 43 -1 -1
23 58 599 1555 826 115 84 -1 -1
23 60 599 1666 845 86 67 -1 -1
23 27 600 1136 797 221 111 -1 -1
23 54 600 1820 866 53 44 -1 -1
23 58 600 1556 824 115 86 -1 -1
23 60 600 1666 845 86 67 -1 -1
23 27 601 1135 796 222 112 -1 -1
23 54 601 1820 866 53 44 -1 -1
23 58 601 1556 824 115 86 -1 -1
23 60 601 1666 845 86 67 -1 -1
23 27 602 1135 796 222 112 -1 -1
23 54 602 1820 866 53 44 -1 -1
23 58 602 1556 824 115 86 -1 -1
23 27 603 1135 796 222 112 -1 -1
23 54 603 1820 866 53 44 -1 -1
23 58 603 1556 824 115 86 -1 -1
23 27 604 1136 797 221 111 -1 -1
23 54 604 1820 866 53 44 -1 -1
23 58 604 1556 824 115 86 -1 -1
23 27 605 1136 797 221 111 -1 -1
23 54 605 1820 866 53 44 -1 -1
23 58 605 1556 824 114 86 -1 -1
23 27 606 1136 797 221 111 -1 -1
23 54 606 1820 866 53 44 -1 -1
23 58 606 1556 824 114 86 -1 -1
23 27 607 1135 797 222 111 -1 -1
23 54 607 1820 866 53 44 -1 -1
23 58 607 1556 824 115 86 -1 -1
23 27 608 1135 797 222 111 -1 -1
23 54 608 1820 866 53 44 -1 -1
23 58 608 1556 824 115 86 -1 -1
