28 0 0 1181 87 116 49 -1 -1
28 1 0 982 57 103 43 -1 -1
28 2 0 362 124 122 59 -1 -1
28 3 0 1330 78 109 32 -1 -1
28 4 0 1751 42 27 30 -1 -1
28 5 0 1858 102 61 49 -1 -1
28 6 0 835 108 116 65 -1 -1
28 7 0 1641 389 279 206 -1 -1
28 0 1 1180 88 117 48 -1 -1
28 1 1 982 57 105 43 -1 -1
28 2 1 362 124 123 59 -1 -1
28 3 1 1329 77 114 33 -1 -1
28 4 1 1751 41 28 31 -1 -1
28 5 1 1858 102 61 49 -1 -1
28 6 1 835 108 116 65 -1 -1
28 7 1 1625 399 289 191 -1 -1
28 0 2 1181 88 116 48 -1 -1
28 1 2 983 57 104 43 -1 -1
28 2 2 362 124 123 59 -1 -1
28 3 2 1328 77 115 33 -1 -1
28 4 2 1751 41 28 31 -1 -1
28 5 2 1858 102 61 49 -1 -1
28 6 2 834 103 149 71 -1 -1
28 7 2 1625 399 289 191 -1 -1
28 0 3 1180 88 117 48 -1 -1
28 1 3 982 57 105 43 -1 -1
28 2 3 362 124 123 59 -1 -1
28 3 3 1328 77 115 32 -1 -1
28 4 3 1751 41 28 31 -1 -1
28 5 3 1859 102 61 50 -1 -1
28 6 3 833 104 150 70 -1 -1
28 7 3 1625 399 289 191 -1 -1
28 0 4 1180 88 117 48 -1 -1
28 1 4 982 57 105 43 -1 -1
28 2 4 362 124 123 59 -1 -1
28 3 4 1328 77 115 32 -1 -1
28 4 4 1751 42 28 30 -1 -1
28 5 4 1859 102 61 50 -1 -1
28 6 4 834 104 149 70 -1 -1
28 7 4 1625 399 289 191 -1 -1
28 0 5 1181 88 116 48 -1 -1
28 1 5 982 57 102 43 -1 -1
28 2 5 364 125 121 58 -1 -1
28 3 5 1328 77 115 33 -1 -1
28 4 5 1751 42 28 31 -1 -1
28 5 5 1859 102 61 50 -1 -1
28 6 5 834 103 149 71 -1 -1
28 7 5 1598 380 322 205 -1 -1
28 8 5 363 124 123 58 -1 -1
28 0 6 1181 88 116 48 -1 -1
28 1 6 982 57 103 43 -1 -1
28 2 6 363 124 123 58 -1 -1
28 3 6 1327 77 115 33 -1 -1
28 4 6 1751 42 28 31 -1 -1
28 5 6 1859 102 61 50 -1 -1
28 6 6 834 103 149 71 -1 -1
28 7 6 1598 380 322 205 -1 -1
28 8 6 363 124 123 58 -1 -1
28 0 7 1181 88 116 48 -1 -1
28 1 7 982 57 104 43 -1 -1
28 2 7 363 124 123 58 -1 -1
28 3 7 1327 77 115 33 -1 -1
28 4 7 1751 42 28 31 -1 -1
28 5 7 1859 102 61 50 -1 -1
28 6 7 834 103 148 71 -1 -1
28 7 7 1592 372 322 208 -1 -1
28 8 7 363 124 123 58 -1 -1
28 0 8 1181 88 116 48 -1 -1
28 1 8 981 58 105 42 -1 -1
28 2 8 363 124 123 58 -1 -1
28 3 8 1327 77 115 33 -1 -1
28 4 8 1751 42 28 31 -1 -1
28 5 8 1859 102 61 50 -1 -1
28 6 8 834 103 149 72 -1 -1
28 7 8 1577 367 330 206 -1 -1
28 8 8 363 124 123 58 -1 -1
28 0 9 1181 88 116 49 -1 -1
28 1 9 982 57 105 43 -1 -1
28 2 9 363 124 123 58 -1 -1
28 3 9 1327 77 115 33 -1 -1
28 5 9 1859 102 61 50 -1 -1
28 6 9 834 103 149 72 -1 -1
28 7 9 1543 360 357 209 -1 -1
28 0 10 1184 88 113 48 -1 -1
28 1 10 984 58 97 42 -1 -1
28 2 10 362 124 125 58 -1 -1
28 3 10 1327 78 112 34 -1 -1
28 5 10 1859 103 60 49 -1 -1
28 6 10 834 102 152 72 -1 -1
28 7 10 1543 360 357 209 -1 -1
28 9 10 363 125 123 58 -1 -1
28 10 10 637 70 50 49 -1 -1
28 0 11 1184 88 113 48 -1 -1
28 1 11 984 58 97 42 -1 -1
28 2 11 362 124 125 58 -1 -1
28 3 11 1327 78 112 34 -1 -1
28 5 11 1859 103 60 49 -1 -1
28 6 11 834 102 152 72 -1 -1
28 7 11 1490 353 351 199 -1 -1
28 9 11 363 124 123 59 -1 -1
28 10 11 638 70 49 49 -1 -1
28 0 12 1181 88 116 48 -1 -1
28 1 12 991 56 96 43 -1 -1
28 2 12 362 125 123 58 -1 -1
28 3 12 1327 78 110 34 -1 -1
28 5 12 1859 103 60 49 -1 -1
28 6 12 835 102 151 72 -1 -1
28 7 12 1455 350 369 196 -1 -1
28 9 12 363 124 123 59 -1 -1
28 10 12 638 70 49 49 -1 -1
28 0 13 1181 88 116 48 -1 -1
28 1 13 991 56 96 43 -1 -1
28 2 13 361 125 124 58 -1 -1
28 3 13 1326 78 111 34 -1 -1
28 5 13 1859 103 60 49 -1 -1
28 6 13 835 102 151 72 -1 -1
28 7 13 1404 344 407 194 -1 -1
28 9 13 363 124 123 59 -1 -1
28 10 13 638 70 49 49 -1 -1
28 0 14 1182 88 115 48 -1 -1
28 1 14 991 56 96 43 -1 -1
28 2 14 362 124 124 58 -1 -1
28 3 14 1326 78 112 34 -1 -1
28 5 14 1859 103 60 49 -1 -1
28 6 14 835 102 151 72 -1 -1
28 7 14 1387 334 376 199 -1 -1
28 9 14 363 124 123 59 -1 -1
28 10 14 638 70 49 49 -1 -1
28 0 15 1181 88 116 48 -1 -1
28 1 15 992 56 95 43 -1 -1
28 2 15 362 124 125 58 -1 -1
28 3 15 1327 78 109 34 -1 -1
28 6 15 835 101 151 73 -1 -1
28 7 15 1363 330 348 194 -1 -1
28 0 16 1181 88 116 48 -1 -1
28 1 16 991 56 96 43 -1 -1
28 2 16 362 124 125 58 -1 -1
28 3 16 1327 78 110 34 -1 -1
28 6 16 834 101 152 73 -1 -1
28 7 16 1340 326 350 193 -1 -1
28 0 17 1180 88 117 48 -1 -1
28 1 17 991 56 96 43 -1 -1
28 2 17 362 124 125 58 -1 -1
28 3 17 1327 78 110 33 -1 -1
28 6 17 834 104 151 70 -1 -1
28 7 17 1293 321 385 193 -1 -1
28 0 18 1180 88 117 48 -1 -1
28 1 18 991 56 96 43 -1 -1
28 2 18 362 124 125 58 -1 -1
28 3 18 1327 78 110 33 -1 -1
28 6 18 834 104 151 70 -1 -1
28 7 18 1231 313 431 198 -1 -1
28 0 19 1180 88 117 48 -1 -1
28 1 19 991 56 96 43 -1 -1
28 2 19 362 124 125 58 -1 -1
28 3 19 1327 78 111 33 -1 -1
28 6 19 834 104 151 70 -1 -1
28 7 19 1240 307 361 193 -1 -1
28 0 20 1185 88 112 48 -1 -1
28 1 20 983 58 97 42 -1 -1
28 2 20 363 124 123 58 -1 -1
28 3 20 1326 78 114 35 -1 -1
28 6 20 834 103 150 71 -1 -1
28 7 20 1183 305 358 186 -1 -1
28 11 20 635 72 51 47 -1 -1
28 12 20 1751 41 28 31 -1 -1
28 0 21 1182 88 115 48 -1 -1
28 1 21 984 58 96 42 -1 -1
28 2 21 365 125 119 58 -1 -1
28 3 21 1326 78 114 35 -1 -1
28 6 21 834 103 150 71 -1 -1
28 7 21 1144 301 352 186 -1 -1
28 11 21 636 72 50 47 -1 -1
28 12 21 1751 41 28 31 -1 -1
28 0 22 1183 88 114 48 -1 -1
28 1 22 991 56 96 43 -1 -1
28 2 22 364 124 120 59 -1 -1
28 3 22 1327 78 113 34 -1 -1
28 6 22 834 105 151 69 -1 -1
28 7 22 1144 301 352 186 -1 -1
28 11 22 636 72 49 45 -1 -1
28 12 22 1751 41 28 31 -1 -1
28 0 23 1183 88 114 48 -1 -1
28 1 23 990 56 98 43 -1 -1
28 2 23 364 124 121 59 -1 -1
28 3 23 1327 78 113 34 -1 -1
28 6 23 834 105 150 69 -1 -1
28 7 23 1082 286 330 181 -1 -1
28 11 23 636 72 50 46 -1 -1
28 12 23 1751 41 28 31 -1 -1
28 0 24 1185 88 111 48 -1 -1
28 1 24 988 56 101 43 -1 -1
28 2 24 363 124 122 59 -1 -1
28 3 24 1327 77 107 34 -1 -1
28 6 24 834 106 149 68 -1 -1
28 7 24 1053 283 378 179 -1 -1
28 11 24 636 72 50 46 -1 -1
28 13 24 362 124 123 59 -1 -1
28 0 25 1185 88 111 48 -1 -1
28 1 25 989 57 100 42 -1 -1
28 2 25 363 125 122 58 -1 -1
28 3 25 1327 77 107 34 -1 -1
28 6 25 834 106 150 68 -1 -1
28 7 25 990 283 390 175 -1 -1
28 11 25 636 72 50 46 -1 -1
28 13 25 362 124 123 59 -1 -1
28 14 25 984 57 96 43 -1 -1
28 15 25 1751 40 29 32 -1 -1
28 0 26 1184 88 112 48 -1 -1
28 1 26 983 57 97 43 -1 -1
28 2 26 363 124 122 59 -1 -1
28 3 26 1327 77 107 34 -1 -1
28 6 26 834 106 150 68 -1 -1
28 7 26 959 278 316 173 -1 -1
28 11 26 636 72 50 46 -1 -1
28 13 26 364 125 122 59 -1 -1
28 14 26 984 57 96 43 -1 -1
28 15 26 1751 40 29 32 -1 -1
28 16 26 1300 3 71 28 -1 -1
28 0 27 1184 88 112 48 -1 -1
28 1 27 982 57 100 43 -1 -1
28 2 27 364 125 122 59 -1 -1
28 3 27 1327 77 107 34 -1 -1
28 6 27 834 106 150 68 -1 -1
28 7 27 927 269 323 174 -1 -1
28 11 27 633 70 54 49 -1 -1
28 13 27 364 125 122 59 -1 -1
28 14 27 984 57 96 43 -1 -1
28 15 27 1751 40 29 32 -1 -1
28 16 27 1300 3 73 28 -1 -1
28 0 28 1183 88 113 48 -1 -1
28 1 28 981 57 101 43 -1 -1
28 2 28 364 125 122 59 -1 -1
28 3 28 1327 77 107 34 -1 -1
28 6 28 834 103 150 71 -1 -1
28 7 28 902 263 371 176 -1 -1
28 11 28 632 70 54 49 -1 -1
28 13 28 364 125 122 59 -1 -1
28 14 28 984 57 96 43 -1 -1
28 15 28 1751 40 29 33 -1 -1
28 16 28 1300 3 73 28 -1 -1
28 0 29 1184 88 112 48 -1 -1
28 1 29 981 57 101 43 -1 -1
28 2 29 363 124 123 59 -1 -1
28 3 29 1327 77 107 34 -1 -1
28 6 29 834 103 151 71 -1 -1
28 7 29 861 262 357 170 -1 -1
28 11 29 632 70 54 49 -1 -1
28 13 29 364 125 122 59 -1 -1
28 15 29 1751 41 29 32 -1 -1
28 16 29 1300 3 73 28 -1 -1
28 0 30 1182 88 114 48 -1 -1
28 1 30 983 57 98 43 -1 -1
28 2 30 364 124 122 59 -1 -1
28 3 30 1326 77 114 36 -1 -1
28 6 30 834 102 152 72 -1 -1
28 7 30 861 262 357 170 -1 -1
28 11 30 632 70 54 49 -1 -1
28 15 30 1751 41 28 32 -1 -1
28 16 30 1300 3 73 28 -1 -1
28 0 31 1182 88 114 48 -1 -1
28 1 31 983 57 97 43 -1 -1
28 2 31 364 124 122 59 -1 -1
28 3 31 1326 77 113 36 -1 -1
28 6 31 834 102 152 72 -1 -1
28 7 31 861 262 357 170 -1 -1
28 11 31 632 70 54 49 -1 -1
28 15 31 1751 41 28 32 -1 -1
28 0 32 1183 88 113 48 -1 -1
28 1 32 983 57 99 43 -1 -1
28 2 32 363 124 123 59 -1 -1
28 3 32 1326 77 114 36 -1 -1
28 6 32 834 102 152 72 -1 -1
28 7 32 821 248 371 182 -1 -1
28 11 32 632 70 54 49 -1 -1
28 15 32 1751 41 27 31 -1 -1
28 0 33 1185 88 111 48 -1 -1
28 1 33 990 57 98 42 -1 -1
28 2 33 363 124 123 58 -1 -1
28 3 33 1326 77 114 37 -1 -1
28 6 33 835 100 151 74 -1 -1
28 7 33 771 240 384 175 -1 -1
28 15 33 1751 41 27 31 -1 -1
28 0 34 1186 88 110 48 -1 -1
28 1 34 990 56 96 43 -1 -1
28 2 34 363 124 123 58 -1 -1
28 3 34 1326 77 114 36 -1 -1
28 6 34 835 100 151 74 -1 -1
28 7 34 751 234 364 183 -1 -1
28 15 34 1751 41 27 31 -1 -1
28 17 34 637 69 50 49 -1 -1
28 0 35 1186 88 110 48 -1 -1
28 1 35 991 56 94 43 -1 -1
28 2 35 363 124 123 58 -1 -1
28 3 35 1326 77 115 36 -1 -1
28 6 35 835 100 151 74 -1 -1
28 7 35 700 233 383 174 -1 -1
28 15 35 1751 41 27 31 -1 -1
28 17 35 637 69 50 49 -1 -1
28 0 36 1185 88 111 48 -1 -1
28 1 36 988 56 99 43 -1 -1
28 2 36 363 124 124 58 -1 -1
28 3 36 1326 77 114 35 -1 -1
28 6 36 835 100 151 74 -1 -1
28 7 36 680 229 358 177 -1 -1
28 17 36 637 69 50 49 -1 -1
28 0 37 1185 88 111 48 -1 -1
28 1 37 983 57 96 42 -1 -1
28 2 37 363 125 123 59 -1 -1
28 3 37 1326 77 113 35 -1 -1
28 6 37 835 99 151 75 -1 -1
28 7 37 653 224 352 175 -1 -1
28 17 37 637 69 50 49 -1 -1
28 0 38 1186 88 109 48 -1 -1
28 1 38 983 57 97 42 -1 -1
28 2 38 364 125 122 58 -1 -1
28 3 38 1326 77 113 36 -1 -1
28 6 38 836 99 150 75 -1 -1
28 7 38 621 220 329 174 -1 -1
28 18 38 1764 124 56 48 -1 -1
28 0 39 1185 88 111 48 -1 -1
28 1 39 982 57 97 42 -1 -1
28 2 39 364 125 122 58 -1 -1
28 3 39 1326 77 113 36 -1 -1
28 6 39 835 100 151 74 -1 -1
28 7 39 593 217 333 171 -1 -1
28 18 39 1764 124 56 48 -1 -1
28 0 40 1189 87 107 49 -1 -1
28 1 40 983 57 93 42 -1 -1
28 2 40 364 125 122 59 -1 -1
28 3 40 1327 78 114 35 -1 -1
28 6 40 835 103 151 71 -1 -1
28 7 40 567 215 329 161 -1 -1
28 18 40 1764 124 56 48 -1 -1
28 19 40 638 69 49 50 -1 -1
28 0 41 1188 87 108 49 -1 -1
28 1 41 984 57 92 42 -1 -1
28 2 41 364 125 122 59 -1 -1
28 3 41 1326 77 115 36 -1 -1
28 6 41 835 103 151 71 -1 -1
28 7 41 540 212 318 160 -1 -1
28 18 41 1764 124 56 48 -1 -1
28 19 41 638 69 49 50 -1 -1
28 20 41 1857 102 63 50 -1 -1
28 0 42 1189 87 107 49 -1 -1
28 1 42 985 57 90 42 -1 -1
28 2 42 364 125 122 59 -1 -1
28 3 42 1326 77 115 36 -1 -1
28 6 42 835 103 151 71 -1 -1
28 7 42 516 210 316 154 -1 -1
28 18 42 1764 124 56 48 -1 -1
28 19 42 638 68 49 51 -1 -1
28 20 42 1857 103 63 50 -1 -1
28 0 43 1188 87 108 49 -1 -1
28 1 43 988 57 100 43 -1 -1
28 2 43 363 124 123 59 -1 -1
28 3 43 1326 77 116 36 -1 -1
28 6 43 836 104 151 70 -1 -1
28 7 43 494 206 307 153 -1 -1
28 19 43 638 68 49 51 -1 -1
28 20 43 1857 103 63 50 -1 -1
28 0 44 1189 87 107 49 -1 -1
28 1 44 990 56 96 43 -1 -1
28 2 44 363 124 123 59 -1 -1
28 3 44 1326 77 116 35 -1 -1
28 6 44 836 102 151 72 -1 -1
28 7 44 473 205 304 149 -1 -1
28 19 44 638 68 49 51 -1 -1
28 20 44 1858 103 62 49 -1 -1
28 0 45 1188 88 108 48 -1 -1
28 1 45 990 56 95 43 -1 -1
28 2 45 363 124 123 59 -1 -1
28 3 45 1326 77 115 34 -1 -1
28 6 45 836 103 150 71 -1 -1
28 7 45 452 204 291 146 -1 -1
28 19 45 637 67 51 52 -1 -1
28 20 45 1858 103 62 49 -1 -1
28 0 46 1188 88 108 48 -1 -1
28 1 46 989 56 96 43 -1 -1
28 2 46 363 126 121 57 -1 -1
28 3 46 1326 77 115 34 -1 -1
28 6 46 836 104 150 70 -1 -1
28 7 46 431 202 288 145 -1 -1
28 19 46 637 67 51 52 -1 -1
28 20 46 1858 103 62 49 -1 -1
28 0 47 1187 88 109 48 -1 -1
28 1 47 990 56 98 43 -1 -1
28 2 47 363 126 122 58 -1 -1
28 3 47 1327 77 114 34 -1 -1
28 6 47 836 102 151 72 -1 -1
28 7 47 408 200 277 140 -1 -1
28 19 47 637 67 51 52 -1 -1
28 20 47 1858 103 62 49 -1 -1
28 0 48 1188 88 108 48 -1 -1
28 1 48 988 57 99 42 -1 -1
28 2 48 362 126 124 59 -1 -1
28 3 48 1327 77 114 34 -1 -1
28 6 48 835 103 152 71 -1 -1
28 7 48 389 201 262 132 -1 -1
28 19 48 637 69 51 50 -1 -1
28 20 48 1859 103 60 48 -1 -1
28 21 48 1326 77 104 38 -1 -1
28 22 48 1332 78 112 33 -1 -1
28 0 49 1190 88 106 48 -1 -1
28 1 49 988 57 99 42 -1 -1
28 2 49 363 126 123 59 -1 -1
28 3 49 1327 78 114 33 -1 -1
28 6 49 835 105 151 69 -1 -1
28 7 49 369 197 256 138 -1 -1
28 19 49 637 68 51 51 -1 -1
28 20 49 1859 103 60 48 -1 -1
28 21 49 1326 78 105 37 -1 -1
28 22 49 1332 78 112 33 -1 -1
28 23 49 363 125 123 60 -1 -1
28 24 49 835 108 115 64 -1 -1
28 0 50 1185 87 112 49 -1 -1
28 1 50 984 58 95 42 -1 -1
28 2 50 363 125 123 60 -1 -1
28 3 50 1327 78 116 35 -1 -1
28 6 50 835 108 105 64 -1 -1
28 7 50 352 193 246 131 -1 -1
28 19 50 637 68 51 51 -1 -1
28 20 50 1859 103 60 48 -1 -1
28 21 50 1326 78 105 37 -1 -1
28 22 50 1332 78 112 33 -1 -1
28 23 50 364 125 123 61 -1 -1
28 24 50 835 108 115 64 -1 -1
28 0 51 1185 87 112 49 -1 -1
28 1 51 984 58 95 42 -1 -1
28 2 51 364 125 123 62 -1 -1
28 3 51 1327 78 116 34 -1 -1
28 6 51 835 108 105 64 -1 -1
28 7 51 335 194 235 127 -1 -1
28 19 51 637 68 51 51 -1 -1
28 20 51 1859 103 60 48 -1 -1
28 21 51 1326 78 105 37 -1 -1
28 22 51 1332 78 112 33 -1 -1
28 23 51 364 125 123 61 -1 -1
28 24 51 835 108 115 64 -1 -1
28 0 52 1186 87 111 49 -1 -1
28 1 52 984 58 94 42 -1 -1
28 2 52 364 125 124 63 -1 -1
28 3 52 1327 78 116 35 -1 -1
28 6 52 835 108 105 64 -1 -1
28 7 52 318 191 227 123 -1 -1
28 19 52 637 68 51 51 -1 -1
28 20 52 1859 102 60 49 -1 -1
28 21 52 1326 78 105 37 -1 -1
28 23 52 364 125 123 61 -1 -1
28 24 52 835 108 115 64 -1 -1
28 0 53 1186 87 111 49 -1 -1
28 1 53 984 58 95 42 -1 -1
28 2 53 362 125 124 63 -1 -1
28 3 53 1327 78 116 34 -1 -1
28 6 53 835 108 105 64 -1 -1
28 7 53 298 189 219 120 -1 -1
28 20 53 1859 102 60 49 -1 -1
28 23 53 364 125 123 61 -1 -1
28 0 54 1186 87 111 49 -1 -1
28 1 54 981 58 100 42 -1 -1
28 2 54 362 124 123 62 -1 -1
28 3 54 1327 78 116 34 -1 -1
28 6 54 835 108 104 64 -1 -1
28 7 54 285 188 209 116 -1 -1
28 20 54 1859 102 60 49 -1 -1
28 0 55 1188 88 109 48 -1 -1
28 1 55 982 57 100 43 -1 -1
28 2 55 362 124 123 61 -1 -1
28 3 55 1327 78 116 34 -1 -1
28 6 55 835 108 105 65 -1 -1
28 7 55 267 187 204 114 -1 -1
28 20 55 1859 102 60 48 -1 -1
28 0 56 1188 88 108 48 -1 -1
28 1 56 982 56 101 44 -1 -1
28 2 56 361 124 125 61 -1 -1
28 3 56 1327 78 116 34 -1 -1
28 6 56 835 108 106 65 -1 -1
28 7 56 252 185 199 114 -1 -1
28 20 56 1859 102 60 47 -1 -1
28 0 57 1188 88 108 48 -1 -1
28 1 57 982 57 100 43 -1 -1
28 2 57 362 125 124 60 -1 -1
28 3 57 1327 78 116 33 -1 -1
28 6 57 835 108 105 65 -1 -1
28 7 57 237 185 194 112 -1 -1
28 20 57 1859 102 60 47 -1 -1
28 0 58 1188 88 108 48 -1 -1
28 1 58 982 56 101 44 -1 -1
28 2 58 362 125 124 60 -1 -1
28 3 58 1327 78 116 33 -1 -1
28 6 58 835 108 107 65 -1 -1
28 7 58 224 184 186 110 -1 -1
28 20 58 1859 102 60 48 -1 -1
28 0 59 1187 87 109 49 -1 -1
28 1 59 982 57 101 43 -1 -1
28 2 59 362 125 123 60 -1 -1
28 3 59 1327 78 116 33 -1 -1
28 6 59 835 108 108 65 -1 -1
28 7 59 209 184 180 103 -1 -1
28 20 59 1859 102 60 48 -1 -1
28 0 60 1180 88 117 49 -1 -1
28 1 60 981 58 100 42 -1 -1
28 2 60 363 124 124 60 -1 -1
28 3 60 1327 78 118 34 -1 -1
28 6 60 835 105 149 69 -1 -1
28 7 60 198 183 174 100 -1 -1
28 20 60 1858 102 61 53 -1 -1
28 0 61 1180 88 117 49 -1 -1
28 1 61 981 58 100 42 -1 -1
28 2 61 364 124 123 60 -1 -1
28 3 61 1327 78 118 34 -1 -1
28 6 61 835 105 150 69 -1 -1
28 7 61 180 183 171 100 -1 -1
28 20 61 1858 102 61 53 -1 -1
28 0 62 1180 88 117 49 -1 -1
28 1 62 981 58 100 42 -1 -1
28 2 62 364 124 123 60 -1 -1
28 3 62 1327 78 118 34 -1 -1
28 6 62 835 105 150 69 -1 -1
28 7 62 172 182 162 97 -1 -1
28 20 62 1858 102 61 53 -1 -1
28 25 62 1054 57 66 41 -1 -1
28 0 63 1181 88 116 49 -1 -1
28 1 63 981 58 100 42 -1 -1
28 2 63 364 124 123 60 -1 -1
28 3 63 1327 78 118 34 -1 -1
28 6 63 835 105 150 69 -1 -1
28 7 63 158 183 156 94 -1 -1
28 20 63 1858 102 61 53 -1 -1
28 25 63 1054 57 66 41 -1 -1
28 26 63 363 124 124 59 -1 -1
28 0 64 1181 88 116 49 -1 -1
28 1 64 981 58 100 42 -1 -1
28 2 64 364 124 123 60 -1 -1
28 3 64 1327 78 118 34 -1 -1
28 6 64 835 108 115 65 -1 -1
28 7 64 147 180 151 94 -1 -1
28 20 64 1858 102 61 53 -1 -1
28 25 64 1055 57 65 41 -1 -1
28 26 64 363 124 124 59 -1 -1
28 0 65 1181 88 116 49 -1 -1
28 1 65 981 58 100 42 -1 -1
28 2 65 364 125 123 59 -1 -1
28 3 65 1327 78 118 34 -1 -1
28 6 65 835 108 115 65 -1 -1
28 7 65 133 181 148 91 -1 -1
28 20 65 1858 102 61 53 -1 -1
28 25 65 1055 57 65 41 -1 -1
28 26 65 363 124 124 59 -1 -1
28 0 66 1181 88 116 49 -1 -1
28 1 66 981 58 100 42 -1 -1
28 2 66 362 125 123 59 -1 -1
28 3 66 1327 78 118 34 -1 -1
28 6 66 835 108 115 65 -1 -1
28 7 66 123 180 144 90 -1 -1
28 20 66 1858 102 61 53 -1 -1
28 25 66 1055 57 65 41 -1 -1
28 26 66 363 124 124 59 -1 -1
28 27 66 1740 55 49 27 -1 -1
28 0 67 1179 88 118 49 -1 -1
28 1 67 980 58 101 42 -1 -1
28 2 67 363 124 123 60 -1 -1
28 3 67 1327 78 118 34 -1 -1
28 6 67 835 108 115 65 -1 -1
28 7 67 110 179 141 89 -1 -1
28 20 67 1858 102 61 53 -1 -1
28 25 67 1055 57 65 41 -1 -1
28 26 67 363 124 124 59 -1 -1
28 27 67 1739 56 53 27 -1 -1
28 0 68 1180 88 117 49 -1 -1
28 1 68 980 58 101 42 -1 -1
28 2 68 363 124 122 59 -1 -1
28 3 68 1327 78 118 34 -1 -1
28 6 68 835 108 115 65 -1 -1
28 7 68 102 177 134 89 -1 -1
28 20 68 1858 102 61 53 -1 -1
28 26 68 363 124 124 59 -1 -1
28 27 68 1742 55 54 29 -1 -1
28 0 69 1180 88 117 49 -1 -1
28 1 69 981 58 99 42 -1 -1
28 2 69 364 124 121 60 -1 -1
28 3 69 1327 78 118 34 -1 -1
28 6 69 835 108 115 65 -1 -1
28 7 69 93 178 126 84 -1 -1
28 20 69 1858 102 61 53 -1 -1
28 27 69 1747 55 55 31 -1 -1
28 0 70 1185 88 112 49 -1 -1
28 1 70 983 58 98 42 -1 -1
28 2 70 364 125 121 59 -1 -1
28 3 70 1328 78 115 34 -1 -1
28 6 70 835 103 152 71 -1 -1
28 7 70 82 177 123 83 -1 -1
28 20 70 1858 102 61 53 -1 -1
28 27 70 1753 57 49 30 -1 -1
28 0 71 1185 88 112 49 -1 -1
28 1 71 982 58 100 42 -1 -1
28 2 71 364 125 121 59 -1 -1
28 3 71 1327 78 117 35 -1 -1
28 6 71 835 103 152 71 -1 -1
28 7 71 72 177 121 82 -1 -1
28 20 71 1858 102 61 53 -1 -1
28 27 71 1758 61 48 27 -1 -1
28 28 71 23 167 88 45 -1 -1
28 29 71 363 124 122 59 -1 -1
28 0 72 1186 89 110 48 -1 -1
28 1 72 984 58 97 42 -1 -1
28 2 72 364 124 122 58 -1 -1
28 3 72 1332 78 110 32 -1 -1
28 6 72 835 104 152 70 -1 -1
28 7 72 59 178 120 78 -1 -1
28 20 72 1858 102 61 53 -1 -1
28 27 72 1769 58 44 29 -1 -1
28 28 72 23 168 81 43 -1 -1
28 29 72 363 124 122 59 -1 -1
28 30 72 1336 78 109 32 -1 -1
28 31 72 1566 60 75 36 -1 -1
28 32 72 638 71 51 47 -1 -1
28 0 73 1185 89 112 48 -1 -1
28 1 73 985 58 96 42 -1 -1
28 2 73 364 124 122 58 -1 -1
28 3 73 1332 78 110 32 -1 -1
28 6 73 835 103 152 71 -1 -1
28 7 73 50 177 116 79 -1 -1
28 27 73 1775 60 39 26 -1 -1
28 28 73 24 169 75 40 -1 -1
28 29 73 365 125 121 59 -1 -1
28 30 73 1336 78 109 32 -1 -1
28 31 73 1566 60 75 36 -1 -1
28 32 73 638 71 51 47 -1 -1
28 0 74 1185 89 112 48 -1 -1
28 1 74 985 58 95 42 -1 -1
28 2 74 364 124 122 58 -1 -1
28 3 74 1332 78 110 32 -1 -1
28 6 74 835 103 152 71 -1 -1
28 7 74 43 177 111 77 -1 -1
28 27 74 1773 62 42 25 -1 -1
28 28 74 24 169 75 40 -1 -1
28 29 74 365 125 121 59 -1 -1
28 30 74 1336 78 109 32 -1 -1
28 31 74 1566 59 75 37 -1 -1
28 32 74 638 71 51 47 -1 -1
28 0 75 1185 89 111 48 -1 -1
28 1 75 986 58 94 42 -1 -1
28 2 75 364 124 122 58 -1 -1
28 3 75 1331 78 112 33 -1 -1
28 6 75 835 102 153 72 -1 -1
28 7 75 34 176 110 79 -1 -1
28 27 75 1773 62 42 25 -1 -1
28 28 75 24 169 75 40 -1 -1
28 29 75 364 125 121 59 -1 -1
28 30 75 1336 78 109 33 -1 -1
28 31 75 1566 59 75 37 -1 -1
28 32 75 638 71 51 47 -1 -1
28 0 76 1184 89 112 48 -1 -1
28 1 76 986 58 93 42 -1 -1
28 2 76 364 124 122 59 -1 -1
28 3 76 1331 78 112 33 -1 -1
28 6 76 835 102 153 72 -1 -1
28 7 76 24 175 107 79 -1 -1
28 27 76 1773 62 42 25 -1 -1
28 28 76 24 169 75 40 -1 -1
28 29 76 365 125 121 59 -1 -1
28 30 76 1336 78 109 33 -1 -1
28 31 76 1566 59 75 37 -1 -1
28 32 76 638 70 51 48 -1 -1
28 0 77 1185 89 111 48 -1 -1
28 1 77 985 58 94 42 -1 -1
28 2 77 365 125 121 59 -1 -1
28 3 77 1331 78 112 33 -1 -1
28 6 77 835 103 153 71 -1 -1
28 7 77 17 173 104 80 -1 -1
28 27 77 1773 62 42 25 -1 -1
28 29 77 365 125 121 59 -1 -1
28 30 77 1336 78 109 33 -1 -1
28 31 77 1566 59 75 37 -1 -1
28 32 77 638 70 51 48 -1 -1
28 0 78 1184 89 112 48 -1 -1
28 1 78 985 58 94 42 -1 -1
28 2 78 365 125 120 59 -1 -1
28 3 78 1331 78 112 33 -1 -1
28 6 78 835 103 153 71 -1 -1
28 7 78 14 175 95 77 -1 -1
28 29 78 365 125 121 59 -1 -1
28 30 78 1335 78 110 33 -1 -1
28 31 78 1566 59 75 37 -1 -1
28 32 78 639 70 50 48 -1 -1
28 0 79 1184 89 112 48 -1 -1
28 1 79 986 58 93 42 -1 -1
28 2 79 365 125 121 59 -1 -1
28 3 79 1331 78 112 33 -1 -1
28 6 79 835 103 153 71 -1 -1
28 7 79 8 176 91 77 -1 -1
28 29 79 365 125 121 59 -1 -1
28 30 79 1335 78 110 33 -1 -1
28 31 79 1566 59 74 37 -1 -1
28 32 79 639 70 50 48 -1 -1
28 0 80 1182 88 114 49 -1 -1
28 1 80 987 58 90 41 -1 -1
28 2 80 363 125 123 59 -1 -1
28 3 80 1331 78 110 32 -1 -1
28 6 80 835 106 152 68 -1 -1
28 7 80 0 175 89 83 -1 -1
28 29 80 362 124 123 59 -1 -1
28 30 80 1335 78 110 33 -1 -1
28 31 80 1566 59 74 37 -1 -1
28 32 80 639 70 50 48 -1 -1
28 33 80 1779 117 40 39 -1 -1
28 0 81 1182 88 114 49 -1 -1
28 1 81 988 58 89 41 -1 -1
28 2 81 363 125 123 59 -1 -1
28 3 81 1331 78 110 32 -1 -1
28 6 81 835 106 153 68 -1 -1
28 7 81 1 176 78 77 -1 -1
28 29 81 362 124 123 59 -1 -1
28 30 81 1335 78 110 33 -1 -1
28 31 81 1566 59 74 37 -1 -1
28 32 81 639 70 50 48 -1 -1
28 33 81 1779 117 40 39 -1 -1
28 0 82 1182 88 114 49 -1 -1
28 1 82 988 58 88 41 -1 -1
28 2 82 363 125 123 59 -1 -1
28 3 82 1331 78 110 32 -1 -1
28 6 82 835 106 152 68 -1 -1
28 7 82 1 176 78 77 -1 -1
28 29 82 362 124 123 59 -1 -1
28 30 82 1335 78 110 33 -1 -1
28 31 82 1566 59 74 37 -1 -1
28 32 82 639 70 50 48 -1 -1
28 33 82 1779 117 40 39 -1 -1
28 0 83 1183 88 113 49 -1 -1
28 1 83 988 58 88 41 -1 -1
28 2 83 363 125 123 59 -1 -1
28 3 83 1331 78 110 32 -1 -1
28 6 83 835 106 152 68 -1 -1
28 7 83 1 176 78 77 -1 -1
28 29 83 362 124 123 59 -1 -1
28 33 83 1779 117 40 39 -1 -1
28 0 84 1185 87 111 49 -1 -1
28 1 84 986 58 91 41 -1 -1
28 2 84 362 125 124 59 -1 -1
28 3 84 1330 77 109 34 -1 -1
28 6 84 835 103 153 71 -1 -1
28 7 84 1 176 78 77 -1 -1
28 29 84 362 124 123 59 -1 -1
28 33 84 1779 117 40 39 -1 -1
28 0 85 1185 87 111 49 -1 -1
28 1 85 986 57 91 42 -1 -1
28 2 85 362 125 124 59 -1 -1
28 3 85 1329 77 110 34 -1 -1
28 6 85 835 103 153 71 -1 -1
28 29 85 362 124 123 59 -1 -1
28 0 86 1185 87 111 49 -1 -1
28 1 86 986 58 93 41 -1 -1
28 2 86 362 125 124 59 -1 -1
28 3 86 1329 77 110 34 -1 -1
28 6 86 835 103 153 71 -1 -1
28 29 86 362 124 123 59 -1 -1
28 0 87 1185 87 111 49 -1 -1
28 1 87 986 58 92 41 -1 -1
28 2 87 362 125 124 59 -1 -1
28 3 87 1330 77 109 34 -1 -1
28 6 87 835 103 152 71 -1 -1
28 29 87 362 124 123 59 -1 -1
28 0 88 1185 87 111 49 -1 -1
28 1 88 986 58 93 41 -1 -1
28 2 88 362 125 124 59 -1 -1
28 3 88 1330 77 109 34 -1 -1
28 6 88 835 103 152 71 -1 -1
28 29 88 362 124 123 59 -1 -1
28 0 89 1185 87 111 49 -1 -1
28 1 89 986 58 93 41 -1 -1
28 2 89 362 125 124 59 -1 -1
28 3 89 1329 77 110 34 -1 -1
28 6 89 835 103 152 71 -1 -1
28 29 89 362 124 123 59 -1 -1
28 0 90 1186 87 111 50 -1 -1
28 1 90 983 58 100 42 -1 -1
28 2 90 362 124 123 59 -1 -1
28 3 90 1327 78 114 34 -1 -1
28 6 90 835 106 153 68 -1 -1
28 29 90 363 124 123 59 -1 -1
28 0 91 1186 87 111 50 -1 -1
28 1 91 983 58 100 42 -1 -1
28 2 91 363 124 123 59 -1 -1
28 3 91 1328 78 111 34 -1 -1
28 6 91 835 106 153 68 -1 -1
28 29 91 363 124 123 59 -1 -1
28 34 91 1860 103 60 49 -1 -1
28 0 92 1186 87 111 50 -1 -1
28 1 92 983 58 98 42 -1 -1
28 2 92 363 124 123 59 -1 -1
28 3 92 1328 78 112 34 -1 -1
28 6 92 835 106 153 68 -1 -1
28 29 92 363 124 123 59 -1 -1
28 34 92 1860 103 60 49 -1 -1
28 0 93 1186 87 111 50 -1 -1
28 1 93 983 58 99 42 -1 -1
28 2 93 363 124 123 59 -1 -1
28 3 93 1328 78 112 34 -1 -1
28 6 93 835 105 153 69 -1 -1
28 29 93 363 124 123 59 -1 -1
28 34 93 1860 103 60 49 -1 -1
28 0 94 1185 87 112 50 -1 -1
28 1 94 983 58 99 42 -1 -1
28 2 94 363 124 123 59 -1 -1
28 3 94 1328 78 112 34 -1 -1
28 6 94 835 106 153 68 -1 -1
28 34 94 1859 104 61 47 -1 -1
28 35 94 1732 77 33 28 -1 -1
28 36 94 1778 118 41 39 -1 -1
28 0 95 1185 87 112 50 -1 -1
28 1 95 983 58 99 42 -1 -1
28 2 95 363 124 123 59 -1 -1
28 3 95 1328 78 112 34 -1 -1
28 6 95 835 106 152 68 -1 -1
28 34 95 1859 103 61 49 -1 -1
28 35 95 1732 77 33 28 -1 -1
28 36 95 1778 117 41 40 -1 -1
28 0 96 1186 87 111 50 -1 -1
28 1 96 982 58 99 42 -1 -1
28 2 96 363 124 124 59 -1 -1
28 3 96 1329 78 110 33 -1 -1
28 6 96 836 108 146 66 -1 -1
28 34 96 1858 103 62 49 -1 -1
28 35 96 1732 77 33 28 -1 -1
28 36 96 1778 117 40 39 -1 -1
28 37 96 363 124 123 59 -1 -1
28 38 96 1838 76 55 27 -1 -1
28 39 96 835 108 136 66 -1 -1
28 0 97 1186 87 110 50 -1 -1
28 1 97 982 58 99 42 -1 -1
28 2 97 363 124 124 59 -1 -1
28 3 97 1329 78 111 33 -1 -1
28 6 97 836 107 147 67 -1 -1
28 34 97 1858 103 62 48 -1 -1
28 35 97 1726 81 32 26 -1 -1
28 36 97 1778 117 41 39 -1 -1
28 37 97 363 124 123 59 -1 -1
28 38 97 1838 76 55 27 -1 -1
28 39 97 835 108 136 66 -1 -1
28 0 98 1185 87 112 50 -1 -1
28 1 98 982 58 100 42 -1 -1
28 2 98 361 125 124 58 -1 -1
28 3 98 1329 78 111 33 -1 -1
28 6 98 836 107 149 68 -1 -1
28 34 98 1858 103 62 49 -1 -1
28 35 98 1726 79 33 29 -1 -1
28 36 98 1778 117 41 39 -1 -1
28 37 98 363 124 123 59 -1 -1
28 38 98 1838 76 55 27 -1 -1
28 39 98 835 108 136 66 -1 -1
28 0 99 1184 87 113 50 -1 -1
28 1 99 982 58 99 42 -1 -1
28 2 99 361 125 125 58 -1 -1
28 3 99 1329 78 110 32 -1 -1
28 6 99 836 107 149 68 -1 -1
28 34 99 1858 102 62 50 -1 -1
28 35 99 1722 79 33 30 -1 -1
28 36 99 1779 117 40 39 -1 -1
28 37 99 363 124 123 59 -1 -1
28 38 99 1838 76 55 27 -1 -1
28 39 99 835 108 136 66 -1 -1
28 0 100 1184 88 112 48 -1 -1
28 1 100 981 58 99 42 -1 -1
28 2 100 365 124 122 59 -1 -1
28 3 100 1328 78 114 37 -1 -1
28 6 100 834 109 130 64 -1 -1
28 34 100 1858 103 62 51 -1 -1
28 35 100 1719 81 33 28 -1 -1
28 36 100 1778 117 40 40 -1 -1
28 37 100 363 124 123 59 -1 -1
28 38 100 1838 76 55 27 -1 -1
28 40 100 636 70 51 49 -1 -1
28 0 101 1184 88 112 48 -1 -1
28 1 101 981 58 101 42 -1 -1
28 2 101 365 124 121 59 -1 -1
28 3 101 1328 78 115 37 -1 -1
28 6 101 834 109 129 65 -1 -1
28 34 101 1858 103 62 51 -1 -1
28 35 101 1719 81 33 28 -1 -1
28 36 101 1778 117 40 40 -1 -1
28 38 101 1835 76 56 26 -1 -1
28 40 101 635 70 52 49 -1 -1
28 0 102 1184 87 112 49 -1 -1
28 1 102 981 58 100 41 -1 -1
28 2 102 365 124 122 59 -1 -1
28 3 102 1328 78 114 37 -1 -1
28 6 102 834 109 130 65 -1 -1
28 34 102 1857 103 63 51 -1 -1
28 35 102 1714 80 34 31 -1 -1
28 36 102 1778 118 40 39 -1 -1
28 38 102 1835 76 56 26 -1 -1
28 40 102 635 70 52 49 -1 -1
28 0 103 1184 87 112 49 -1 -1
28 1 103 981 58 101 41 -1 -1
28 2 103 365 124 122 59 -1 -1
28 3 103 1328 78 115 37 -1 -1
28 6 103 834 108 130 66 -1 -1
28 34 103 1858 103 62 51 -1 -1
28 35 103 1711 85 34 27 -1 -1
28 36 103 1778 118 40 39 -1 -1
28 38 103 1835 76 56 26 -1 -1
28 40 103 636 70 51 49 -1 -1
28 0 104 1183 88 113 48 -1 -1
28 1 104 981 58 102 42 -1 -1
28 2 104 365 124 122 59 -1 -1
28 3 104 1328 78 115 37 -1 -1
28 6 104 834 109 132 65 -1 -1
28 34 104 1858 103 62 51 -1 -1
28 35 104 1709 81 35 31 -1 -1
28 36 104 1778 118 40 39 -1 -1
28 38 104 1835 76 56 26 -1 -1
28 40 104 636 71 51 48 -1 -1
28 0 105 1182 87 114 49 -1 -1
28 1 105 981 58 101 42 -1 -1
28 2 105 365 124 121 59 -1 -1
28 3 105 1328 78 115 37 -1 -1
28 6 105 834 109 134 65 -1 -1
28 34 105 1858 104 62 51 -1 -1
28 35 105 1708 82 36 31 -1 -1
28 36 105 1778 118 40 39 -1 -1
28 40 105 638 70 49 48 -1 -1
28 0 106 1182 87 114 49 -1 -1
28 1 106 981 58 100 42 -1 -1
28 2 106 365 124 121 59 -1 -1
28 3 106 1327 78 116 37 -1 -1
28 6 106 834 108 135 66 -1 -1
28 34 106 1858 104 62 51 -1 -1
28 35 106 1706 84 36 30 -1 -1
28 40 106 637 70 50 48 -1 -1
28 0 107 1183 88 113 48 -1 -1
28 1 107 981 58 102 42 -1 -1
28 2 107 365 124 121 59 -1 -1
28 3 107 1328 78 115 37 -1 -1
28 6 107 834 108 134 66 -1 -1
28 34 107 1858 104 62 51 -1 -1
28 35 107 1704 85 36 30 -1 -1
28 40 107 637 70 50 48 -1 -1
28 0 108 1180 88 115 48 -1 -1
28 1 108 981 58 99 41 -1 -1
28 2 108 365 124 121 59 -1 -1
28 3 108 1327 78 118 37 -1 -1
28 6 108 835 108 150 66 -1 -1
28 34 108 1858 103 62 50 -1 -1
28 35 108 1701 89 36 27 -1 -1
28 40 108 638 71 49 47 -1 -1
28 41 108 1565 60 74 37 -1 -1
28 0 109 1180 88 115 48 -1 -1
28 1 109 981 58 100 41 -1 -1
28 2 109 365 124 121 59 -1 -1
28 3 109 1327 78 118 37 -1 -1
28 6 109 835 108 150 66 -1 -1
28 34 109 1858 103 62 50 -1 -1
28 35 109 1698 89 37 30 -1 -1
28 40 109 638 71 49 48 -1 -1
28 41 109 1565 60 74 37 -1 -1
28 0 110 1183 88 114 49 -1 -1
28 1 110 982 57 102 43 -1 -1
28 2 110 363 124 123 59 -1 -1
28 3 110 1327 78 117 35 -1 -1
28 6 110 835 107 151 67 -1 -1
28 34 110 1859 103 60 48 -1 -1
28 35 110 1696 87 39 32 -1 -1
28 40 110 638 71 49 48 -1 -1
28 41 110 1565 60 74 37 -1 -1
28 0 111 1184 88 113 49 -1 -1
28 1 111 983 57 101 43 -1 -1
28 2 111 364 124 122 59 -1 -1
28 3 111 1327 78 117 35 -1 -1
28 6 111 835 106 152 68 -1 -1
28 34 111 1858 103 61 48 -1 -1
28 35 111 1693 88 40 32 -1 -1
28 40 111 638 71 49 48 -1 -1
28 41 111 1565 60 74 37 -1 -1
28 0 112 1183 88 114 49 -1 -1
28 1 112 982 57 102 43 -1 -1
28 2 112 364 125 122 58 -1 -1
28 3 112 1327 78 117 35 -1 -1
28 6 112 835 106 153 68 -1 -1
28 34 112 1858 103 61 48 -1 -1
28 35 112 1690 89 41 32 -1 -1
28 40 112 638 71 49 48 -1 -1
28 41 112 1565 60 74 37 -1 -1
28 0 113 1183 88 114 49 -1 -1
28 1 113 983 57 101 43 -1 -1
28 2 113 362 124 125 59 -1 -1
28 3 113 1327 78 117 35 -1 -1
28 6 113 835 107 152 67 -1 -1
28 34 113 1858 103 61 48 -1 -1
28 35 113 1690 89 41 32 -1 -1
28 0 114 1184 88 113 48 -1 -1
28 1 114 983 57 102 43 -1 -1
28 2 114 363 124 123 59 -1 -1
28 3 114 1327 78 116 35 -1 -1
28 6 114 835 106 152 69 -1 -1
28 34 114 1858 103 61 48 -1 -1
28 35 114 1684 86 41 39 -1 -1
28 0 115 1184 88 113 48 -1 -1
28 1 115 982 57 103 43 -1 -1
28 2 115 363 124 123 59 -1 -1
28 3 115 1328 78 115 35 -1 -1
28 6 115 835 107 152 67 -1 -1
28 34 115 1858 103 61 48 -1 -1
28 35 115 1682 90 41 37 -1 -1
28 42 115 1685 76 39 25 -1 -1
28 0 116 1184 88 113 48 -1 -1
28 1 116 982 57 103 43 -1 -1
28 2 116 362 124 125 59 -1 -1
28 3 116 1328 78 115 35 -1 -1
28 6 116 835 106 152 69 -1 -1
28 34 116 1858 103 61 48 -1 -1
28 35 116 1679 91 42 37 -1 -1
28 42 116 1683 77 44 24 -1 -1
28 0 117 1187 88 110 49 -1 -1
28 1 117 982 57 104 43 -1 -1
28 2 117 363 124 123 59 -1 -1
28 3 117 1328 78 116 35 -1 -1
28 6 117 836 105 152 70 -1 -1
28 34 117 1858 103 61 48 -1 -1
28 35 117 1675 93 44 37 -1 -1
28 42 117 1685 78 43 23 -1 -1
28 43 117 1043 57 77 42 -1 -1
28 0 118 1187 88 110 48 -1 -1
28 1 118 982 57 104 43 -1 -1
28 2 118 363 124 123 59 -1 -1
28 3 118 1328 78 116 35 -1 -1
28 6 118 836 106 152 69 -1 -1
28 34 118 1859 103 60 47 -1 -1
28 35 118 1672 96 45 34 -1 -1
28 42 118 1684 79 47 23 -1 -1
28 43 118 1044 57 76 42 -1 -1
28 44 118 1 200 80 100 -1 -1
28 0 119 1186 88 111 48 -1 -1
28 1 119 982 57 104 43 -1 -1
28 2 119 363 124 123 59 -1 -1
28 3 119 1329 77 114 35 -1 -1
28 6 119 836 106 152 69 -1 -1
28 34 119 1858 103 61 48 -1 -1
28 35 119 1668 96 47 35 -1 -1
28 42 119 1684 79 47 23 -1 -1
28 43 119 1044 57 76 42 -1 -1
28 44 119 1 200 80 100 -1 -1
28 0 120 1184 88 113 49 -1 -1
28 1 120 987 56 101 43 -1 -1
28 2 120 364 125 120 59 -1 -1
28 3 120 1329 78 111 33 -1 -1
28 6 120 836 107 152 67 -1 -1
28 34 120 1858 104 62 49 -1 -1
28 35 120 1665 99 44 33 -1 -1
28 42 120 1684 79 47 23 -1 -1
28 43 120 1044 57 76 42 -1 -1
28 44 120 1 205 100 98 -1 -1
28 45 120 637 70 50 48 -1 -1
28 46 120 1566 61 73 35 -1 -1
28 0 121 1184 88 113 49 -1 -1
28 1 121 988 55 100 44 -1 -1
28 2 121 364 125 120 59 -1 -1
28 3 121 1329 78 111 33 -1 -1
28 6 121 836 107 152 67 -1 -1
28 34 121 1858 104 62 49 -1 -1
28 35 121 1662 102 44 32 -1 -1
28 42 121 1684 79 47 23 -1 -1
28 43 121 1044 57 76 42 -1 -1
28 44 121 3 204 106 104 -1 -1
28 45 121 637 70 50 48 -1 -1
28 46 121 1566 61 73 35 -1 -1
28 0 122 1184 88 113 49 -1 -1
28 1 122 989 55 98 44 -1 -1
28 2 122 364 125 120 58 -1 -1
28 3 122 1329 78 111 32 -1 -1
28 6 122 836 106 152 68 -1 -1
28 34 122 1858 104 62 49 -1 -1
28 35 122 1656 100 45 35 -1 -1
28 44 122 2 206 120 103 -1 -1
28 45 122 638 69 49 49 -1 -1
28 46 122 1566 61 73 35 -1 -1
28 47 122 1663 76 50 28 -1 -1
28 0 123 1184 87 113 50 -1 -1
28 1 123 988 55 100 44 -1 -1
28 2 123 364 125 120 58 -1 -1
28 3 123 1330 78 111 32 -1 -1
28 6 123 836 106 152 68 -1 -1
28 34 123 1858 104 61 49 -1 -1
28 35 123 1653 102 46 35 -1 -1
28 44 123 3 208 128 104 -1 -1
28 45 123 637 69 50 50 -1 -1
28 46 123 1565 61 75 35 -1 -1
28 47 123 1659 76 57 28 -1 -1
28 48 123 366 125 119 59 -1 -1
28 0 124 1183 87 114 50 -1 -1
28 1 124 988 55 100 44 -1 -1
28 2 124 364 125 120 58 -1 -1
28 3 124 1332 78 110 32 -1 -1
28 6 124 835 106 153 68 -1 -1
28 34 124 1858 102 62 51 -1 -1
28 35 124 1650 103 46 35 -1 -1
28 44 124 0 209 141 110 -1 -1
28 45 124 637 69 50 50 -1 -1
28 46 124 1565 61 75 35 -1 -1
28 47 124 1659 76 57 28 -1 -1
28 48 124 366 125 119 59 -1 -1
28 0 125 1185 88 112 49 -1 -1
28 1 125 989 55 98 44 -1 -1
28 2 125 366 125 119 58 -1 -1
28 3 125 1331 78 112 33 -1 -1
28 6 125 835 107 153 67 -1 -1
28 34 125 1858 102 62 51 -1 -1
28 35 125 1645 104 47 36 -1 -1
28 44 125 24 209 127 112 -1 -1
28 45 125 637 69 50 50 -1 -1
28 46 125 1565 61 75 35 -1 -1
28 47 125 1659 76 57 28 -1 -1
28 48 125 366 125 119 59 -1 -1
28 0 126 1184 88 113 49 -1 -1
28 1 126 989 54 97 45 -1 -1
28 2 126 366 125 119 59 -1 -1
28 3 126 1329 77 114 34 -1 -1
28 6 126 835 106 153 68 -1 -1
28 34 126 1858 103 62 50 -1 -1
28 35 126 1643 104 46 38 -1 -1
28 44 126 19 210 141 113 -1 -1
28 45 126 637 69 50 50 -1 -1
28 46 126 1564 60 76 37 -1 -1
28 47 126 1659 76 57 28 -1 -1
28 48 126 366 125 119 59 -1 -1
28 0 127 1185 88 112 49 -1 -1
28 1 127 988 54 99 45 -1 -1
28 2 127 366 125 119 59 -1 -1
28 3 127 1330 78 113 34 -1 -1
28 6 127 835 104 153 70 -1 -1
28 34 127 1858 103 62 50 -1 -1
28 35 127 1638 109 47 35 -1 -1
28 44 127 34 209 138 117 -1 -1
28 45 127 637 69 50 50 -1 -1
28 46 127 1564 60 76 37 -1 -1
28 48 127 364 125 120 58 -1 -1
28 0 128 1185 88 112 49 -1 -1
28 1 128 988 54 100 45 -1 -1
28 2 128 366 125 119 59 -1 -1
28 3 128 1328 78 115 34 -1 -1
28 6 128 835 105 153 69 -1 -1
28 34 128 1858 104 62 50 -1 -1
28 35 128 1633 109 47 36 -1 -1
28 44 128 64 215 117 111 -1 -1
28 45 128 637 69 50 50 -1 -1
28 46 128 1565 61 74 36 -1 -1
28 48 128 364 125 120 58 -1 -1
28 0 129 1182 88 115 49 -1 -1
28 1 129 982 57 103 43 -1 -1
28 2 129 366 125 119 59 -1 -1
28 3 129 1328 78 115 34 -1 -1
28 6 129 835 105 153 69 -1 -1
28 34 129 1858 104 62 50 -1 -1
28 35 129 1628 111 51 36 -1 -1
28 44 129 47 214 147 116 -1 -1
28 45 129 637 69 50 50 -1 -1
28 46 129 1565 60 74 37 -1 -1
28 48 129 364 125 121 58 -1 -1
28 0 130 1180 87 116 50 -1 -1
28 1 130 990 55 94 44 -1 -1
28 2 130 365 125 121 58 -1 -1
28 3 130 1328 78 116 33 -1 -1
28 6 130 835 106 152 68 -1 -1
28 34 130 1859 101 60 51 -1 -1
28 35 130 1622 111 51 38 -1 -1
28 44 130 41 217 162 114 -1 -1
28 45 130 637 69 50 50 -1 -1
28 46 130 1565 60 74 37 -1 -1
28 48 130 364 125 121 58 -1 -1
28 49 130 1660 74 66 33 -1 -1
28 0 131 1180 87 116 50 -1 -1
28 1 131 991 54 93 45 -1 -1
28 2 131 365 125 121 58 -1 -1
28 3 131 1328 78 116 33 -1 -1
28 6 131 835 106 152 68 -1 -1
28 34 131 1859 101 60 51 -1 -1
28 35 131 1618 113 52 37 -1 -1
28 44 131 37 217 177 117 -1 -1
28 45 131 637 69 50 50 -1 -1
28 46 131 1565 60 74 37 -1 -1
28 48 131 364 125 121 58 -1 -1
28 49 131 1660 74 64 32 -1 -1
28 0 132 1186 87 110 50 -1 -1
28 1 132 990 56 95 43 -1 -1
28 2 132 364 125 122 58 -1 -1
28 3 132 1328 78 116 33 -1 -1
28 6 132 835 106 153 68 -1 -1
28 34 132 1858 103 61 50 -1 -1
28 35 132 1615 114 51 38 -1 -1
28 44 132 66 219 157 117 -1 -1
28 45 132 637 69 50 50 -1 -1
28 46 132 1565 60 74 37 -1 -1
28 48 132 364 125 121 58 -1 -1
28 49 132 1662 74 65 32 -1 -1
28 0 133 1186 87 110 50 -1 -1
28 1 133 991 56 94 43 -1 -1
28 2 133 364 125 122 58 -1 -1
28 3 133 1328 78 116 33 -1 -1
28 6 133 835 106 153 68 -1 -1
28 34 133 1858 103 61 50 -1 -1
28 35 133 1608 115 53 38 -1 -1
28 44 133 61 218 171 123 -1 -1
28 49 133 1662 74 65 32 -1 -1
28 0 134 1186 87 110 50 -1 -1
28 1 134 989 57 97 42 -1 -1
28 2 134 364 124 122 59 -1 -1
28 3 134 1328 78 116 33 -1 -1
28 6 134 835 105 153 69 -1 -1
28 34 134 1858 103 61 50 -1 -1
28 35 134 1603 115 52 41 -1 -1
28 44 134 59 219 182 122 -1 -1
28 49 134 1662 74 65 32 -1 -1
28 50 134 1751 43 31 30 -1 -1
28 0 135 1183 87 113 50 -1 -1
28 1 135 990 56 96 43 -1 -1
28 2 135 362 125 122 59 -1 -1
28 3 135 1328 78 113 34 -1 -1
28 6 135 836 106 151 69 -1 -1
28 34 135 1858 103 61 50 -1 -1
28 35 135 1598 116 54 43 -1 -1
28 44 135 71 219 181 127 -1 -1
28 49 135 1662 74 65 32 -1 -1
28 50 135 1751 42 29 31 -1 -1
28 0 136 1183 87 113 50 -1 -1
28 1 136 990 56 98 43 -1 -1
28 2 136 362 125 122 59 -1 -1
28 3 136 1330 78 112 33 -1 -1
28 6 136 836 106 151 69 -1 -1
28 34 136 1858 102 62 51 -1 -1
28 35 136 1593 117 55 44 -1 -1
28 44 136 85 221 175 129 -1 -1
28 49 136 1662 74 65 32 -1 -1
28 50 136 1751 42 30 31 -1 -1
28 51 136 1765 122 53 53 -1 -1
28 52 136 1565 61 73 38 -1 -1
28 0 137 1186 87 110 49 -1 -1
28 1 137 990 55 99 45 -1 -1
28 2 137 361 125 123 58 -1 -1
28 3 137 1327 78 117 33 -1 -1
28 6 137 836 106 151 69 -1 -1
28 34 137 1857 102 63 51 -1 -1
28 35 137 1587 121 58 42 -1 -1
28 44 137 79 221 189 130 -1 -1
28 49 137 1662 74 65 32 -1 -1
28 50 137 1751 42 31 31 -1 -1
28 51 137 1765 122 53 53 -1 -1
28 52 137 1564 60 73 38 -1 -1
28 53 137 362 125 123 59 -1 -1
28 0 138 1186 87 111 49 -1 -1
28 1 138 989 55 102 45 -1 -1
28 2 138 361 125 124 58 -1 -1
28 3 138 1328 78 116 33 -1 -1
28 6 138 836 106 150 69 -1 -1
28 34 138 1858 102 62 52 -1 -1
28 35 138 1581 126 57 40 -1 -1
28 44 138 79 221 189 130 -1 -1
28 50 138 1750 42 31 31 -1 -1
28 51 138 1765 123 54 53 -1 -1
28 52 138 1564 60 73 38 -1 -1
28 53 138 362 125 123 59 -1 -1
28 0 139 1186 87 111 50 -1 -1
28 1 139 990 54 98 45 -1 -1
28 2 139 362 125 123 59 -1 -1
28 3 139 1328 78 114 34 -1 -1
28 6 139 836 106 150 69 -1 -1
28 34 139 1857 102 63 52 -1 -1
28 35 139 1574 125 62 44 -1 -1
28 44 139 110 222 176 132 -1 -1
28 50 139 1750 42 30 31 -1 -1
28 51 139 1765 123 54 53 -1 -1
28 52 139 1564 60 73 38 -1 -1
28 53 139 362 124 124 59 -1 -1
28 0 140 1179 88 117 49 -1 -1
28 1 140 982 57 103 43 -1 -1
28 2 140 362 125 123 59 -1 -1
28 3 140 1327 78 114 34 -1 -1
28 6 140 836 106 150 69 -1 -1
28 34 140 1858 102 61 51 -1 -1
28 35 140 1568 129 62 43 -1 -1
28 44 140 112 222 183 133 -1 -1
28 50 140 1751 42 30 31 -1 -1
28 51 140 1765 123 54 53 -1 -1
28 52 140 1564 60 73 38 -1 -1
28 53 140 362 124 124 59 -1 -1
28 54 140 640 68 48 49 -1 -1
28 0 141 1179 88 117 49 -1 -1
28 1 141 981 57 106 43 -1 -1
28 2 141 362 125 123 59 -1 -1
28 3 141 1327 78 114 34 -1 -1
28 6 141 836 106 150 69 -1 -1
28 34 141 1857 102 62 52 -1 -1
28 35 141 1562 132 61 42 -1 -1
28 44 141 105 223 197 136 -1 -1
28 50 141 1750 42 30 31 -1 -1
28 51 141 1776 117 42 40 -1 -1
28 53 141 362 124 124 59 -1 -1
28 54 141 640 68 48 49 -1 -1
28 55 141 1562 132 61 42 -1 -1
28 56 141 1047 56 72 42 -1 -1
28 0 142 1179 87 117 50 -1 -1
28 1 142 981 57 105 43 -1 -1
28 2 142 362 125 123 59 -1 -1
28 3 142 1327 78 113 34 -1 -1
28 6 142 836 107 148 67 -1 -1
28 34 142 1857 102 62 51 -1 -1
28 35 142 1554 133 64 44 -1 -1
28 44 142 110 223 200 137 -1 -1
28 50 142 1750 42 30 31 -1 -1
28 51 142 1776 117 42 40 -1 -1
28 53 142 363 125 123 58 -1 -1
28 54 142 641 69 47 48 -1 -1
28 55 142 1562 132 61 42 -1 -1
28 56 142 1047 56 72 42 -1 -1
28 0 143 1179 87 117 50 -1 -1
28 1 143 981 57 105 43 -1 -1
28 2 143 362 125 123 59 -1 -1
28 3 143 1327 78 114 34 -1 -1
28 6 143 837 108 145 66 -1 -1
28 34 143 1858 102 61 51 -1 -1
28 35 143 1548 134 66 45 -1 -1
28 44 143 136 225 181 136 -1 -1
28 50 143 1750 42 30 31 -1 -1
28 51 143 1776 117 42 40 -1 -1
28 53 143 362 125 124 58 -1 -1
28 54 143 640 69 48 48 -1 -1
28 55 143 1562 132 61 42 -1 -1
28 56 143 1047 56 72 42 -1 -1
28 0 144 1179 87 117 50 -1 -1
28 1 144 980 57 104 43 -1 -1
28 2 144 361 124 124 60 -1 -1
28 3 144 1327 77 108 33 -1 -1
28 6 144 834 108 134 66 -1 -1
28 34 144 1858 102 61 51 -1 -1
28 35 144 1542 134 65 46 -1 -1
28 44 144 135 224 189 140 -1 -1
28 50 144 1748 42 31 31 -1 -1
28 51 144 1778 118 39 38 -1 -1
28 53 144 362 125 124 58 -1 -1
28 54 144 640 70 48 47 -1 -1
28 55 144 1562 132 61 42 -1 -1
28 56 144 1047 56 72 42 -1 -1
28 57 144 1564 60 77 39 -1 -1
28 0 145 1179 87 117 50 -1 -1
28 1 145 981 57 101 43 -1 -1
28 2 145 361 125 124 59 -1 -1
28 3 145 1327 77 108 33 -1 -1
28 6 145 834 108 135 66 -1 -1
28 34 145 1859 101 60 50 -1 -1
28 35 145 1535 137 66 45 -1 -1
28 44 145 119 228 215 137 -1 -1
28 50 145 1749 42 30 31 -1 -1
28 51 145 1778 118 39 38 -1 -1
28 53 145 362 125 124 58 -1 -1
28 54 145 640 70 47 47 -1 -1
28 57 145 1564 60 77 39 -1 -1
28 0 146 1177 87 119 50 -1 -1
28 1 146 981 57 102 43 -1 -1
28 2 146 361 124 124 60 -1 -1
28 3 146 1328 78 109 33 -1 -1
28 6 146 834 108 135 66 -1 -1
28 34 146 1859 101 60 50 -1 -1
28 35 146 1525 141 71 43 -1 -1
28 44 146 121 226 221 143 -1 -1
28 50 146 1749 42 30 31 -1 -1
28 51 146 1778 117 39 39 -1 -1
28 53 146 362 125 124 58 -1 -1
28 54 146 639 70 48 47 -1 -1
28 57 146 1564 60 77 39 -1 -1
28 0 147 1179 88 117 49 -1 -1
28 1 147 982 57 103 43 -1 -1
28 2 147 361 125 124 59 -1 -1
28 3 147 1328 77 115 34 -1 -1
28 6 147 834 108 128 65 -1 -1
28 34 147 1859 102 60 49 -1 -1
28 35 147 1521 142 70 44 -1 -1
28 44 147 130 226 219 145 -1 -1
28 50 147 1749 42 30 31 -1 -1
28 51 147 1778 117 40 39 -1 -1
28 54 147 639 70 49 47 -1 -1
28 57 147 1564 60 77 39 -1 -1
28 58 147 1128 57 78 38 -1 -1
28 0 148 1179 88 117 49 -1 -1
28 1 148 981 56 103 44 -1 -1
28 2 148 360 124 125 60 -1 -1
28 3 148 1328 77 115 34 -1 -1
28 6 148 834 108 127 65 -1 -1
28 34 148 1859 102 60 49 -1 -1
28 35 148 1510 143 74 46 -1 -1
28 44 148 134 225 224 148 -1 -1
28 50 148 1750 42 30 30 -1 -1
28 51 148 1778 117 40 39 -1 -1
28 54 148 639 70 49 47 -1 -1
28 57 148 1563 60 76 38 -1 -1
28 58 148 1128 57 78 38 -1 -1
28 0 149 1179 88 117 49 -1 -1
28 1 149 981 56 104 44 -1 -1
28 2 149 360 124 125 60 -1 -1
28 3 149 1327 77 116 35 -1 -1
28 6 149 834 108 125 66 -1 -1
28 34 149 1859 101 60 50 -1 -1
28 35 149 1503 143 74 48 -1 -1
28 44 149 140 226 228 148 -1 -1
28 50 149 1750 42 30 30 -1 -1
28 51 149 1778 117 39 39 -1 -1
28 54 149 639 70 49 47 -1 -1
28 57 149 1563 60 76 38 -1 -1
28 58 149 1128 57 78 38 -1 -1
28 0 150 1185 88 110 49 -1 -1
28 1 150 983 56 102 44 -1 -1
28 2 150 361 124 125 60 -1 -1
28 3 150 1328 77 111 34 -1 -1
28 6 150 836 106 150 68 -1 -1
28 34 150 1859 101 60 50 -1 -1
28 35 150 1496 144 77 48 -1 -1
28 44 150 140 226 228 148 -1 -1
28 50 150 1750 42 30 30 -1 -1
28 51 150 1778 117 39 39 -1 -1
28 54 150 639 70 49 47 -1 -1
28 57 150 1563 60 76 38 -1 -1
28 58 150 1128 57 78 38 -1 -1
28 59 150 360 123 125 60 -1 -1
28 0 151 1184 88 111 49 -1 -1
28 1 151 982 56 103 44 -1 -1
28 2 151 361 124 125 60 -1 -1
28 3 151 1328 77 111 34 -1 -1
28 6 151 835 106 152 69 -1 -1
28 34 151 1859 101 60 50 -1 -1
28 35 151 1488 143 78 51 -1 -1
28 44 151 146 226 241 154 -1 -1
28 50 151 1750 42 30 30 -1 -1
28 51 151 1778 117 39 39 -1 -1
28 54 151 639 70 49 47 -1 -1
28 57 151 1563 60 76 38 -1 -1
28 59 151 361 123 125 61 -1 -1
28 0 152 1182 88 114 49 -1 -1
28 1 152 983 56 101 44 -1 -1
28 2 152 361 124 126 60 -1 -1
28 3 152 1328 77 113 34 -1 -1
28 6 152 835 106 152 69 -1 -1
28 34 152 1859 101 60 50 -1 -1
28 35 152 1477 146 80 50 -1 -1
28 44 152 155 226 242 156 -1 -1
28 51 152 1778 117 39 39 -1 -1
28 54 152 639 70 49 47 -1 -1
28 57 152 1563 60 76 38 -1 -1
28 59 152 361 123 125 61 -1 -1
28 0 153 1185 88 111 49 -1 -1
28 1 153 983 57 101 43 -1 -1
28 2 153 361 124 126 60 -1 -1
28 3 153 1328 78 111 32 -1 -1
28 6 153 835 106 152 69 -1 -1
28 35 153 1471 151 82 49 -1 -1
28 44 153 167 227 242 160 -1 -1
28 51 153 1779 118 39 39 -1 -1
28 54 153 639 70 49 46 -1 -1
28 59 153 361 123 125 61 -1 -1
28 0 154 1183 88 113 50 -1 -1
28 1 154 982 57 104 43 -1 -1
28 2 154 361 124 125 59 -1 -1
28 3 154 1328 78 109 32 -1 -1
28 6 154 835 107 151 68 -1 -1
28 35 154 1459 151 86 50 -1 -1
28 44 154 175 227 247 165 -1 -1
28 51 154 1779 118 39 39 -1 -1
28 54 154 639 70 49 46 -1 -1
28 59 154 361 123 125 61 -1 -1
28 0 155 1183 88 112 50 -1 -1
28 1 155 985 56 104 43 -1 -1
28 2 155 361 124 125 59 -1 -1
28 3 155 1328 78 112 32 -1 -1
28 6 155 835 106 151 69 -1 -1
28 35 155 1451 153 85 49 -1 -1
28 44 155 175 227 247 165 -1 -1
28 51 155 1779 118 39 39 -1 -1
28 54 155 639 70 49 46 -1 -1
28 59 155 361 123 125 61 -1 -1
28 0 156 1185 88 111 50 -1 -1
28 1 156 982 56 103 44 -1 -1
28 2 156 361 124 126 59 -1 -1
28 3 156 1329 78 112 32 -1 -1
28 6 156 835 106 152 69 -1 -1
28 35 156 1441 152 89 52 -1 -1
28 44 156 196 229 254 169 -1 -1
28 51 156 1779 118 39 39 -1 -1
28 54 156 639 70 49 46 -1 -1
28 59 156 361 123 125 61 -1 -1
28 0 157 1187 88 109 49 -1 -1
28 1 157 987 56 103 43 -1 -1
28 2 157 361 124 126 59 -1 -1
28 3 157 1329 78 111 32 -1 -1
28 6 157 835 106 151 69 -1 -1
28 35 157 1432 152 91 55 -1 -1
28 44 157 197 231 268 171 -1 -1
28 0 158 1186 88 110 49 -1 -1
28 1 158 982 56 107 44 -1 -1
28 2 158 361 124 126 59 -1 -1
28 3 158 1330 77 111 33 -1 -1
28 6 158 836 105 151 70 -1 -1
28 35 158 1423 155 93 54 -1 -1
28 44 158 212 237 275 166 -1 -1
28 60 158 639 69 50 49 -1 -1
28 61 158 227 233 256 174 -1 -1
28 0 159 1185 88 111 48 -1 -1
28 1 159 983 56 107 43 -1 -1
28 2 159 361 124 126 59 -1 -1
28 3 159 1329 77 114 33 -1 -1
28 6 159 836 106 151 69 -1 -1
28 35 159 1412 156 98 55 -1 -1
28 44 159 220 234 287 177 -1 -1
28 60 159 639 69 50 50 -1 -1
28 61 159 227 233 256 174 -1 -1
28 0 160 1180 87 116 49 -1 -1
28 1 160 985 56 102 43 -1 -1
28 2 160 362 124 124 60 -1 -1
28 3 160 1327 77 118 33 -1 -1
28 6 160 835 107 148 67 -1 -1
28 35 160 1403 157 95 56 -1 -1
28 44 160 237 237 289 182 -1 -1
28 60 160 639 69 50 50 -1 -1
28 61 160 227 233 256 174 -1 -1
28 62 160 1858 102 61 49 -1 -1
28 63 160 1564 61 77 38 -1 -1
28 0 161 1179 87 117 49 -1 -1
28 1 161 983 55 104 44 -1 -1
28 2 161 362 124 125 60 -1 -1
28 3 161 1327 76 117 34 -1 -1
28 6 161 835 107 148 67 -1 -1
28 35 161 1394 159 99 57 -1 -1
28 44 161 247 240 301 185 -1 -1
28 60 161 639 71 50 48 -1 -1
28 61 161 227 233 256 174 -1 -1
28 62 161 1858 102 61 49 -1 -1
28 63 161 1564 61 77 38 -1 -1
28 64 161 1331 77 116 33 -1 -1
28 0 162 1180 87 116 49 -1 -1
28 1 162 982 55 106 44 -1 -1
28 2 162 362 124 125 60 -1 -1
28 3 162 1327 77 117 32 -1 -1
28 6 162 836 107 146 67 -1 -1
28 35 162 1382 160 103 58 -1 -1
28 44 162 261 242 312 188 -1 -1
28 60 162 639 71 50 48 -1 -1
28 62 162 1858 102 61 49 -1 -1
28 63 162 1564 61 77 38 -1 -1
28 64 162 1331 77 116 33 -1 -1
28 0 163 1182 88 113 49 -1 -1
28 1 163 982 55 106 44 -1 -1
28 2 163 362 124 125 60 -1 -1
28 3 163 1327 76 117 33 -1 -1
28 6 163 835 106 148 68 -1 -1
28 35 163 1374 161 103 59 -1 -1
28 44 163 261 242 312 188 -1 -1
28 60 163 639 71 50 48 -1 -1
28 62 163 1858 102 61 48 -1 -1
28 63 163 1564 61 76 38 -1 -1
28 64 163 1331 77 116 33 -1 -1
28 0 164 1178 87 118 50 -1 -1
28 1 164 983 56 106 43 -1 -1
28 2 164 362 124 125 59 -1 -1
28 3 164 1328 76 115 33 -1 -1
28 6 164 836 105 148 69 -1 -1
28 35 164 1363 161 105 62 -1 -1
28 44 164 297 252 320 193 -1 -1
28 60 164 639 70 50 48 -1 -1
28 62 164 1858 102 61 49 -1 -1
28 63 164 1564 61 76 38 -1 -1
28 64 164 1331 77 116 33 -1 -1
28 0 165 1180 87 116 50 -1 -1
28 1 165 981 55 111 44 -1 -1
28 2 165 362 124 125 59 -1 -1
28 3 165 1328 76 115 32 -1 -1
28 6 165 835 105 150 69 -1 -1
28 35 165 1353 162 111 63 -1 -1
28 44 165 316 253 327 200 -1 -1
28 60 165 639 70 50 48 -1 -1
28 62 165 1858 102 61 49 -1 -1
28 63 165 1565 61 75 38 -1 -1
28 0 166 1178 88 118 50 -1 -1
28 1 166 987 57 100 42 -1 -1
28 2 166 363 124 123 59 -1 -1
28 3 166 1328 77 113 32 -1 -1
28 6 166 836 106 146 68 -1 -1
28 35 166 1343 163 113 65 -1 -1
28 44 166 336 257 344 208 -1 -1
28 60 166 640 70 50 49 -1 -1
28 62 166 1858 101 60 48 -1 -1
28 63 166 1565 61 75 38 -1 -1
28 0 167 1177 88 119 50 -1 -1
28 1 167 983 58 93 42 -1 -1
28 2 167 363 124 123 59 -1 -1
28 3 167 1329 77 111 33 -1 -1
28 6 167 835 106 148 68 -1 -1
28 35 167 1332 162 115 68 -1 -1
28 44 167 375 257 342 219 -1 -1
28 60 167 640 70 50 49 -1 -1
28 62 167 1859 102 60 47 -1 -1
28 63 167 1565 61 75 38 -1 -1
28 0 168 1180 88 117 50 -1 -1
28 1 168 989 56 101 43 -1 -1
28 2 168 364 124 122 59 -1 -1
28 3 168 1328 77 114 34 -1 -1
28 6 168 835 107 147 67 -1 -1
28 35 168 1323 164 118 69 -1 -1
28 44 168 409 263 351 222 -1 -1
28 60 168 640 70 48 48 -1 -1
28 62 168 1859 104 59 45 -1 -1
28 63 168 1565 61 75 38 -1 -1
28 0 169 1179 88 118 50 -1 -1
28 1 169 981 58 100 41 -1 -1
28 2 169 364 124 122 59 -1 -1
28 3 169 1328 77 114 34 -1 -1
28 6 169 835 107 146 67 -1 -1
28 35 169 1311 166 121 70 -1 -1
28 44 169 409 263 351 222 -1 -1
28 60 169 640 70 48 48 -1 -1
28 62 169 1859 104 59 45 -1 -1
28 0 170 1179 87 117 50 -1 -1
28 1 170 989 56 101 43 -1 -1
28 2 170 364 125 122 60 -1 -1
28 3 170 1328 77 115 35 -1 -1
28 6 170 834 109 140 64 -1 -1
28 35 170 1302 168 122 70 -1 -1
28 44 170 409 263 351 222 -1 -1
28 60 170 640 70 48 48 -1 -1
28 62 170 1860 104 59 47 -1 -1
28 0 171 1179 87 117 50 -1 -1
28 1 171 990 56 99 43 -1 -1
28 2 171 364 125 122 60 -1 -1
28 3 171 1328 77 115 35 -1 -1
28 6 171 834 109 140 64 -1 -1
28 35 171 1291 169 125 72 -1 -1
28 44 171 409 263 351 222 -1 -1
28 60 171 640 70 48 48 -1 -1
28 62 171 1860 103 59 48 -1 -1
28 0 172 1179 87 117 50 -1 -1
28 1 172 988 56 102 43 -1 -1
28 2 172 364 125 122 59 -1 -1
28 3 172 1328 78 115 35 -1 -1
28 6 172 835 109 140 64 -1 -1
28 35 172 1281 172 129 73 -1 -1
28 60 172 640 70 48 48 -1 -1
28 62 172 1859 103 60 48 -1 -1
28 0 173 1179 87 116 50 -1 -1
28 1 173 985 57 96 43 -1 -1
28 2 173 364 125 122 59 -1 -1
28 3 173 1327 77 117 36 -1 -1
28 6 173 835 108 141 65 -1 -1
28 35 173 1271 176 131 70 -1 -1
28 62 173 1859 102 60 48 -1 -1
28 0 174 1176 87 119 50 -1 -1
28 1 174 989 56 103 43 -1 -1
28 2 174 363 125 123 60 -1 -1
28 3 174 1328 77 115 36 -1 -1
28 6 174 835 108 143 65 -1 -1
28 35 174 1259 178 133 71 -1 -1
28 62 174 1859 102 60 47 -1 -1
28 0 175 1176 87 120 50 -1 -1
28 1 175 989 56 103 43 -1 -1
28 2 175 363 124 122 60 -1 -1
28 3 175 1327 77 117 37 -1 -1
28 6 175 835 108 142 65 -1 -1
28 35 175 1251 179 134 73 -1 -1
28 62 175 1860 102 59 47 -1 -1
28 65 175 1775 120 47 43 -1 -1
28 0 176 1176 88 120 49 -1 -1
28 1 176 989 56 103 43 -1 -1
28 2 176 363 124 123 60 -1 -1
28 3 176 1327 77 116 36 -1 -1
28 6 176 835 108 142 65 -1 -1
28 35 176 1240 179 139 78 -1 -1
28 62 176 1860 102 60 48 -1 -1
28 65 176 1775 120 47 43 -1 -1
28 0 177 1177 88 119 50 -1 -1
28 1 177 987 57 91 42 -1 -1
28 2 177 363 124 123 60 -1 -1
28 3 177 1327 78 116 35 -1 -1
28 6 177 835 109 141 65 -1 -1
28 35 177 1232 181 139 78 -1 -1
28 62 177 1860 103 60 48 -1 -1
28 65 177 1775 120 47 43 -1 -1
28 66 177 1849 487 71 144 -1 -1
28 0 178 1176 87 120 51 -1 -1
28 1 178 987 57 93 42 -1 -1
28 2 178 363 125 123 58 -1 -1
28 3 178 1328 78 115 35 -1 -1
28 6 178 835 106 152 68 -1 -1
28 35 178 1222 182 142 79 -1 -1
28 62 178 1860 103 60 48 -1 -1
28 65 178 1775 120 47 43 -1 -1
28 66 178 1826 484 93 161 -1 -1
28 0 179 1174 87 122 51 -1 -1
28 1 179 989 56 105 43 -1 -1
28 2 179 363 125 123 58 -1 -1
28 3 179 1327 78 116 36 -1 -1
28 6 179 835 104 152 70 -1 -1
28 35 179 1211 184 146 81 -1 -1
28 62 179 1860 104 60 48 -1 -1
28 66 179 1809 482 111 160 -1 -1
28 0 180 1180 87 116 51 -1 -1
28 1 180 985 58 103 42 -1 -1
28 2 180 364 124 122 60 -1 -1
28 3 180 1332 78 110 31 -1 -1
28 6 180 833 109 133 65 -1 -1
28 35 180 1202 183 149 86 -1 -1
28 62 180 1860 104 60 48 -1 -1
28 66 180 1795 479 125 162 -1 -1
28 67 180 1750 41 28 32 -1 -1
28 68 180 363 123 122 61 -1 -1
28 0 181 1180 88 116 50 -1 -1
28 1 181 985 58 103 42 -1 -1
28 2 181 364 124 122 60 -1 -1
28 3 181 1332 78 110 31 -1 -1
28 6 181 833 109 133 65 -1 -1
28 35 181 1193 185 151 87 -1 -1
28 62 181 1860 104 60 48 -1 -1
28 66 181 1778 469 142 163 -1 -1
28 67 181 1750 41 28 32 -1 -1
28 68 181 363 123 122 61 -1 -1
28 0 182 1180 88 116 50 -1 -1
28 1 182 984 58 104 42 -1 -1
28 2 182 364 124 122 60 -1 -1
28 3 182 1332 78 110 31 -1 -1
28 6 182 833 109 133 65 -1 -1
28 35 182 1185 187 151 88 -1 -1
28 62 182 1860 104 60 48 -1 -1
28 66 182 1773 461 147 163 -1 -1
28 67 182 1750 41 28 32 -1 -1
28 68 182 363 123 122 61 -1 -1
28 0 183 1178 87 118 50 -1 -1
28 1 183 984 58 104 42 -1 -1
28 2 183 363 124 123 60 -1 -1
28 3 183 1332 78 112 31 -1 -1
28 6 183 833 109 133 65 -1 -1
28 35 183 1174 188 156 86 -1 -1
28 66 183 1773 461 147 163 -1 -1
28 67 183 1750 41 28 32 -1 -1
28 68 183 363 123 122 61 -1 -1
28 0 184 1179 87 117 50 -1 -1
28 1 184 984 58 104 42 -1 -1
28 2 184 363 124 123 60 -1 -1
28 3 184 1332 78 110 31 -1 -1
28 35 184 1164 190 159 87 -1 -1
28 66 184 1773 461 147 163 -1 -1
28 67 184 1750 41 28 32 -1 -1
28 68 184 363 123 122 61 -1 -1
28 0 185 1178 87 118 50 -1 -1
28 1 185 987 56 120 44 -1 -1
28 2 185 363 124 123 60 -1 -1
28 3 185 1333 78 109 31 -1 -1
28 35 185 1157 190 157 90 -1 -1
28 66 185 1773 461 147 163 -1 -1
28 67 185 1750 41 28 32 -1 -1
28 68 185 363 123 122 61 -1 -1
28 69 185 834 109 138 65 -1 -1
28 0 186 1180 87 116 50 -1 -1
28 1 186 987 56 123 44 -1 -1
28 2 186 363 124 123 60 -1 -1
28 3 186 1331 78 111 31 -1 -1
28 35 186 1150 194 159 87 -1 -1
28 67 186 1750 41 30 32 -1 -1
28 68 186 362 123 123 61 -1 -1
28 69 186 834 109 138 65 -1 -1
28 0 187 1178 87 118 50 -1 -1
28 1 187 987 56 123 44 -1 -1
28 2 187 362 125 124 59 -1 -1
28 3 187 1331 78 111 31 -1 -1
28 35 187 1139 195 164 88 -1 -1
28 67 187 1750 41 30 32 -1 -1
28 68 187 361 124 124 60 -1 -1
28 69 187 834 109 138 65 -1 -1
28 0 188 1179 87 117 50 -1 -1
28 1 188 983 58 109 42 -1 -1
28 2 188 362 125 124 59 -1 -1
28 3 188 1332 78 110 31 -1 -1
28 35 188 1133 197 165 87 -1 -1
28 67 188 1750 41 30 32 -1 -1
28 68 188 361 124 124 60 -1 -1
28 69 188 834 109 138 65 -1 -1
28 0 189 1178 88 118 49 -1 -1
28 1 189 983 58 109 42 -1 -1
28 2 189 363 125 123 59 -1 -1
28 3 189 1333 78 109 30 -1 -1
28 35 189 1126 198 165 89 -1 -1
28 67 189 1750 41 29 32 -1 -1
28 68 189 361 124 124 60 -1 -1
28 70 189 1718 457 196 153 -1 -1
28 0 190 1192 89 104 48 -1 -1
28 1 190 990 56 102 43 -1 -1
28 2 190 362 124 122 60 -1 -1
28 3 190 1332 78 109 34 -1 -1
28 35 190 1117 197 171 91 -1 -1
28 67 190 1750 41 29 32 -1 -1
28 68 190 361 124 124 60 -1 -1
28 70 190 1709 453 210 161 -1 -1
28 71 190 834 106 151 69 -1 -1
28 72 190 1858 102 61 50 -1 -1
28 0 191 1192 89 104 48 -1 -1
28 1 191 990 56 102 43 -1 -1
28 2 191 362 124 122 60 -1 -1
28 3 191 1332 78 108 33 -1 -1
28 35 191 1112 199 171 92 -1 -1
28 67 191 1750 41 29 32 -1 -1
28 68 191 363 125 121 60 -1 -1
28 70 191 1701 450 215 164 -1 -1
28 71 191 834 106 151 69 -1 -1
28 72 191 1858 102 61 50 -1 -1
28 0 192 1192 88 103 49 -1 -1
28 1 192 992 56 101 43 -1 -1
28 2 192 361 125 124 59 -1 -1
28 3 192 1337 78 100 32 -1 -1
28 35 192 1105 199 172 92 -1 -1
28 67 192 1750 41 29 32 -1 -1
28 68 192 360 125 124 58 -1 -1
28 70 192 1693 442 222 175 -1 -1
28 71 192 834 106 152 69 -1 -1
28 72 192 1859 104 60 48 -1 -1
28 0 193 1192 88 103 49 -1 -1
28 1 193 992 56 100 43 -1 -1
28 2 193 362 125 123 59 -1 -1
28 3 193 1337 78 100 32 -1 -1
28 35 193 1099 200 173 94 -1 -1
28 68 193 360 125 125 59 -1 -1
28 70 193 1682 444 236 170 -1 -1
28 71 193 834 105 152 70 -1 -1
28 72 193 1859 103 60 49 -1 -1
28 0 194 1193 88 102 49 -1 -1
28 1 194 991 55 100 44 -1 -1
28 2 194 361 125 124 59 -1 -1
28 3 194 1337 78 99 32 -1 -1
28 35 194 1091 201 177 94 -1 -1
28 68 194 360 125 125 59 -1 -1
28 70 194 1674 440 242 172 -1 -1
28 71 194 834 106 153 69 -1 -1
28 72 194 1859 103 60 49 -1 -1
28 73 194 1092 200 175 96 -1 -1
28 0 195 1193 88 102 49 -1 -1
28 1 195 991 55 98 44 -1 -1
28 2 195 361 125 124 59 -1 -1
28 3 195 1334 78 103 32 -1 -1
28 35 195 1088 202 177 95 -1 -1
28 68 195 362 125 123 59 -1 -1
28 70 195 1664 433 256 173 -1 -1
28 71 195 834 104 153 71 -1 -1
28 72 195 1859 104 60 48 -1 -1
28 73 195 1092 200 175 96 -1 -1
28 0 196 1193 88 102 49 -1 -1
28 1 196 992 55 97 44 -1 -1
28 2 196 361 125 124 59 -1 -1
28 3 196 1334 78 102 32 -1 -1
28 35 196 1083 202 179 97 -1 -1
28 68 196 362 125 123 60 -1 -1
28 70 196 1659 430 261 179 -1 -1
28 71 196 834 104 153 71 -1 -1
28 72 196 1859 104 60 48 -1 -1
28 73 196 1092 200 175 96 -1 -1
28 0 197 1193 88 102 48 -1 -1
28 1 197 991 55 99 44 -1 -1
28 2 197 361 125 124 59 -1 -1
28 3 197 1337 78 99 31 -1 -1
28 35 197 1080 203 179 96 -1 -1
28 68 197 362 125 123 60 -1 -1
28 70 197 1655 427 265 181 -1 -1
28 71 197 834 105 153 70 -1 -1
28 72 197 1859 104 60 48 -1 -1
28 73 197 1092 200 175 96 -1 -1
28 0 198 1193 88 103 48 -1 -1
28 1 198 988 55 100 44 -1 -1
28 2 198 361 125 124 59 -1 -1
28 3 198 1336 77 102 32 -1 -1
28 35 198 1077 203 178 98 -1 -1
28 68 198 362 125 123 60 -1 -1
28 70 198 1631 424 289 182 -1 -1
28 71 198 834 106 152 69 -1 -1
28 72 198 1859 104 60 48 -1 -1
28 0 199 1192 88 104 48 -1 -1
28 1 199 984 57 100 43 -1 -1
28 2 199 361 125 124 59 -1 -1
28 3 199 1336 77 103 32 -1 -1
28 35 199 1074 203 178 99 -1 -1
28 68 199 362 125 123 60 -1 -1
28 70 199 1620 421 300 184 -1 -1
28 71 199 834 107 152 68 -1 -1
28 72 199 1859 104 60 48 -1 -1
28 0 200 1187 88 109 48 -1 -1
28 1 200 983 57 97 42 -1 -1
28 2 200 364 125 122 59 -1 -1
28 3 200 1329 77 112 33 -1 -1
28 35 200 1071 205 181 97 -1 -1
28 70 200 1601 418 319 183 -1 -1
28 71 200 835 103 152 71 -1 -1
28 72 200 1859 105 60 48 -1 -1
28 0 201 1188 88 108 49 -1 -1
28 1 201 983 57 98 42 -1 -1
28 2 201 364 125 121 58 -1 -1
28 3 201 1329 77 112 33 -1 -1
28 35 201 1067 204 183 99 -1 -1
28 70 201 1593 416 327 187 -1 -1
28 71 201 835 103 152 71 -1 -1
28 72 201 1859 105 60 48 -1 -1
28 74 201 635 72 53 48 -1 -1
28 0 202 1188 88 108 48 -1 -1
28 1 202 983 57 97 42 -1 -1
28 2 202 364 124 121 59 -1 -1
28 3 202 1328 77 114 34 -1 -1
28 35 202 1065 205 184 98 -1 -1
28 70 202 1571 412 349 181 -1 -1
28 71 202 835 103 152 71 -1 -1
28 72 202 1859 105 60 48 -1 -1
28 74 202 634 72 54 48 -1 -1
28 0 203 1187 88 109 49 -1 -1
28 1 203 983 57 98 42 -1 -1
28 2 203 364 124 121 59 -1 -1
28 3 203 1328 77 114 34 -1 -1
28 35 203 1064 205 185 98 -1 -1
28 70 203 1542 405 373 183 -1 -1
28 71 203 835 102 152 72 -1 -1
28 72 203 1860 107 59 46 -1 -1
28 74 203 634 71 54 50 -1 -1
28 0 204 1183 88 113 49 -1 -1
28 1 204 982 57 102 43 -1 -1
28 2 204 363 125 122 59 -1 -1
28 3 204 1329 78 112 31 -1 -1
28 35 204 1064 206 184 97 -1 -1
28 70 204 1551 399 354 192 -1 -1
28 71 204 835 103 151 71 -1 -1
28 72 204 1859 104 60 49 -1 -1
28 74 204 636 72 50 47 -1 -1
28 75 204 362 124 123 60 -1 -1
28 0 205 1183 88 113 49 -1 -1
28 1 205 982 57 103 42 -1 -1
28 2 205 363 124 122 60 -1 -1
28 3 205 1328 77 112 32 -1 -1
28 35 205 1063 206 184 98 -1 -1
28 70 205 1496 395 373 184 -1 -1
28 71 205 835 101 151 73 -1 -1
28 72 205 1860 104 59 49 -1 -1
28 74 205 636 72 50 48 -1 -1
28 75 205 362 124 123 60 -1 -1
28 0 206 1184 88 112 49 -1 -1
28 1 206 982 57 103 42 -1 -1
28 2 206 363 124 122 60 -1 -1
28 3 206 1328 77 113 32 -1 -1
28 35 206 1063 206 184 98 -1 -1
28 70 206 1450 388 387 179 -1 -1
28 71 206 835 103 151 71 -1 -1
28 72 206 1859 104 60 48 -1 -1
28 74 206 635 73 51 47 -1 -1
28 75 206 364 125 121 59 -1 -1
28 0 207 1183 88 113 49 -1 -1
28 1 207 982 57 103 42 -1 -1
28 2 207 363 124 122 60 -1 -1
28 3 207 1328 78 112 31 -1 -1
28 35 207 1064 206 184 98 -1 -1
28 70 207 1454 384 352 184 -1 -1
28 71 207 835 104 151 70 -1 -1
28 72 207 1859 103 61 49 -1 -1
28 74 207 634 73 52 47 -1 -1
28 75 207 364 125 121 59 -1 -1
28 76 207 1450 385 362 185 -1 -1
28 0 208 1182 88 114 49 -1 -1
28 1 208 982 57 103 42 -1 -1
28 2 208 363 124 122 60 -1 -1
28 3 208 1328 77 113 32 -1 -1
28 35 208 1064 206 184 98 -1 -1
28 70 208 1427 375 352 188 -1 -1
28 71 208 834 107 137 67 -1 -1
28 72 208 1859 103 61 49 -1 -1
28 74 208 634 72 52 48 -1 -1
28 75 208 364 125 121 59 -1 -1
28 76 208 1450 385 362 185 -1 -1
28 0 209 1181 88 115 49 -1 -1
28 1 209 982 57 103 42 -1 -1
28 2 209 363 124 122 60 -1 -1
28 3 209 1328 77 114 33 -1 -1
28 35 209 1064 206 184 98 -1 -1
28 70 209 1374 369 366 184 -1 -1
28 71 209 835 104 151 70 -1 -1
28 72 209 1859 104 61 48 -1 -1
28 74 209 634 72 52 48 -1 -1
28 75 209 364 125 121 59 -1 -1
28 76 209 1450 385 362 185 -1 -1
28 0 210 1185 88 111 48 -1 -1
28 1 210 989 56 106 43 -1 -1
28 2 210 363 124 122 60 -1 -1
28 3 210 1328 77 111 34 -1 -1
28 35 210 1063 207 184 97 -1 -1
28 70 210 1328 359 366 182 -1 -1
28 71 210 835 104 151 70 -1 -1
28 72 210 1859 103 60 48 -1 -1
28 74 210 637 72 49 46 -1 -1
28 75 210 364 125 121 59 -1 -1
28 76 210 1450 385 362 185 -1 -1
28 77 210 1565 62 72 35 -1 -1
28 78 210 1325 77 104 37 -1 -1
28 0 211 1185 88 111 48 -1 -1
28 1 211 990 56 104 43 -1 -1
28 2 211 364 125 122 60 -1 -1
28 3 211 1329 77 110 34 -1 -1
28 35 211 1063 207 184 97 -1 -1
28 70 211 1278 351 379 180 -1 -1
28 71 211 835 104 151 70 -1 -1
28 72 211 1859 103 60 49 -1 -1
28 74 211 638 72 49 46 -1 -1
28 75 211 364 125 121 59 -1 -1
28 77 211 1565 62 72 35 -1 -1
28 78 211 1325 77 104 37 -1 -1
28 79 211 1335 77 109 34 -1 -1
28 0 212 1185 88 111 48 -1 -1
28 1 212 989 56 106 43 -1 -1
28 2 212 364 125 122 60 -1 -1
28 3 212 1328 77 112 34 -1 -1
28 35 212 1063 207 184 97 -1 -1
28 70 212 1252 348 371 180 -1 -1
28 71 212 835 108 142 66 -1 -1
28 72 212 1859 104 60 48 -1 -1
28 74 212 638 72 49 46 -1 -1
28 75 212 363 125 123 59 -1 -1
28 77 212 1565 62 72 35 -1 -1
28 78 212 1325 77 104 37 -1 -1
28 79 212 1335 77 109 34 -1 -1
28 0 213 1184 88 112 48 -1 -1
28 1 213 991 55 108 44 -1 -1
28 2 213 364 126 121 58 -1 -1
28 3 213 1328 77 112 34 -1 -1
28 35 213 1063 207 184 97 -1 -1
28 70 213 1212 343 361 176 -1 -1
28 71 213 835 106 151 68 -1 -1
28 72 213 1859 104 61 48 -1 -1
28 74 213 638 72 49 46 -1 -1
28 75 213 363 125 123 59 -1 -1
28 77 213 1565 63 72 34 -1 -1
28 78 213 1325 77 104 38 -1 -1
28 79 213 1335 77 109 34 -1 -1
28 80 213 1217 340 349 178 -1 -1
28 0 214 1185 88 111 48 -1 -1
28 1 214 990 55 108 44 -1 -1
28 2 214 364 125 122 59 -1 -1
28 3 214 1328 77 112 34 -1 -1
28 35 214 1063 207 184 97 -1 -1
28 70 214 1163 331 362 179 -1 -1
28 71 214 835 105 151 69 -1 -1
28 72 214 1859 104 61 48 -1 -1
28 74 214 638 72 49 46 -1 -1
28 75 214 363 125 123 59 -1 -1
28 77 214 1565 62 72 35 -1 -1
28 78 214 1325 77 104 37 -1 -1
28 79 214 1335 77 109 34 -1 -1
28 80 214 1217 340 349 178 -1 -1
28 0 215 1186 88 110 48 -1 -1
28 1 215 990 55 110 44 -1 -1
28 2 215 364 126 121 58 -1 -1
28 3 215 1326 77 115 34 -1 -1
28 35 215 1063 207 184 97 -1 -1
28 70 215 1114 325 364 176 -1 -1
28 71 215 835 105 151 69 -1 -1
28 72 215 1860 103 60 49 -1 -1
28 75 215 362 125 123 59 -1 -1
28 77 215 1565 63 72 34 -1 -1
28 78 215 1325 77 104 37 -1 -1
28 79 215 1335 77 109 34 -1 -1
28 80 215 1217 340 349 178 -1 -1
28 0 216 1184 88 113 48 -1 -1
28 1 216 986 56 115 44 -1 -1
28 2 216 364 124 122 59 -1 -1
28 3 216 1327 77 114 33 -1 -1
28 35 216 1063 206 184 98 -1 -1
28 70 216 1085 321 352 171 -1 -1
28 71 216 835 106 151 68 -1 -1
28 72 216 1859 102 61 50 -1 -1
28 75 216 362 125 123 59 -1 -1
28 77 216 1565 63 72 34 -1 -1
28 78 216 1325 77 104 37 -1 -1
28 80 216 1217 340 349 178 -1 -1
28 0 217 1188 89 109 48 -1 -1
28 1 217 982 57 97 42 -1 -1
28 2 217 364 124 122 59 -1 -1
28 3 217 1328 78 112 33 -1 -1
28 35 217 1063 207 184 97 -1 -1
28 70 217 1039 317 353 164 -1 -1
28 71 217 835 107 150 67 -1 -1
28 72 217 1860 102 60 49 -1 -1
28 75 217 362 125 123 59 -1 -1
28 77 217 1565 63 72 34 -1 -1
28 78 217 1325 77 104 37 -1 -1
28 81 217 834 109 143 65 -1 -1
28 0 218 1187 88 110 49 -1 -1
28 1 218 982 57 104 42 -1 -1
28 2 218 365 124 121 59 -1 -1
28 3 218 1329 78 111 33 -1 -1
28 35 218 1063 207 183 95 -1 -1
28 70 218 993 306 350 167 -1 -1
28 71 218 835 108 150 66 -1 -1
28 72 218 1860 102 60 50 -1 -1
28 75 218 362 125 123 59 -1 -1
28 77 218 1565 63 72 34 -1 -1
28 81 218 834 109 143 65 -1 -1
28 0 219 1187 88 110 49 -1 -1
28 1 219 982 58 102 41 -1 -1
28 2 219 364 124 122 59 -1 -1
28 3 219 1329 77 110 34 -1 -1
28 35 219 1063 207 184 94 -1 -1
28 70 219 945 301 346 161 -1 -1
28 71 219 835 108 150 66 -1 -1
28 72 219 1860 101 60 50 -1 -1
28 81 219 834 109 142 65 -1 -1
28 0 220 1185 89 111 48 -1 -1
28 1 220 983 58 96 41 -1 -1
28 2 220 364 124 122 59 -1 -1
28 3 220 1329 77 114 34 -1 -1
28 35 220 1065 207 182 92 -1 -1
28 70 220 906 295 335 155 -1 -1
28 71 220 835 107 149 67 -1 -1
28 72 220 1859 102 61 48 -1 -1
28 81 220 834 109 142 65 -1 -1
28 82 220 570 70 77 51 -1 -1
28 0 221 1185 88 111 49 -1 -1
28 1 221 983 58 96 41 -1 -1
28 2 221 365 124 121 59 -1 -1
28 3 221 1329 77 112 34 -1 -1
28 35 221 1062 207 186 96 -1 -1
28 70 221 862 287 329 158 -1 -1
28 71 221 835 107 150 67 -1 -1
28 72 221 1859 102 61 48 -1 -1
28 81 221 834 109 142 65 -1 -1
28 82 221 568 69 79 53 -1 -1
28 83 221 1751 43 34 31 -1 -1
28 0 222 1184 88 112 49 -1 -1
28 1 222 982 58 98 41 -1 -1
28 2 222 363 123 123 61 -1 -1
28 3 222 1328 77 114 33 -1 -1
28 35 222 1063 207 184 96 -1 -1
28 70 222 823 282 320 153 -1 -1
28 71 222 835 106 151 68 -1 -1
28 72 222 1858 101 61 48 -1 -1
28 81 222 834 109 142 65 -1 -1
28 82 222 568 69 79 53 -1 -1
28 83 222 1752 43 32 31 -1 -1
28 84 222 1565 60 72 37 -1 -1
28 0 223 1189 89 108 48 -1 -1
28 1 223 982 58 102 41 -1 -1
28 2 223 361 124 124 60 -1 -1
28 3 223 1328 77 115 33 -1 -1
28 35 223 1062 207 184 97 -1 -1
28 70 223 781 279 314 144 -1 -1
28 71 223 835 102 152 72 -1 -1
28 72 223 1859 102 60 46 -1 -1
28 82 223 568 69 79 53 -1 -1
28 83 223 1751 43 32 30 -1 -1
28 84 223 1565 60 74 36 -1 -1
28 85 223 360 123 125 61 -1 -1
28 0 224 1187 89 110 48 -1 -1
28 1 224 987 55 115 44 -1 -1
28 2 224 360 124 125 60 -1 -1
28 3 224 1328 77 116 34 -1 -1
28 35 224 1060 207 185 98 -1 -1
28 70 224 743 274 312 144 -1 -1
28 71 224 835 102 152 72 -1 -1
28 72 224 1859 103 60 46 -1 -1
28 82 224 568 69 79 53 -1 -1
28 83 224 1751 43 31 30 -1 -1
28 84 224 1565 60 74 36 -1 -1
28 85 224 360 123 125 60 -1 -1
28 0 225 1187 89 110 48 -1 -1
28 1 225 987 55 109 44 -1 -1
28 2 225 361 124 124 60 -1 -1
28 3 225 1328 77 115 34 -1 -1
28 35 225 1059 207 184 99 -1 -1
28 70 225 705 263 302 147 -1 -1
28 71 225 835 101 151 73 -1 -1
28 72 225 1860 103 59 46 -1 -1
28 83 225 1751 43 30 31 -1 -1
28 84 225 1565 59 74 37 -1 -1
28 85 225 360 123 125 60 -1 -1
28 0 226 1186 89 111 48 -1 -1
28 1 226 987 56 108 43 -1 -1
28 2 226 361 124 124 60 -1 -1
28 3 226 1328 77 116 34 -1 -1
28 35 226 1056 208 186 98 -1 -1
28 70 226 670 259 290 141 -1 -1
28 71 226 835 103 151 71 -1 -1
28 72 226 1860 103 59 46 -1 -1
28 83 226 1751 43 30 31 -1 -1
28 84 226 1565 59 74 37 -1 -1
28 85 226 360 123 125 60 -1 -1
28 86 226 1331 77 115 33 -1 -1
28 0 227 1188 88 109 49 -1 -1
28 1 227 983 57 101 42 -1 -1
28 2 227 361 123 124 61 -1 -1
28 3 227 1328 77 116 35 -1 -1
28 35 227 1055 208 185 99 -1 -1
28 70 227 636 254 277 138 -1 -1
28 71 227 835 104 150 70 -1 -1
28 72 227 1860 103 60 47 -1 -1
28 83 227 1751 43 30 31 -1 -1
28 84 227 1565 60 74 37 -1 -1
28 85 227 362 124 123 60 -1 -1
28 86 227 1331 77 115 33 -1 -1
28 0 228 1184 88 112 49 -1 -1
28 1 228 982 58 92 41 -1 -1
28 2 228 363 123 121 61 -1 -1
28 3 228 1327 78 117 35 -1 -1
28 35 228 1050 208 187 99 -1 -1
28 70 228 603 253 268 130 -1 -1
28 71 228 836 107 148 67 -1 -1
28 72 228 1859 102 60 48 -1 -1
28 83 228 1751 43 30 31 -1 -1
28 84 228 1565 60 74 37 -1 -1
28 85 228 362 124 123 60 -1 -1
28 86 228 1331 77 115 33 -1 -1
28 0 229 1184 88 112 49 -1 -1
28 1 229 982 58 92 41 -1 -1
28 2 229 363 123 121 61 -1 -1
28 3 229 1327 78 116 34 -1 -1
28 35 229 1043 207 190 104 -1 -1
28 70 229 570 252 257 122 -1 -1
28 71 229 836 107 147 67 -1 -1
28 72 229 1859 102 60 48 -1 -1
28 83 229 1751 43 30 31 -1 -1
28 84 229 1565 60 74 37 -1 -1
28 85 229 362 124 123 60 -1 -1
28 86 229 1331 77 115 33 -1 -1
28 0 230 1178 87 118 50 -1 -1
28 1 230 982 59 100 41 -1 -1
28 2 230 364 124 121 60 -1 -1
28 3 230 1330 77 113 34 -1 -1
28 35 230 1039 208 189 102 -1 -1
28 70 230 538 249 249 117 -1 -1
28 71 230 836 107 147 67 -1 -1
28 72 230 1858 101 62 52 -1 -1
28 84 230 1565 60 74 37 -1 -1
28 85 230 362 124 123 60 -1 -1
28 0 231 1178 87 118 50 -1 -1
28 1 231 981 59 101 41 -1 -1
28 2 231 364 124 121 60 -1 -1
28 3 231 1330 77 113 35 -1 -1
28 35 231 1032 210 192 105 -1 -1
28 70 231 508 243 237 116 -1 -1
28 71 231 836 108 143 66 -1 -1
28 72 231 1858 102 62 50 -1 -1
28 0 232 1179 87 117 50 -1 -1
28 1 232 982 59 99 41 -1 -1
28 2 232 364 124 121 60 -1 -1
28 3 232 1330 77 113 35 -1 -1
28 35 232 1025 210 193 106 -1 -1
28 70 232 479 238 229 114 -1 -1
28 71 232 836 108 144 67 -1 -1
28 72 232 1858 102 61 50 -1 -1
28 87 232 637 72 51 48 -1 -1
28 0 233 1180 88 116 50 -1 -1
28 1 233 981 59 103 41 -1 -1
28 2 233 364 123 121 61 -1 -1
28 3 233 1332 78 111 33 -1 -1
28 35 233 1014 209 198 106 -1 -1
28 70 233 450 236 221 110 -1 -1
28 71 233 836 108 145 67 -1 -1
28 72 233 1858 102 62 51 -1 -1
28 87 233 637 72 51 48 -1 -1
28 88 233 364 124 122 60 -1 -1
28 89 233 1335 78 112 33 -1 -1
28 90 233 835 108 109 65 -1 -1
28 0 234 1182 88 114 49 -1 -1
28 1 234 981 58 103 42 -1 -1
28 2 234 364 125 121 59 -1 -1
28 3 234 1331 78 111 33 -1 -1
28 35 234 1006 213 200 107 -1 -1
28 70 234 424 234 210 104 -1 -1
28 71 234 836 108 106 65 -1 -1
28 72 234 1859 100 61 52 -1 -1
28 87 234 637 72 51 48 -1 -1
28 88 234 364 124 122 60 -1 -1
28 89 234 1336 78 110 33 -1 -1
28 90 234 835 108 109 65 -1 -1
28 0 235 1185 88 112 49 -1 -1
28 1 235 980 58 104 42 -1 -1
28 2 235 364 124 122 60 -1 -1
28 3 235 1329 77 113 35 -1 -1
28 35 235 993 212 208 108 -1 -1
28 70 235 399 228 199 106 -1 -1
28 71 235 836 108 106 65 -1 -1
28 72 235 1859 101 61 50 -1 -1
28 87 235 637 72 51 48 -1 -1
28 88 235 364 124 122 60 -1 -1
28 89 235 1336 78 110 33 -1 -1
28 90 235 835 108 109 65 -1 -1
28 0 236 1182 88 114 49 -1 -1
28 1 236 981 58 104 42 -1 -1
28 2 236 363 124 123 60 -1 -1
28 3 236 1329 77 114 34 -1 -1
28 35 236 985 217 203 107 -1 -1
28 70 236 376 226 190 101 -1 -1
28 71 236 836 108 107 65 -1 -1
28 72 236 1859 101 60 49 -1 -1
28 88 236 364 124 122 60 -1 -1
28 89 236 1334 78 112 33 -1 -1
28 90 236 835 108 109 65 -1 -1
28 0 237 1182 88 114 49 -1 -1
28 1 237 981 58 103 42 -1 -1
28 2 237 363 124 123 60 -1 -1
28 3 237 1329 77 114 34 -1 -1
28 35 237 969 219 212 108 -1 -1
28 70 237 354 226 180 97 -1 -1
28 71 237 836 107 109 66 -1 -1
28 72 237 1859 101 60 49 -1 -1
28 89 237 1334 78 112 33 -1 -1
28 90 237 836 107 147 68 -1 -1
28 0 238 1182 88 114 49 -1 -1
28 1 238 981 58 102 42 -1 -1
28 2 238 363 124 123 60 -1 -1
28 3 238 1329 77 114 34 -1 -1
28 35 238 959 221 210 110 -1 -1
28 70 238 331 223 176 93 -1 -1
28 71 238 836 107 108 66 -1 -1
28 72 238 1859 101 60 49 -1 -1
28 89 238 1333 78 114 34 -1 -1
28 90 238 836 107 147 68 -1 -1
28 0 239 1182 88 114 49 -1 -1
28 1 239 981 58 103 42 -1 -1
28 2 239 363 124 123 61 -1 -1
28 3 239 1330 77 113 34 -1 -1
28 35 239 944 224 215 114 -1 -1
28 70 239 311 218 167 92 -1 -1
28 71 239 836 107 108 66 -1 -1
28 72 239 1859 101 60 50 -1 -1
28 89 239 1334 78 112 34 -1 -1
28 90 239 836 107 147 68 -1 -1
28 0 240 1188 87 108 50 -1 -1
28 1 240 982 58 103 42 -1 -1
28 2 240 361 123 126 62 -1 -1
28 3 240 1329 77 112 33 -1 -1
28 35 240 928 226 221 116 -1 -1
28 70 240 292 217 159 90 -1 -1
28 71 240 835 108 109 65 -1 -1
28 72 240 1859 101 60 50 -1 -1
28 89 240 1334 78 112 34 -1 -1
28 90 240 836 107 147 68 -1 -1
28 91 240 635 71 52 48 -1 -1
28 92 240 1565 59 74 38 -1 -1
28 0 241 1189 87 107 49 -1 -1
28 1 241 983 58 101 42 -1 -1
28 2 241 361 122 125 63 -1 -1
28 3 241 1329 77 112 33 -1 -1
28 35 241 912 228 224 118 -1 -1
28 70 241 274 213 152 90 -1 -1
28 71 241 835 108 109 65 -1 -1
28 72 241 1859 101 60 50 -1 -1
28 89 241 1334 78 112 34 -1 -1
28 91 241 635 71 52 48 -1 -1
28 92 241 1565 60 74 37 -1 -1
28 0 242 1186 87 111 50 -1 -1
28 1 242 983 58 101 42 -1 -1
28 2 242 362 124 124 60 -1 -1
28 3 242 1327 78 116 33 -1 -1
28 35 242 893 230 235 119 -1 -1
28 70 242 254 212 148 87 -1 -1
28 71 242 835 105 150 69 -1 -1
28 72 242 1859 103 61 49 -1 -1
28 89 242 1334 78 112 34 -1 -1
28 91 242 636 71 51 48 -1 -1
28 92 242 1565 60 74 37 -1 -1
28 0 243 1187 87 110 50 -1 -1
28 1 243 982 59 102 41 -1 -1
28 2 243 362 124 124 60 -1 -1
28 3 243 1327 78 116 32 -1 -1
28 35 243 874 232 234 122 -1 -1
28 70 243 237 210 141 86 -1 -1
28 71 243 835 105 149 69 -1 -1
28 72 243 1859 103 61 51 -1 -1
28 91 243 635 71 52 48 -1 -1
28 92 243 1565 60 74 37 -1 -1
28 0 244 1188 87 108 50 -1 -1
28 1 244 982 59 103 41 -1 -1
28 2 244 362 123 124 61 -1 -1
28 3 244 1327 78 116 32 -1 -1
28 35 244 849 235 241 123 -1 -1
28 70 244 221 210 136 80 -1 -1
28 71 244 835 106 149 68 -1 -1
28 72 244 1860 103 60 51 -1 -1
28 91 244 636 71 51 48 -1 -1
28 92 244 1565 60 74 37 -1 -1
28 0 245 1189 87 107 50 -1 -1
28 1 245 982 59 103 41 -1 -1
28 2 245 363 123 123 61 -1 -1
28 3 245 1327 77 116 33 -1 -1
28 35 245 827 237 247 128 -1 -1
28 70 245 205 209 131 79 -1 -1
28 71 245 835 107 148 67 -1 -1
28 72 245 1859 103 61 51 -1 -1
28 91 245 635 71 52 48 -1 -1
28 93 245 363 124 124 61 -1 -1
28 0 246 1191 88 105 49 -1 -1
28 1 246 984 59 101 41 -1 -1
28 2 246 362 123 124 61 -1 -1
28 3 246 1327 77 115 34 -1 -1
28 35 246 802 244 256 126 -1 -1
28 70 246 191 208 125 75 -1 -1
28 71 246 835 107 148 67 -1 -1
28 72 246 1859 103 61 51 -1 -1
28 91 246 635 71 51 48 -1 -1
28 93 246 363 124 124 60 -1 -1
28 0 247 1191 87 105 49 -1 -1
28 1 247 983 58 102 42 -1 -1
28 2 247 362 123 124 60 -1 -1
28 3 247 1327 77 115 34 -1 -1
28 35 247 777 249 262 129 -1 -1
28 70 247 175 207 121 74 -1 -1
28 71 247 834 108 135 65 -1 -1
28 72 247 1859 103 61 51 -1 -1
28 91 247 636 70 51 49 -1 -1
28 93 247 363 124 124 60 -1 -1
28 0 248 1191 88 105 49 -1 -1
28 1 248 983 59 101 41 -1 -1
28 2 248 362 123 124 60 -1 -1
28 3 248 1327 77 115 34 -1 -1
28 35 248 749 252 271 131 -1 -1
28 70 248 159 207 117 72 -1 -1
28 71 248 834 108 134 65 -1 -1
28 72 248 1859 104 61 49 -1 -1
28 91 248 636 70 51 49 -1 -1
28 93 248 363 124 123 60 -1 -1
28 94 248 1565 60 74 37 -1 -1
28 0 249 1192 88 104 48 -1 -1
28 1 249 983 59 102 41 -1 -1
28 2 249 362 123 124 60 -1 -1
28 3 249 1327 77 115 34 -1 -1
28 35 249 718 257 276 136 -1 -1
28 70 249 147 204 111 71 -1 -1
28 71 249 834 107 132 67 -1 -1
28 72 249 1859 104 61 49 -1 -1
28 91 249 636 70 51 49 -1 -1
28 93 249 363 124 124 60 -1 -1
28 94 249 1565 60 74 37 -1 -1
28 0 250 1192 88 104 49 -1 -1
28 1 250 987 56 102 44 -1 -1
28 2 250 363 123 122 61 -1 -1
28 3 250 1326 77 112 34 -1 -1
28 35 250 686 259 285 144 -1 -1
28 70 250 131 205 112 67 -1 -1
28 71 250 836 107 104 66 -1 -1
28 72 250 1859 104 61 49 -1 -1
28 91 250 638 70 50 49 -1 -1
28 93 250 363 124 124 60 -1 -1
28 94 250 1563 60 76 37 -1 -1
28 0 251 1189 88 107 49 -1 -1
28 1 251 987 56 102 44 -1 -1
28 2 251 364 123 122 61 -1 -1
28 3 251 1326 77 114 34 -1 -1
28 35 251 652 265 294 143 -1 -1
28 70 251 116 206 107 64 -1 -1
28 71 251 836 107 147 67 -1 -1
28 72 251 1859 104 61 49 -1 -1
28 91 251 638 70 50 48 -1 -1
28 93 251 364 124 122 59 -1 -1
28 94 251 1563 61 76 37 -1 -1
28 0 252 1188 87 109 50 -1 -1
28 1 252 983 57 104 43 -1 -1
28 2 252 364 124 123 60 -1 -1
28 3 252 1326 77 114 33 -1 -1
28 35 252 617 275 280 143 -1 -1
28 70 252 104 202 103 66 -1 -1
28 71 252 836 107 147 67 -1 -1
28 91 252 639 70 49 48 -1 -1
28 93 252 364 124 122 59 -1 -1
28 94 252 1563 61 76 37 -1 -1
28 0 253 1185 87 111 51 -1 -1
28 1 253 986 55 111 45 -1 -1
28 2 253 364 124 123 60 -1 -1
28 3 253 1327 77 112 33 -1 -1
28 35 253 576 279 304 152 -1 -1
28 70 253 91 205 100 60 -1 -1
28 71 253 837 107 143 67 -1 -1
28 91 253 640 70 48 48 -1 -1
28 93 253 364 124 122 59 -1 -1
28 94 253 1563 61 76 37 -1 -1
28 0 254 1184 86 112 52 -1 -1
28 1 254 983 56 111 44 -1 -1
28 2 254 364 124 123 60 -1 -1
28 3 254 1326 78 115 32 -1 -1
28 35 254 537 282 302 164 -1 -1
28 70 254 79 204 96 58 -1 -1
28 71 254 837 107 142 67 -1 -1
28 91 254 640 70 48 48 -1 -1
28 93 254 364 124 122 59 -1 -1
28 94 254 1563 61 76 37 -1 -1
28 95 254 1751 43 31 33 -1 -1
28 0 255 1187 86 109 52 -1 -1
28 1 255 982 57 107 43 -1 -1
28 2 255 364 124 123 60 -1 -1
28 3 255 1327 78 114 31 -1 -1
28 35 255 492 290 325 171 -1 -1
28 70 255 66 203 94 57 -1 -1
28 71 255 837 107 143 67 -1 -1
28 91 255 640 70 48 48 -1 -1
28 95 255 1751 43 31 34 -1 -1
28 0 256 1185 86 111 52 -1 -1
28 1 256 982 57 107 43 -1 -1
28 2 256 363 124 124 60 -1 -1
28 3 256 1327 78 114 32 -1 -1
28 35 256 448 299 330 175 -1 -1
28 70 256 57 199 90 61 -1 -1
28 71 256 836 107 145 67 -1 -1
28 91 256 640 70 48 48 -1 -1
28 95 256 1751 42 32 34 -1 -1
28 0 257 1186 86 110 52 -1 -1
28 1 257 981 57 108 43 -1 -1
28 2 257 363 124 124 60 -1 -1
28 3 257 1326 78 115 32 -1 -1
28 35 257 396 310 342 182 -1 -1
28 70 257 45 200 87 57 -1 -1
28 71 257 836 107 145 67 -1 -1
28 95 257 1751 42 32 34 -1 -1
28 96 257 363 123 124 61 -1 -1
28 0 258 1186 87 110 51 -1 -1
28 1 258 984 56 112 44 -1 -1
28 2 258 363 123 123 61 -1 -1
28 3 258 1326 78 114 32 -1 -1
28 35 258 346 329 353 176 -1 -1
28 70 258 32 198 88 59 -1 -1
28 71 258 836 107 145 67 -1 -1
28 95 258 1751 42 32 34 -1 -1
28 96 258 363 123 124 61 -1 -1
28 0 259 1185 87 111 51 -1 -1
28 1 259 984 56 117 44 -1 -1
28 2 259 362 123 124 61 -1 -1
28 3 259 1326 77 114 33 -1 -1
28 35 259 294 337 370 188 -1 -1
28 70 259 27 197 81 57 -1 -1
28 71 259 836 107 145 67 -1 -1
28 95 259 1751 42 32 34 -1 -1
28 96 259 362 125 125 59 -1 -1
28 97 259 1045 57 74 43 -1 -1
