17 0 0 1453 330 255 180 -1 -1
17 1 0 371 262 236 187 -1 -1
17 2 0 1742 112 118 56 -1 -1
17 3 0 1694 252 112 86 -1 -1
17 0 1 1454 330 254 180 -1 -1
17 1 1 373 262 234 188 -1 -1
17 2 1 1743 113 117 55 -1 -1
17 3 1 1693 248 114 90 -1 -1
17 0 2 1454 330 254 180 -1 -1
17 1 2 373 262 234 188 -1 -1
17 2 2 1743 113 114 55 -1 -1
17 3 2 1693 249 114 89 -1 -1
17 0 3 1454 330 254 180 -1 -1
17 1 3 372 262 235 188 -1 -1
17 2 3 1744 112 112 55 -1 -1
17 3 3 1693 248 114 90 -1 -1
17 0 4 1454 330 254 180 -1 -1
17 1 4 372 262 235 188 -1 -1
17 2 4 1743 112 115 55 -1 -1
17 3 4 1693 248 114 90 -1 -1
17 0 5 1454 330 254 180 -1 -1
17 1 5 373 262 234 188 -1 -1
17 2 5 1743 112 116 55 -1 -1
17 3 5 1693 248 114 90 -1 -1
17 0 6 1454 330 254 180 -1 -1
17 1 6 372 262 235 188 -1 -1
17 2 6 1743 112 117 55 -1 -1
17 3 6 1693 248 114 90 -1 -1
17 0 7 1454 330 254 180 -1 -1
17 1 7 373 262 234 188 -1 -1
17 2 7 1743 113 116 54 -1 -1
17 3 7 1693 248 114 90 -1 -1
17 4 7 1230 112 249 149 -1 -1
17 0 8 1454 330 254 180 -1 -1
17 1 8 371 262 236 188 -1 -1
17 2 8 1744 112 114 55 -1 -1
17 3 8 1693 248 114 90 -1 -1
17 4 8 1230 112 249 149 -1 -1
17 0 9 1454 330 254 180 -1 -1
17 1 9 371 262 236 188 -1 -1
17 2 9 1744 112 114 55 -1 -1
17 3 9 1693 247 114 91 -1 -1
17 4 9 1196 110 270 152 -1 -1
17 0 10 1454 330 254 180 -1 -1
17 1 10 370 262 237 188 -1 -1
17 2 10 1744 112 115 56 -1 -1
17 3 10 1693 247 114 91 -1 -1
17 4 10 1196 110 270 152 -1 -1
17 0 11 1454 330 254 180 -1 -1
17 1 11 371 262 236 188 -1 -1
17 2 11 1744 112 114 55 -1 -1
17 3 11 1693 248 114 90 -1 -1
17 4 11 1156 110 261 149 -1 -1
17 0 12 1454 330 254 180 -1 -1
17 1 12 368 262 239 188 -1 -1
17 2 12 1744 112 109 55 -1 -1
17 3 12 1694 249 114 89 -1 -1
17 4 12 1129 108 296 152 -1 -1
17 0 13 1454 330 254 180 -1 -1
17 1 13 369 262 238 188 -1 -1
17 2 13 1744 112 110 55 -1 -1
17 3 13 1694 249 113 89 -1 -1
17 4 13 1129 108 296 152 -1 -1
17 0 14 1454 330 254 180 -1 -1
17 1 14 369 262 238 188 -1 -1
17 2 14 1744 112 111 55 -1 -1
17 3 14 1694 249 113 89 -1 -1
17 4 14 1087 105 295 152 -1 -1
17 0 15 1454 330 254 180 -1 -1
17 1 15 368 262 239 188 -1 -1
17 2 15 1744 112 109 55 -1 -1
17 3 15 1694 249 114 89 -1 -1
17 4 15 1064 105 291 153 -1 -1
17 0 16 1454 330 254 180 -1 -1
17 1 16 369 262 238 189 -1 -1
17 2 16 1744 112 109 55 -1 -1
17 3 16 1694 247 114 91 -1 -1
17 4 16 1064 105 291 153 -1 -1
17 0 17 1454 330 254 180 -1 -1
17 1 17 369 262 238 188 -1 -1
17 2 17 1744 112 109 55 -1 -1
17 3 17 1694 247 114 91 -1 -1
17 4 17 1064 105 291 153 -1 -1
17 0 18 1454 330 254 180 -1 -1
17 1 18 369 262 238 188 -1 -1
17 2 18 1744 112 109 54 -1 -1
17 3 18 1694 247 114 91 -1 -1
17 4 18 1064 105 291 153 -1 -1
17 0 19 1454 330 254 180 -1 -1
17 1 19 368 262 239 188 -1 -1
17 2 19 1744 112 110 55 -1 -1
17 3 19 1694 247 114 91 -1 -1
17 4 19 984 104 299 147 -1 -1
17 0 20 1454 330 254 180 -1 -1
17 1 20 369 262 237 188 -1 -1
17 2 20 1744 113 109 54 -1 -1
17 3 20 1693 249 114 89 -1 -1
17 4 20 958 104 299 145 -1 -1
17 0 21 1454 330 254 180 -1 -1
17 1 21 368 262 238 188 -1 -1
17 2 21 1744 113 111 54 -1 -1
17 3 21 1693 248 114 90 -1 -1
17 4 21 942 102 300 146 -1 -1
17 0 22 1454 330 255 180 -1 -1
17 1 22 366 262 240 188 -1 -1
17 2 22 1744 113 111 54 -1 -1
17 3 22 1694 248 114 90 -1 -1
17 4 22 942 102 300 146 -1 -1
17 0 23 1454 330 255 180 -1 -1
17 1 23 366 262 240 188 -1 -1
17 2 23 1744 113 111 54 -1 -1
17 3 23 1694 248 113 90 -1 -1
17 4 23 895 103 289 140 -1 -1
17 0 24 1453 330 255 181 -1 -1
17 1 24 371 262 235 187 -1 -1
17 2 24 1744 113 112 54 -1 -1
17 3 24 1694 251 113 87 -1 -1
17 4 24 895 103 289 140 -1 -1
17 0 25 1453 330 255 180 -1 -1
17 1 25 370 262 237 187 -1 -1
17 2 25 1744 113 112 54 -1 -1
17 3 25 1694 250 113 89 -1 -1
17 4 25 895 103 289 140 -1 -1
17 0 26 1453 330 256 181 -1 -1
17 1 26 370 262 237 187 -1 -1
17 2 26 1744 113 111 54 -1 -1
17 3 26 1694 250 113 89 -1 -1
17 4 26 895 103 289 140 -1 -1
17 0 27 1453 330 254 180 -1 -1
17 1 27 369 262 238 187 -1 -1
17 2 27 1744 113 111 54 -1 -1
17 3 27 1694 250 113 89 -1 -1
17 5 27 1562 454 358 297 -1 -1
17 0 28 1453 330 252 180 -1 -1
17 1 28 369 262 238 187 -1 -1
17 2 28 1744 113 111 54 -1 -1
17 3 28 1693 248 115 92 -1 -1
17 5 28 1533 423 387 312 -1 -1
17 0 29 1453 330 252 180 -1 -1
17 1 29 369 262 238 187 -1 -1
17 2 29 1744 113 111 54 -1 -1
17 3 29 1694 248 113 92 -1 -1
17 5 29 1484 399 425 319 -1 -1
17 0 30 1453 330 252 180 -1 -1
17 1 30 371 262 235 188 -1 -1
17 2 30 1744 113 105 53 -1 -1
17 3 30 1694 251 113 88 -1 -1
17 5 30 1483 397 361 292 -1 -1
17 6 30 1502 395 345 277 -1 -1
17 0 31 1453 330 252 180 -1 -1
17 1 31 371 262 235 188 -1 -1
17 2 31 1744 113 104 53 -1 -1
17 3 31 1694 252 112 87 -1 -1
17 5 31 1419 389 382 283 -1 -1
17 6 31 1502 395 345 277 -1 -1
17 1 32 371 262 235 188 -1 -1
17 2 32 1744 113 104 53 -1 -1
17 3 32 1694 254 112 84 -1 -1
17 5 32 1395 369 369 291 -1 -1
17 6 32 1502 395 345 277 -1 -1
17 1 33 371 262 235 188 -1 -1
17 2 33 1744 113 104 53 -1 -1
17 3 33 1694 253 112 85 -1 -1
17 5 33 1348 368 374 276 -1 -1
17 6 33 1502 395 345 277 -1 -1
17 1 34 371 262 235 188 -1 -1
17 2 34 1744 113 105 53 -1 -1
17 3 34 1694 253 112 85 -1 -1
17 5 34 1331 366 356 261 -1 -1
17 1 35 372 262 234 188 -1 -1
17 2 35 1744 113 105 53 -1 -1
17 3 35 1694 252 112 86 -1 -1
17 5 35 1293 361 352 254 -1 -1
17 1 36 365 262 240 189 -1 -1
17 2 36 1744 114 105 52 -1 -1
17 3 36 1694 249 112 89 -1 -1
17 5 36 1269 352 340 258 -1 -1
17 1 37 365 262 241 188 -1 -1
17 2 37 1744 114 106 52 -1 -1
17 3 37 1694 249 113 89 -1 -1
17 5 37 1246 350 325 243 -1 -1
17 7 37 1497 331 209 176 -1 -1
17 1 38 364 262 242 188 -1 -1
17 2 38 1744 114 106 52 -1 -1
17 3 38 1694 250 113 88 -1 -1
17 5 38 1222 343 316 239 -1 -1
17 7 38 1483 330 223 177 -1 -1
17 1 39 364 262 242 188 -1 -1
17 2 39 1744 114 106 52 -1 -1
17 3 39 1695 250 111 88 -1 -1
17 5 39 1202 343 306 228 -1 -1
17 7 39 1459 331 246 177 -1 -1
17 1 40 366 262 240 188 -1 -1
17 2 40 1744 113 112 53 -1 -1
17 3 40 1694 253 112 84 -1 -1
17 5 40 1180 336 297 227 -1 -1
17 7 40 1450 330 258 180 -1 -1
17 1 41 366 262 240 188 -1 -1
17 2 41 1744 113 111 53 -1 -1
17 3 41 1694 253 112 84 -1 -1
17 5 41 1162 331 295 221 -1 -1
17 7 41 1455 330 252 180 -1 -1
17 1 42 365 262 241 188 -1 -1
17 2 42 1744 113 110 53 -1 -1
17 3 42 1694 253 112 84 -1 -1
17 5 42 1144 326 283 217 -1 -1
17 7 42 1454 329 253 181 -1 -1
17 1 43 365 262 241 188 -1 -1
17 2 43 1744 113 110 53 -1 -1
17 3 43 1694 253 112 84 -1 -1
17 5 43 1126 323 276 209 -1 -1
17 7 43 1453 329 254 181 -1 -1
17 1 44 366 262 240 188 -1 -1
17 2 44 1744 113 110 53 -1 -1
17 3 44 1694 253 112 84 -1 -1
17 5 44 1109 319 268 206 -1 -1
17 7 44 1453 330 254 180 -1 -1
17 1 45 365 262 241 188 -1 -1
17 2 45 1744 113 109 52 -1 -1
17 3 45 1694 253 112 84 -1 -1
17 5 45 1097 312 258 204 -1 -1
17 7 45 1453 330 254 180 -1 -1
17 1 46 365 262 241 188 -1 -1
17 2 46 1744 113 110 52 -1 -1
17 3 46 1694 253 112 84 -1 -1
17 5 46 1085 308 252 201 -1 -1
17 7 46 1453 330 254 180 -1 -1
17 1 47 364 262 242 188 -1 -1
17 2 47 1744 113 110 52 -1 -1
17 3 47 1694 253 111 84 -1 -1
17 5 47 1077 304 241 195 -1 -1
17 7 47 1453 330 254 180 -1 -1
17 1 48 368 262 238 187 -1 -1
17 2 48 1744 113 112 53 -1 -1
17 3 48 1693 252 113 85 -1 -1
17 5 48 1069 300 236 193 -1 -1
17 7 48 1454 330 253 180 -1 -1
17 1 49 368 262 238 187 -1 -1
17 2 49 1744 113 112 53 -1 -1
17 3 49 1694 252 112 85 -1 -1
17 5 49 1061 296 227 188 -1 -1
17 7 49 1453 330 254 180 -1 -1
17 1 50 362 262 244 188 -1 -1
17 2 50 1743 113 116 53 -1 -1
17 3 50 1692 248 114 90 -1 -1
17 5 50 1057 291 221 185 -1 -1
17 7 50 1454 330 253 180 -1 -1
17 1 51 361 262 245 188 -1 -1
17 2 51 1743 113 116 53 -1 -1
17 3 51 1692 248 114 90 -1 -1
17 5 51 1056 288 214 178 -1 -1
17 7 51 1454 330 253 180 -1 -1
17 1 52 360 262 246 188 -1 -1
17 2 52 1743 113 117 53 -1 -1
17 3 52 1692 248 115 90 -1 -1
17 5 52 1054 282 206 175 -1 -1
17 7 52 1454 330 253 180 -1 -1
17 1 53 361 262 245 188 -1 -1
17 2 53 1743 113 116 53 -1 -1
17 3 53 1692 248 115 90 -1 -1
17 5 53 1055 278 201 174 -1 -1
17 7 53 1453 330 254 180 -1 -1
17 1 54 362 262 244 188 -1 -1
17 2 54 1743 113 118 53 -1 -1
17 3 54 1692 248 115 90 -1 -1
17 5 54 1056 276 198 168 -1 -1
17 7 54 1453 330 254 180 -1 -1
17 1 55 364 261 242 189 -1 -1
17 2 55 1743 113 120 53 -1 -1
17 3 55 1691 248 116 90 -1 -1
17 5 55 1058 274 195 164 -1 -1
17 7 55 1453 330 254 180 -1 -1
17 1 56 363 262 243 188 -1 -1
17 2 56 1743 113 119 52 -1 -1
17 3 56 1692 248 115 90 -1 -1
17 5 56 1063 273 193 160 -1 -1
17 7 56 1453 330 254 180 -1 -1
17 1 57 363 262 243 188 -1 -1
17 2 57 1743 113 118 53 -1 -1
17 3 57 1692 248 115 90 -1 -1
17 5 57 1070 267 192 159 -1 -1
17 7 57 1453 329 254 181 -1 -1
17 1 58 364 262 242 188 -1 -1
17 2 58 1742 113 118 53 -1 -1
17 3 58 1692 248 115 90 -1 -1
17 5 58 1077 262 192 159 -1 -1
17 7 58 1453 330 254 180 -1 -1
17 1 59 366 262 240 188 -1 -1
17 2 59 1742 113 118 53 -1 -1
17 3 59 1692 249 115 89 -1 -1
17 5 59 1085 259 192 157 -1 -1
17 7 59 1453 330 254 180 -1 -1
17 1 60 371 262 236 188 -1 -1
17 2 60 1743 113 114 53 -1 -1
17 3 60 1693 249 115 88 -1 -1
17 5 60 1096 258 193 152 -1 -1
17 7 60 1453 330 254 180 -1 -1
17 1 61 372 262 235 188 -1 -1
17 2 61 1743 113 113 53 -1 -1
17 3 61 1693 248 115 89 -1 -1
17 5 61 1106 255 193 152 -1 -1
17 7 61 1453 330 254 180 -1 -1
17 1 62 371 262 236 188 -1 -1
17 2 62 1743 113 118 53 -1 -1
17 3 62 1693 248 115 89 -1 -1
17 5 62 1120 254 193 148 -1 -1
17 7 62 1453 330 254 180 -1 -1
17 1 63 371 262 236 188 -1 -1
17 2 63 1743 113 118 53 -1 -1
17 3 63 1693 249 114 88 -1 -1
17 5 63 1120 254 193 148 -1 -1
17 7 63 1453 330 254 180 -1 -1
17 1 64 371 262 236 188 -1 -1
17 2 64 1743 113 118 53 -1 -1
17 3 64 1694 249 113 88 -1 -1
17 5 64 1148 248 193 146 -1 -1
17 7 64 1453 330 254 180 -1 -1
17 1 65 372 262 235 188 -1 -1
17 2 65 1743 113 116 53 -1 -1
17 3 65 1693 249 114 88 -1 -1
17 5 65 1160 247 196 142 -1 -1
17 7 65 1453 330 254 180 -1 -1
17 1 66 371 262 236 189 -1 -1
17 2 66 1743 113 115 53 -1 -1
17 3 66 1693 249 114 88 -1 -1
17 5 66 1181 240 192 144 -1 -1
17 7 66 1453 330 254 180 -1 -1
17 1 67 371 262 236 189 -1 -1
17 2 67 1743 113 114 53 -1 -1
17 3 67 1693 248 114 90 -1 -1
17 5 67 1196 238 193 142 -1 -1
17 7 67 1453 330 254 180 -1 -1
17 1 68 371 262 236 189 -1 -1
17 2 68 1743 113 116 53 -1 -1
17 3 68 1693 249 114 89 -1 -1
17 5 68 1214 236 192 141 -1 -1
17 7 68 1453 330 254 180 -1 -1
17 1 69 371 262 236 189 -1 -1
17 2 69 1743 113 116 53 -1 -1
17 3 69 1694 249 114 89 -1 -1
17 5 69 1232 235 190 138 -1 -1
17 7 69 1454 330 253 180 -1 -1
17 1 70 372 262 235 188 -1 -1
17 2 70 1743 113 121 55 -1 -1
17 3 70 1694 249 114 89 -1 -1
17 5 70 1252 234 189 137 -1 -1
17 7 70 1454 329 253 181 -1 -1
17 1 71 372 262 235 188 -1 -1
17 2 71 1743 113 120 55 -1 -1
17 3 71 1694 249 114 89 -1 -1
17 5 71 1271 234 186 133 -1 -1
17 7 71 1455 329 252 181 -1 -1
17 1 72 364 261 242 189 -1 -1
17 2 72 1744 113 111 55 -1 -1
17 3 72 1696 248 110 90 -1 -1
17 5 72 1290 234 181 130 -1 -1
17 7 72 1454 329 253 181 -1 -1
17 1 73 365 261 241 189 -1 -1
17 2 73 1744 113 111 55 -1 -1
17 3 73 1696 247 110 91 -1 -1
17 5 73 1307 232 182 129 -1 -1
17 7 73 1454 329 253 181 -1 -1
17 1 74 365 261 241 189 -1 -1
17 2 74 1744 113 110 54 -1 -1
17 3 74 1696 247 109 91 -1 -1
17 5 74 1325 231 180 129 -1 -1
17 7 74 1454 329 253 181 -1 -1
17 1 75 364 261 243 189 -1 -1
17 2 75 1744 113 110 54 -1 -1
17 3 75 1696 247 109 91 -1 -1
17 5 75 1341 228 170 130 -1 -1
17 7 75 1454 329 253 181 -1 -1
17 1 76 361 261 246 189 -1 -1
17 2 76 1744 113 110 54 -1 -1
17 3 76 1696 247 109 91 -1 -1
17 5 76 1358 228 174 127 -1 -1
17 7 76 1454 329 253 181 -1 -1
17 1 77 363 261 244 189 -1 -1
17 2 77 1744 113 110 54 -1 -1
17 3 77 1696 247 109 91 -1 -1
17 5 77 1358 228 174 127 -1 -1
17 7 77 1454 328 253 181 -1 -1
17 1 78 362 261 245 189 -1 -1
17 2 78 1744 113 110 54 -1 -1
17 3 78 1696 247 109 91 -1 -1
17 5 78 1358 228 174 127 -1 -1
17 7 78 1454 330 254 180 -1 -1
17 1 79 363 261 244 189 -1 -1
17 2 79 1744 113 108 54 -1 -1
17 3 79 1696 248 110 90 -1 -1
17 5 79 1408 220 149 121 -1 -1
17 7 79 1454 330 253 180 -1 -1
17 1 80 364 261 243 189 -1 -1
17 2 80 1744 113 110 54 -1 -1
17 3 80 1696 248 110 90 -1 -1
17 5 80 1408 220 149 121 -1 -1
17 7 80 1454 330 253 180 -1 -1
17 1 81 364 261 243 189 -1 -1
17 2 81 1744 113 110 54 -1 -1
17 3 81 1696 249 110 89 -1 -1
17 5 81 1439 221 144 116 -1 -1
17 7 81 1454 330 253 180 -1 -1
17 1 82 363 261 244 189 -1 -1
17 2 82 1744 113 110 54 -1 -1
17 3 82 1696 249 110 89 -1 -1
17 5 82 1439 221 144 116 -1 -1
17 7 82 1454 330 253 180 -1 -1
17 1 83 363 261 244 189 -1 -1
17 2 83 1743 113 111 54 -1 -1
17 3 83 1696 249 110 89 -1 -1
17 5 83 1439 221 144 116 -1 -1
17 7 83 1454 330 253 180 -1 -1
17 1 84 366 261 241 188 -1 -1
17 2 84 1744 113 111 54 -1 -1
17 3 84 1697 250 108 87 -1 -1
17 5 84 1439 221 144 116 -1 -1
17 7 84 1454 330 253 180 -1 -1
17 1 85 367 261 240 188 -1 -1
17 2 85 1744 113 111 54 -1 -1
17 3 85 1696 250 109 88 -1 -1
17 7 85 1454 330 253 180 -1 -1
17 8 85 866 171 148 66 -1 -1
17 1 86 367 261 240 188 -1 -1
17 2 86 1744 113 110 54 -1 -1
17 3 86 1697 250 108 88 -1 -1
17 7 86 1454 330 253 180 -1 -1
17 8 86 883 171 167 65 -1 -1
17 1 87 368 261 239 188 -1 -1
17 2 87 1744 113 110 54 -1 -1
17 3 87 1697 250 108 88 -1 -1
17 7 87 1453 330 254 180 -1 -1
17 8 87 888 172 200 71 -1 -1
17 1 88 368 261 239 188 -1 -1
17 2 88 1744 113 110 54 -1 -1
17 3 88 1697 250 108 88 -1 -1
17 7 88 1453 330 254 180 -1 -1
17 8 88 919 171 206 70 -1 -1
17 1 89 369 261 238 188 -1 -1
17 2 89 1744 113 108 53 -1 -1
17 3 89 1697 250 108 88 -1 -1
17 7 89 1453 330 254 180 -1 -1
17 8 89 965 170 193 67 -1 -1
17 1 90 367 261 239 189 -1 -1
17 2 90 1745 113 106 53 -1 -1
17 3 90 1696 248 111 90 -1 -1
17 7 90 1453 330 254 180 -1 -1
17 8 90 1010 169 192 70 -1 -1
17 1 91 368 261 238 189 -1 -1
17 2 91 1745 113 106 53 -1 -1
17 3 91 1697 248 110 90 -1 -1
17 7 91 1453 330 254 179 -1 -1
17 8 91 1043 169 183 69 -1 -1
17 1 92 368 261 239 189 -1 -1
17 2 92 1745 113 106 53 -1 -1
17 3 92 1697 248 110 90 -1 -1
17 7 92 1453 330 254 179 -1 -1
17 8 92 1088 169 179 67 -1 -1
17 1 93 368 261 238 189 -1 -1
17 2 93 1745 113 107 53 -1 -1
17 3 93 1697 247 110 91 -1 -1
17 7 93 1453 330 254 179 -1 -1
17 8 93 1125 167 187 70 -1 -1
17 1 94 367 261 240 189 -1 -1
17 2 94 1745 113 106 53 -1 -1
17 3 94 1697 246 110 92 -1 -1
17 7 94 1453 330 254 179 -1 -1
17 8 94 1173 167 182 68 -1 -1
17 1 95 365 261 242 189 -1 -1
17 2 95 1745 113 107 54 -1 -1
17 3 95 1696 247 111 91 -1 -1
17 7 95 1453 330 254 179 -1 -1
17 8 95 1214 166 190 69 -1 -1
17 1 96 367 261 240 189 -1 -1
17 2 96 1745 113 104 53 -1 -1
17 3 96 1696 247 111 91 -1 -1
17 7 96 1454 330 253 180 -1 -1
17 8 96 1259 166 200 67 -1 -1
17 1 97 366 261 241 189 -1 -1
17 2 97 1745 113 104 53 -1 -1
17 3 97 1696 247 111 91 -1 -1
17 7 97 1453 330 254 180 -1 -1
17 8 97 1302 164 208 69 -1 -1
17 1 98 365 261 242 189 -1 -1
17 2 98 1745 113 104 53 -1 -1
17 3 98 1696 247 111 91 -1 -1
17 7 98 1453 330 254 180 -1 -1
17 8 98 1352 166 178 67 -1 -1
17 1 99 366 261 241 189 -1 -1
17 2 99 1745 113 105 53 -1 -1
17 7 99 1453 330 254 180 -1 -1
17 8 99 1397 169 144 65 -1 -1
17 1 100 365 261 242 189 -1 -1
17 2 100 1745 113 106 53 -1 -1
17 7 100 1453 330 254 180 -1 -1
17 8 100 1397 169 144 65 -1 -1
17 1 101 364 261 244 189 -1 -1
17 2 101 1744 113 108 53 -1 -1
17 7 101 1453 330 254 180 -1 -1
17 8 101 1397 169 144 65 -1 -1
17 9 101 1694 246 112 91 -1 -1
17 1 102 362 261 245 189 -1 -1
17 2 102 1743 113 110 54 -1 -1
17 7 102 1453 330 255 180 -1 -1
17 8 102 1397 169 144 65 -1 -1
17 9 102 1692 251 118 91 -1 -1
17 1 103 365 261 242 189 -1 -1
17 2 103 1740 113 111 56 -1 -1
17 7 103 1454 330 254 180 -1 -1
17 9 103 1692 252 118 90 -1 -1
17 10 103 1637 167 169 74 -1 -1
17 1 104 366 261 241 189 -1 -1
17 2 104 1743 113 118 61 -1 -1
17 7 104 1454 330 254 180 -1 -1
17 9 104 1692 252 118 90 -1 -1
17 10 104 1642 162 229 77 -1 -1
17 1 105 363 261 244 190 -1 -1
17 2 105 1742 113 128 63 -1 -1
17 7 105 1454 330 253 180 -1 -1
17 9 105 1690 249 119 93 -1 -1
17 10 105 1687 164 206 75 -1 -1
17 11 105 777 188 61 41 -1 -1
17 1 106 362 261 245 190 -1 -1
17 2 106 1741 113 118 58 -1 -1
17 7 106 1454 330 253 180 -1 -1
17 9 106 1691 252 118 91 -1 -1
17 10 106 1733 166 155 72 -1 -1
17 11 106 777 188 61 41 -1 -1
17 1 107 362 261 245 189 -1 -1
17 2 107 1748 114 102 54 -1 -1
17 7 107 1454 330 253 180 -1 -1
17 9 107 1691 252 118 91 -1 -1
17 10 107 1733 166 155 72 -1 -1
17 11 107 777 188 61 41 -1 -1
17 1 108 362 261 245 189 -1 -1
17 2 108 1745 114 107 52 -1 -1
17 7 108 1454 329 253 180 -1 -1
17 9 108 1694 246 112 92 -1 -1
17 10 108 1733 166 155 72 -1 -1
17 11 108 777 188 61 41 -1 -1
17 1 109 362 261 245 189 -1 -1
17 2 109 1743 113 110 53 -1 -1
17 7 109 1454 330 253 180 -1 -1
17 9 109 1695 246 111 92 -1 -1
17 10 109 1733 166 155 72 -1 -1
17 1 110 366 261 240 190 -1 -1
17 2 110 1742 113 112 53 -1 -1
17 7 110 1453 330 254 180 -1 -1
17 9 110 1695 246 111 92 -1 -1
17 1 111 366 261 240 190 -1 -1
17 2 111 1743 113 111 53 -1 -1
17 7 111 1453 330 254 180 -1 -1
17 9 111 1695 246 111 92 -1 -1
17 12 111 1395 180 140 89 -1 -1
17 1 112 366 261 240 190 -1 -1
17 2 112 1743 113 112 53 -1 -1
17 7 112 1454 330 253 179 -1 -1
17 9 112 1695 247 111 91 -1 -1
17 12 112 1378 182 138 85 -1 -1
17 13 112 896 177 116 91 -1 -1
17 1 113 366 261 240 190 -1 -1
17 2 113 1743 113 112 53 -1 -1
17 7 113 1454 330 253 180 -1 -1
17 9 113 1695 247 111 91 -1 -1
17 12 113 1356 177 140 89 -1 -1
17 13 113 895 178 140 93 -1 -1
17 1 114 366 261 240 190 -1 -1
17 2 114 1743 113 114 53 -1 -1
17 7 114 1453 330 254 180 -1 -1
17 9 114 1695 247 111 91 -1 -1
17 12 114 1335 177 143 87 -1 -1
17 13 114 924 179 134 93 -1 -1
17 1 115 358 261 246 192 -1 -1
17 2 115 1743 113 114 53 -1 -1
17 7 115 1453 330 254 180 -1 -1
17 9 115 1695 247 111 91 -1 -1
17 12 115 1315 179 142 85 -1 -1
17 13 115 958 180 121 97 -1 -1
17 1 116 359 261 244 192 -1 -1
17 2 116 1743 113 113 53 -1 -1
17 7 116 1453 330 254 180 -1 -1
17 9 116 1695 248 111 90 -1 -1
17 12 116 1291 177 145 86 -1 -1
17 13 116 982 178 120 101 -1 -1
17 1 117 357 261 246 192 -1 -1
17 2 117 1743 113 114 53 -1 -1
17 7 117 1453 330 254 180 -1 -1
17 9 117 1695 248 111 90 -1 -1
17 12 117 1267 176 147 85 -1 -1
17 13 117 977 178 147 102 -1 -1
17 1 118 358 261 245 192 -1 -1
17 2 118 1743 113 112 53 -1 -1
17 7 118 1453 330 254 180 -1 -1
17 9 118 1695 248 111 90 -1 -1
17 12 118 1243 174 149 86 -1 -1
17 13 118 996 179 150 102 -1 -1
17 1 119 356 261 248 192 -1 -1
17 2 119 1742 113 112 53 -1 -1
17 7 119 1453 330 254 180 -1 -1
17 9 119 1695 248 111 90 -1 -1
17 12 119 1219 175 148 83 -1 -1
17 13 119 1026 179 141 104 -1 -1
17 1 120 356 261 248 192 -1 -1
17 2 120 1741 113 111 54 -1 -1
17 7 120 1453 330 254 181 -1 -1
17 9 120 1695 248 111 90 -1 -1
17 12 120 1192 173 150 86 -1 -1
17 13 120 1048 179 139 104 -1 -1
17 14 120 1746 114 112 53 -1 -1
17 1 121 369 262 237 188 -1 -1
17 2 121 1741 113 112 54 -1 -1
17 7 121 1453 330 254 181 -1 -1
17 9 121 1695 248 111 90 -1 -1
17 12 121 1169 173 149 81 -1 -1
17 13 121 1054 181 152 103 -1 -1
17 14 121 1746 114 112 53 -1 -1
17 1 122 366 261 240 189 -1 -1
17 2 122 1741 113 112 54 -1 -1
17 7 122 1453 330 254 181 -1 -1
17 9 122 1695 248 111 90 -1 -1
17 12 122 1169 173 149 81 -1 -1
17 13 122 1063 179 163 106 -1 -1
17 14 122 1746 114 112 53 -1 -1
17 1 123 368 262 237 188 -1 -1
17 2 123 1741 113 111 54 -1 -1
17 7 123 1453 330 254 181 -1 -1
17 12 123 1169 173 149 81 -1 -1
17 13 123 1091 180 152 108 -1 -1
17 14 123 1746 114 112 53 -1 -1
17 1 124 367 261 238 190 -1 -1
17 2 124 1741 113 111 54 -1 -1
17 7 124 1453 330 254 181 -1 -1
17 12 124 1169 173 149 81 -1 -1
17 13 124 1085 179 172 108 -1 -1
17 14 124 1747 114 111 53 -1 -1
17 1 125 366 261 239 190 -1 -1
17 2 125 1741 113 111 54 -1 -1
17 7 125 1453 330 254 181 -1 -1
17 13 125 1114 180 160 110 -1 -1
17 14 125 1747 114 111 53 -1 -1
17 15 125 1063 163 139 68 -1 -1
17 1 126 366 261 239 190 -1 -1
17 2 126 1741 113 112 54 -1 -1
17 7 126 1453 330 254 181 -1 -1
17 13 126 1133 180 156 112 -1 -1
17 14 126 1747 114 112 53 -1 -1
17 15 126 1038 163 139 80 -1 -1
17 1 127 366 261 239 190 -1 -1
17 2 127 1745 114 108 51 -1 -1
17 7 127 1453 330 254 181 -1 -1
17 13 127 1145 181 153 112 -1 -1
17 14 127 1747 114 112 53 -1 -1
17 15 127 1008 162 153 80 -1 -1
17 1 128 366 261 239 190 -1 -1
17 2 128 1747 113 98 51 -1 -1
17 7 128 1453 330 254 181 -1 -1
17 13 128 1158 181 153 112 -1 -1
17 14 128 1747 114 112 53 -1 -1
17 15 128 984 162 148 80 -1 -1
17 2 129 1747 113 98 51 -1 -1
17 7 129 1453 330 254 181 -1 -1
17 13 129 1168 182 152 114 -1 -1
17 14 129 1747 114 112 53 -1 -1
17 15 129 957 162 146 77 -1 -1
17 16 129 1731 135 160 91 -1 -1
17 2 130 1747 113 98 51 -1 -1
17 7 130 1453 330 254 181 -1 -1
17 13 130 1193 182 136 115 -1 -1
17 15 130 925 162 150 78 -1 -1
17 16 130 1731 135 160 91 -1 -1
17 2 131 1747 113 98 51 -1 -1
17 7 131 1453 329 254 181 -1 -1
17 13 131 1188 182 149 116 -1 -1
17 15 131 909 161 138 79 -1 -1
17 16 131 1666 120 222 94 -1 -1
17 17 131 365 262 242 189 -1 -1
17 18 131 1694 247 113 91 -1 -1
17 7 132 1453 330 254 180 -1 -1
17 13 132 1187 184 157 116 -1 -1
17 15 132 883 152 139 89 -1 -1
17 16 132 1633 126 252 92 -1 -1
17 17 132 366 262 240 188 -1 -1
17 18 132 1694 246 113 92 -1 -1
17 7 133 1453 329 254 181 -1 -1
17 13 133 1198 184 150 116 -1 -1
17 15 133 856 153 139 84 -1 -1
17 16 133 1633 126 252 92 -1 -1
17 17 133 367 261 239 189 -1 -1
17 18 133 1694 248 113 90 -1 -1
17 19 133 1751 113 94 42 -1 -1
17 7 134 1453 329 254 181 -1 -1
17 13 134 1203 184 149 117 -1 -1
17 15 134 833 156 137 79 -1 -1
17 16 134 1628 143 171 69 -1 -1
17 17 134 368 261 238 189 -1 -1
17 18 134 1696 248 111 90 -1 -1
17 19 134 1734 113 114 51 -1 -1
17 20 134 1597 122 107 45 -1 -1
17 7 135 1453 330 254 180 -1 -1
17 13 135 1209 184 146 117 -1 -1
17 15 135 807 157 138 76 -1 -1
17 16 135 1586 130 169 82 -1 -1
17 17 135 369 261 237 189 -1 -1
17 18 135 1693 245 114 92 -1 -1
17 19 135 1722 113 143 54 -1 -1
17 20 135 1561 121 136 53 -1 -1
17 7 136 1453 329 254 181 -1 -1
17 13 136 1210 185 146 119 -1 -1
17 15 136 823 160 97 71 -1 -1
17 16 136 1575 138 132 82 -1 -1
17 17 136 368 262 238 188 -1 -1
17 18 136 1694 245 112 93 -1 -1
17 19 136 1744 114 122 53 -1 -1
17 20 136 1561 121 136 53 -1 -1
17 7 137 1453 329 254 181 -1 -1
17 13 137 1212 185 145 122 -1 -1
17 15 137 823 160 97 71 -1 -1
17 16 137 1575 138 132 82 -1 -1
17 17 137 368 262 238 188 -1 -1
17 18 137 1697 246 109 91 -1 -1
17 19 137 1741 112 124 55 -1 -1
17 20 137 1561 121 136 53 -1 -1
17 21 137 1439 106 140 104 -1 -1
17 7 138 1453 329 255 181 -1 -1
17 13 138 1213 186 141 125 -1 -1
17 15 138 823 160 97 71 -1 -1
17 16 138 1575 138 132 82 -1 -1
17 17 138 368 261 238 189 -1 -1
17 18 138 1697 247 109 91 -1 -1
17 19 138 1742 113 122 54 -1 -1
17 20 138 1561 121 136 53 -1 -1
17 21 138 1439 106 140 104 -1 -1
17 7 139 1453 329 254 181 -1 -1
17 13 139 1210 188 140 124 -1 -1
17 15 139 823 160 97 71 -1 -1
17 16 139 1575 138 132 82 -1 -1
17 17 139 367 261 239 189 -1 -1
17 18 139 1697 246 110 92 -1 -1
17 19 139 1742 113 123 54 -1 -1
17 21 139 1379 119 224 94 -1 -1
17 7 140 1453 329 254 181 -1 -1
17 13 140 1206 189 146 126 -1 -1
17 17 140 366 261 240 189 -1 -1
17 18 140 1697 246 110 92 -1 -1
17 19 140 1742 113 127 54 -1 -1
17 21 140 1329 122 217 94 -1 -1
17 7 141 1453 329 254 181 -1 -1
17 13 141 1200 189 150 128 -1 -1
17 17 141 364 262 242 188 -1 -1
17 18 141 1697 245 110 93 -1 -1
17 19 141 1742 113 126 54 -1 -1
17 21 141 1295 124 223 88 -1 -1
17 7 142 1453 329 255 181 -1 -1
17 13 142 1195 191 156 130 -1 -1
17 17 142 363 261 243 189 -1 -1
17 18 142 1697 245 110 93 -1 -1
17 19 142 1743 112 126 56 -1 -1
17 21 142 1261 125 230 82 -1 -1
17 7 143 1453 329 254 181 -1 -1
17 13 143 1188 194 160 128 -1 -1
17 17 143 364 261 242 189 -1 -1
17 18 143 1696 244 111 94 -1 -1
17 19 143 1742 113 122 55 -1 -1
17 21 143 1229 125 232 82 -1 -1
17 7 144 1453 330 255 180 -1 -1
17 13 144 1181 193 163 131 -1 -1
17 17 144 360 261 247 189 -1 -1
17 18 144 1695 244 112 94 -1 -1
17 19 144 1742 113 123 55 -1 -1
17 21 144 1191 126 232 85 -1 -1
17 7 145 1453 329 255 181 -1 -1
17 13 145 1173 193 164 131 -1 -1
17 17 145 363 261 244 189 -1 -1
17 18 145 1695 244 112 94 -1 -1
17 19 145 1742 113 122 55 -1 -1
17 21 145 1158 127 233 88 -1 -1
17 7 146 1453 329 255 181 -1 -1
17 13 146 1162 195 171 133 -1 -1
17 17 146 363 261 244 189 -1 -1
17 18 146 1695 244 112 94 -1 -1
17 19 146 1742 113 122 55 -1 -1
17 21 146 1128 129 222 86 -1 -1
17 7 147 1453 330 255 180 -1 -1
17 13 147 1153 196 172 134 -1 -1
17 17 147 362 261 245 189 -1 -1
17 18 147 1695 244 112 94 -1 -1
17 19 147 1742 113 123 55 -1 -1
17 21 147 1096 130 224 91 -1 -1
17 7 148 1453 330 255 180 -1 -1
17 13 148 1143 197 176 138 -1 -1
17 17 148 363 261 244 189 -1 -1
17 18 148 1695 244 112 94 -1 -1
17 19 148 1742 113 123 55 -1 -1
17 21 148 1067 129 221 89 -1 -1
17 7 149 1453 330 255 180 -1 -1
17 13 149 1132 198 178 138 -1 -1
17 17 149 363 261 244 189 -1 -1
17 18 149 1695 244 112 93 -1 -1
17 19 149 1742 113 123 55 -1 -1
17 21 149 1035 132 197 89 -1 -1
17 7 150 1453 330 255 180 -1 -1
17 13 150 1132 198 178 138 -1 -1
17 17 150 362 261 245 189 -1 -1
17 18 150 1695 244 112 94 -1 -1
17 19 150 1742 113 124 55 -1 -1
17 21 150 1008 133 215 88 -1 -1
17 7 151 1453 329 255 181 -1 -1
17 13 151 1110 203 185 139 -1 -1
17 17 151 360 262 247 188 -1 -1
17 18 151 1692 245 116 92 -1 -1
17 19 151 1743 112 115 55 -1 -1
17 21 151 980 134 217 88 -1 -1
17 7 152 1453 329 255 181 -1 -1
17 13 152 1098 202 189 142 -1 -1
17 17 152 360 261 248 189 -1 -1
17 18 152 1692 246 115 91 -1 -1
17 19 152 1743 112 115 55 -1 -1
17 21 152 949 134 213 88 -1 -1
17 7 153 1453 329 255 181 -1 -1
17 13 153 1084 203 192 144 -1 -1
17 17 153 360 262 247 188 -1 -1
17 18 153 1692 246 115 91 -1 -1
17 19 153 1743 111 115 56 -1 -1
17 21 153 918 134 215 88 -1 -1
17 22 153 928 132 205 90 -1 -1
17 7 154 1453 329 255 181 -1 -1
17 13 154 1070 205 194 145 -1 -1
17 17 154 360 262 247 188 -1 -1
17 18 154 1693 246 114 91 -1 -1
17 19 154 1743 112 114 55 -1 -1
17 21 154 918 133 183 88 -1 -1
17 22 154 928 132 205 90 -1 -1
17 7 155 1453 329 255 181 -1 -1
17 13 155 1056 206 199 146 -1 -1
17 17 155 360 262 247 188 -1 -1
17 18 155 1693 246 114 91 -1 -1
17 19 155 1743 112 112 55 -1 -1
17 21 155 894 131 181 89 -1 -1
17 22 155 928 132 205 90 -1 -1
17 7 156 1453 329 255 181 -1 -1
17 13 156 1043 207 203 148 -1 -1
17 17 156 360 261 247 190 -1 -1
17 18 156 1690 246 118 92 -1 -1
17 19 156 1743 112 114 55 -1 -1
17 21 156 883 126 163 91 -1 -1
17 22 156 928 132 205 90 -1 -1
17 7 157 1453 329 255 181 -1 -1
17 13 157 1031 208 203 151 -1 -1
17 17 157 360 261 247 190 -1 -1
17 18 157 1690 246 118 92 -1 -1
17 19 157 1743 112 114 55 -1 -1
17 21 157 824 133 145 83 -1 -1
17 7 158 1453 329 255 181 -1 -1
17 13 158 1015 208 206 153 -1 -1
17 17 158 360 261 247 190 -1 -1
17 18 158 1690 246 118 92 -1 -1
17 19 158 1742 112 115 55 -1 -1
17 21 158 796 128 191 88 -1 -1
17 7 159 1453 329 255 181 -1 -1
17 13 159 1002 210 208 157 -1 -1
17 17 159 360 261 247 190 -1 -1
17 18 159 1690 247 118 91 -1 -1
17 19 159 1742 112 115 55 -1 -1
17 21 159 782 138 165 78 -1 -1
17 7 160 1453 329 255 181 -1 -1
17 13 160 987 212 212 158 -1 -1
17 17 160 362 261 245 190 -1 -1
17 18 160 1691 247 116 91 -1 -1
17 19 160 1743 112 114 55 -1 -1
17 21 160 782 138 165 78 -1 -1
17 7 161 1453 329 255 181 -1 -1
17 13 161 972 214 212 160 -1 -1
17 17 161 362 261 245 190 -1 -1
17 18 161 1691 247 116 91 -1 -1
17 19 161 1743 112 114 55 -1 -1
17 21 161 782 138 165 78 -1 -1
17 7 162 1453 329 255 181 -1 -1
17 13 162 958 219 215 156 -1 -1
17 17 162 362 261 245 190 -1 -1
17 18 162 1690 247 117 91 -1 -1
17 19 162 1743 112 115 55 -1 -1
17 21 162 782 138 165 78 -1 -1
17 7 163 1453 329 255 181 -1 -1
17 13 163 940 217 221 162 -1 -1
17 17 163 361 261 246 190 -1 -1
17 18 163 1690 247 117 91 -1 -1
17 19 163 1742 112 117 55 -1 -1
17 7 164 1453 329 255 181 -1 -1
17 13 164 931 222 219 161 -1 -1
17 17 164 362 261 245 190 -1 -1
17 18 164 1690 247 117 91 -1 -1
17 19 164 1743 112 116 55 -1 -1
17 7 165 1453 329 255 181 -1 -1
17 13 165 916 223 223 164 -1 -1
17 17 165 362 261 245 190 -1 -1
17 18 165 1690 247 117 91 -1 -1
17 19 165 1743 112 117 55 -1 -1
17 7 166 1453 329 255 181 -1 -1
17 13 166 902 224 226 167 -1 -1
17 17 166 362 261 245 189 -1 -1
17 18 166 1690 247 117 91 -1 -1
17 19 166 1743 112 117 55 -1 -1
17 7 167 1453 329 255 181 -1 -1
17 13 167 891 225 223 168 -1 -1
17 17 167 363 261 244 189 -1 -1
17 18 167 1690 246 117 92 -1 -1
17 19 167 1743 112 114 53 -1 -1
17 7 168 1453 329 255 181 -1 -1
17 13 168 879 225 224 172 -1 -1
17 17 168 363 261 244 189 -1 -1
17 18 168 1690 245 119 92 -1 -1
17 19 168 1748 113 102 52 -1 -1
17 7 169 1453 329 255 181 -1 -1
17 13 169 864 228 229 175 -1 -1
17 17 169 362 261 245 189 -1 -1
17 18 169 1689 244 120 94 -1 -1
17 19 169 1748 113 102 52 -1 -1
17 7 170 1453 329 255 181 -1 -1
17 13 170 853 231 228 178 -1 -1
17 17 170 363 261 244 189 -1 -1
17 18 170 1689 244 120 94 -1 -1
17 19 170 1748 113 102 52 -1 -1
17 23 170 1705 152 192 68 -1 -1
17 7 171 1453 329 254 181 -1 -1
17 13 171 844 232 231 183 -1 -1
17 17 171 366 261 240 189 -1 -1
17 18 171 1689 244 120 94 -1 -1
17 19 171 1748 113 102 52 -1 -1
17 23 171 1705 152 192 68 -1 -1
17 7 172 1453 329 254 181 -1 -1
17 13 172 835 233 230 185 -1 -1
17 17 172 366 262 241 188 -1 -1
17 18 172 1689 244 120 94 -1 -1
17 23 172 1705 152 192 68 -1 -1
17 7 173 1453 329 254 181 -1 -1
17 13 173 824 235 233 188 -1 -1
17 17 173 363 262 244 189 -1 -1
17 18 173 1690 244 119 94 -1 -1
17 23 173 1705 152 192 68 -1 -1
17 24 173 1742 113 119 54 -1 -1
17 7 174 1453 329 254 181 -1 -1
17 13 174 816 236 238 192 -1 -1
17 17 174 364 261 243 190 -1 -1
17 18 174 1692 243 116 94 -1 -1
17 24 174 1743 112 118 56 -1 -1
17 7 175 1454 329 253 181 -1 -1
17 13 175 805 240 242 198 -1 -1
17 17 175 362 261 245 190 -1 -1
17 18 175 1693 244 115 93 -1 -1
17 24 175 1744 112 117 56 -1 -1
17 7 176 1454 329 254 181 -1 -1
17 13 176 804 245 236 198 -1 -1
17 17 176 362 261 245 190 -1 -1
17 18 176 1693 245 115 93 -1 -1
17 24 176 1744 112 115 56 -1 -1
17 7 177 1453 329 254 181 -1 -1
17 13 177 795 247 238 202 -1 -1
17 17 177 361 261 246 190 -1 -1
17 18 177 1693 245 115 93 -1 -1
17 24 177 1744 112 116 56 -1 -1
17 25 177 1367 152 161 60 -1 -1
17 7 178 1453 329 255 181 -1 -1
17 13 178 783 250 248 207 -1 -1
17 17 178 360 261 247 190 -1 -1
17 18 178 1693 245 115 93 -1 -1
17 24 178 1744 112 115 56 -1 -1
17 25 178 1322 150 179 63 -1 -1
17 7 179 1453 329 255 181 -1 -1
17 13 179 777 253 249 213 -1 -1
17 17 179 361 261 246 190 -1 -1
17 18 179 1693 245 115 93 -1 -1
17 24 179 1743 112 118 56 -1 -1
17 25 179 1278 148 175 66 -1 -1
17 7 180 1453 329 255 181 -1 -1
17 13 180 771 257 250 219 -1 -1
17 17 180 353 261 253 190 -1 -1
17 18 180 1693 245 115 93 -1 -1
17 24 180 1743 113 115 53 -1 -1
17 25 180 1235 149 175 68 -1 -1
17 7 181 1453 329 255 181 -1 -1
17 13 181 767 260 254 218 -1 -1
17 17 181 364 262 242 188 -1 -1
17 18 181 1694 250 114 88 -1 -1
17 24 181 1741 112 115 54 -1 -1
17 25 181 1210 149 161 66 -1 -1
17 7 182 1453 329 255 181 -1 -1
17 13 182 770 265 247 229 -1 -1
17 17 182 366 262 240 188 -1 -1
17 18 182 1694 249 114 89 -1 -1
17 24 182 1741 112 116 54 -1 -1
17 25 182 1154 151 171 64 -1 -1
17 7 183 1453 329 255 181 -1 -1
17 13 183 767 272 250 224 -1 -1
17 17 183 367 262 239 188 -1 -1
17 18 183 1694 249 114 89 -1 -1
17 24 183 1741 112 116 54 -1 -1
17 25 183 1111 152 175 68 -1 -1
17 26 183 760 269 259 230 -1 -1
17 7 184 1453 329 255 181 -1 -1
17 13 184 756 272 263 231 -1 -1
17 17 184 368 262 238 188 -1 -1
17 18 184 1694 250 114 89 -1 -1
17 24 184 1742 112 116 54 -1 -1
17 25 184 1075 154 169 67 -1 -1
17 26 184 760 269 259 230 -1 -1
17 7 185 1453 329 253 181 -1 -1
17 13 185 756 274 266 229 -1 -1
17 17 185 368 262 238 188 -1 -1
17 18 185 1694 251 114 88 -1 -1
17 24 185 1742 112 116 54 -1 -1
17 25 185 1039 156 166 65 -1 -1
17 26 185 760 269 259 230 -1 -1
17 7 186 1453 330 249 177 -1 -1
17 13 186 753 278 274 227 -1 -1
17 17 186 369 262 237 188 -1 -1
17 18 186 1693 250 116 90 -1 -1
17 24 186 1742 113 118 53 -1 -1
17 25 186 1003 157 160 65 -1 -1
17 26 186 760 269 259 230 -1 -1
17 7 187 1453 330 253 175 -1 -1
17 13 187 753 285 284 238 -1 -1
17 17 187 370 262 236 188 -1 -1
17 18 187 1693 249 116 90 -1 -1
17 24 187 1742 113 118 53 -1 -1
17 25 187 965 159 163 62 -1 -1
17 27 187 1506 370 414 348 -1 -1
17 7 188 1453 330 253 175 -1 -1
17 13 188 752 292 291 222 -1 -1
17 17 188 370 262 236 188 -1 -1
17 18 188 1693 249 115 91 -1 -1
17 24 188 1743 113 116 53 -1 -1
17 25 188 933 161 156 60 -1 -1
17 27 188 1485 399 429 292 -1 -1
17 7 189 1453 330 253 175 -1 -1
17 13 189 757 297 294 221 -1 -1
17 17 189 370 262 236 188 -1 -1
17 18 189 1694 249 114 91 -1 -1
17 24 189 1742 113 118 53 -1 -1
17 25 189 906 160 148 60 -1 -1
17 27 189 1452 351 423 328 -1 -1
17 7 190 1453 330 253 175 -1 -1
17 13 190 755 299 305 220 -1 -1
17 17 190 370 262 236 188 -1 -1
17 18 190 1694 249 115 91 -1 -1
17 24 190 1743 113 121 54 -1 -1
17 25 190 892 150 124 67 -1 -1
17 27 190 1428 368 393 295 -1 -1
17 28 190 756 300 302 175 -1 -1
17 13 191 760 301 306 227 -1 -1
17 17 191 370 262 237 188 -1 -1
17 18 191 1694 246 113 94 -1 -1
17 24 191 1742 112 121 55 -1 -1
17 25 191 892 150 124 67 -1 -1
17 27 191 1404 367 373 281 -1 -1
17 28 191 756 300 302 175 -1 -1
17 13 192 766 307 309 232 -1 -1
17 17 192 370 262 237 189 -1 -1
17 18 192 1694 245 113 94 -1 -1
17 24 192 1742 112 114 55 -1 -1
17 25 192 892 150 124 67 -1 -1
17 27 192 1381 361 359 264 -1 -1
17 28 192 756 300 302 175 -1 -1
17 29 192 808 161 133 54 -1 -1
17 13 193 765 312 324 236 -1 -1
17 17 193 370 262 237 189 -1 -1
17 18 193 1694 246 112 93 -1 -1
17 24 193 1742 112 114 55 -1 -1
17 25 193 892 150 124 67 -1 -1
17 27 193 1351 348 366 270 -1 -1
17 28 193 756 300 302 175 -1 -1
17 29 193 808 161 133 54 -1 -1
17 13 194 769 319 338 244 -1 -1
17 17 194 368 262 240 189 -1 -1
17 18 194 1694 246 112 93 -1 -1
17 24 194 1742 112 115 55 -1 -1
17 27 194 1325 348 363 267 -1 -1
17 29 194 808 161 133 54 -1 -1
17 13 195 773 322 343 240 -1 -1
17 17 195 368 262 240 189 -1 -1
17 18 195 1692 246 114 93 -1 -1
17 24 195 1742 113 114 54 -1 -1
17 27 195 1306 349 336 249 -1 -1
17 29 195 808 161 133 54 -1 -1
17 13 196 787 324 351 265 -1 -1
17 17 196 368 262 240 189 -1 -1
17 18 196 1692 246 114 93 -1 -1
17 24 196 1742 113 112 54 -1 -1
17 27 196 1284 348 312 240 -1 -1
17 13 197 791 323 358 274 -1 -1
17 17 197 366 262 242 189 -1 -1
17 18 197 1692 247 114 92 -1 -1
17 24 197 1742 113 113 54 -1 -1
17 27 197 1259 341 308 237 -1 -1
17 30 197 1515 330 189 175 -1 -1
17 13 198 807 328 363 273 -1 -1
17 17 198 366 262 242 189 -1 -1
17 18 198 1693 247 113 92 -1 -1
17 24 198 1742 113 113 54 -1 -1
17 27 198 1238 337 303 230 -1 -1
17 30 198 1489 330 217 177 -1 -1
17 31 198 802 326 371 262 -1 -1
17 13 199 820 337 386 304 -1 -1
17 17 199 367 262 241 189 -1 -1
17 18 199 1694 248 112 91 -1 -1
17 24 199 1742 113 113 54 -1 -1
17 27 199 1222 334 288 218 -1 -1
17 30 199 1472 330 234 177 -1 -1
17 31 199 802 326 371 262 -1 -1
17 13 200 825 339 395 291 -1 -1
17 17 200 367 262 241 189 -1 -1
17 18 200 1694 248 112 91 -1 -1
17 24 200 1742 113 113 54 -1 -1
17 27 200 1188 327 308 222 -1 -1
17 30 200 1449 329 260 180 -1 -1
17 31 200 802 326 371 262 -1 -1
17 13 201 835 345 436 314 -1 -1
17 17 201 368 262 239 189 -1 -1
17 18 201 1695 249 112 88 -1 -1
17 24 201 1742 112 118 54 -1 -1
17 27 201 1182 325 289 216 -1 -1
17 30 201 1450 329 258 181 -1 -1
17 31 201 802 326 371 262 -1 -1
17 13 202 840 333 463 323 -1 -1
17 17 202 369 262 238 188 -1 -1
17 18 202 1695 249 112 88 -1 -1
17 24 202 1742 112 120 54 -1 -1
17 27 202 1188 325 255 184 -1 -1
17 30 202 1455 328 253 181 -1 -1
17 13 203 840 333 463 323 -1 -1
17 17 203 368 262 239 189 -1 -1
17 18 203 1695 249 112 88 -1 -1
17 24 203 1742 112 121 54 -1 -1
17 27 203 1188 325 255 184 -1 -1
17 30 203 1454 329 254 181 -1 -1
17 13 204 885 349 444 347 -1 -1
17 17 204 366 262 241 189 -1 -1
17 18 204 1694 247 113 90 -1 -1
17 24 204 1741 112 118 54 -1 -1
17 27 204 1188 325 255 184 -1 -1
17 30 204 1454 329 254 180 -1 -1
17 13 205 885 349 444 347 -1 -1
17 17 205 364 261 243 190 -1 -1
17 18 205 1695 247 112 90 -1 -1
17 24 205 1741 112 118 54 -1 -1
17 27 205 1188 325 255 184 -1 -1
17 30 205 1454 329 254 180 -1 -1
17 13 206 885 349 444 347 -1 -1
17 17 206 365 261 242 190 -1 -1
17 18 206 1695 247 112 90 -1 -1
17 24 206 1742 112 119 54 -1 -1
17 30 206 1454 329 254 180 -1 -1
17 13 207 885 349 444 347 -1 -1
17 17 207 363 261 244 190 -1 -1
17 18 207 1695 248 112 89 -1 -1
17 24 207 1742 112 119 54 -1 -1
17 30 207 1454 329 254 181 -1 -1
17 17 208 361 261 246 190 -1 -1
17 18 208 1695 247 112 91 -1 -1
17 24 208 1742 112 118 54 -1 -1
17 30 208 1454 329 255 181 -1 -1
17 17 209 363 261 244 190 -1 -1
17 18 209 1695 247 113 91 -1 -1
17 24 209 1742 112 117 54 -1 -1
17 30 209 1455 329 253 176 -1 -1
17 17 210 353 262 252 192 -1 -1
17 18 210 1695 247 113 91 -1 -1
17 24 210 1742 112 118 54 -1 -1
17 30 210 1457 329 251 177 -1 -1
17 32 210 1090 288 216 152 -1 -1
17 17 211 361 261 246 190 -1 -1
17 18 211 1694 246 114 91 -1 -1
17 24 211 1744 113 109 53 -1 -1
17 30 211 1457 330 249 178 -1 -1
17 32 211 1086 285 216 174 -1 -1
17 33 211 889 181 150 91 -1 -1
17 17 212 361 261 246 190 -1 -1
17 18 212 1694 245 114 93 -1 -1
17 24 212 1744 113 111 53 -1 -1
17 30 212 1458 330 249 179 -1 -1
17 32 212 1086 278 210 177 -1 -1
17 33 212 919 183 143 94 -1 -1
17 17 213 361 261 246 190 -1 -1
17 18 213 1694 245 114 92 -1 -1
17 24 213 1744 113 110 53 -1 -1
17 30 213 1458 330 249 179 -1 -1
17 32 213 1087 275 206 174 -1 -1
17 33 213 921 184 163 94 -1 -1
17 17 214 361 261 246 190 -1 -1
17 18 214 1694 246 114 91 -1 -1
17 24 214 1744 113 110 53 -1 -1
17 30 214 1458 330 249 179 -1 -1
17 32 214 1090 272 199 168 -1 -1
17 33 214 930 183 175 98 -1 -1
17 17 215 351 262 254 191 -1 -1
17 18 215 1695 247 113 90 -1 -1
17 24 215 1745 113 112 53 -1 -1
17 30 215 1454 330 254 133 -1 -1
17 32 215 1094 271 195 168 -1 -1
17 33 215 960 185 164 96 -1 -1
17 17 216 350 262 254 191 -1 -1
17 18 216 1695 249 112 89 -1 -1
17 24 216 1745 113 111 55 -1 -1
17 30 216 1453 329 255 159 -1 -1
17 32 216 1100 269 191 163 -1 -1
17 33 216 983 187 161 95 -1 -1
17 17 217 349 261 256 192 -1 -1
17 18 217 1695 248 112 90 -1 -1
17 24 217 1744 114 116 54 -1 -1
17 30 217 1452 329 256 177 -1 -1
17 32 217 1104 262 191 165 -1 -1
17 33 217 1005 189 159 95 -1 -1
17 17 218 353 261 252 192 -1 -1
17 18 218 1695 248 112 89 -1 -1
17 24 218 1744 113 113 55 -1 -1
17 30 218 1453 329 254 182 -1 -1
17 32 218 1110 257 189 163 -1 -1
17 33 218 1021 187 161 100 -1 -1
17 17 219 353 261 252 192 -1 -1
17 18 219 1695 248 112 90 -1 -1
17 24 219 1744 113 113 54 -1 -1
17 30 219 1453 329 255 182 -1 -1
17 32 219 1116 255 190 162 -1 -1
17 33 219 1043 191 158 92 -1 -1
17 17 220 353 261 252 192 -1 -1
17 18 220 1695 249 111 88 -1 -1
17 24 220 1744 114 113 53 -1 -1
17 30 220 1453 329 255 182 -1 -1
17 32 220 1124 251 194 161 -1 -1
17 33 220 1043 191 158 92 -1 -1
17 17 221 353 261 252 192 -1 -1
17 18 221 1695 250 112 88 -1 -1
17 24 221 1744 113 111 54 -1 -1
17 30 221 1453 329 254 181 -1 -1
17 32 221 1134 249 192 158 -1 -1
17 33 221 1043 191 158 92 -1 -1
17 17 222 355 261 252 190 -1 -1
17 18 222 1695 250 112 88 -1 -1
17 24 222 1744 113 111 54 -1 -1
17 30 222 1453 329 254 181 -1 -1
17 32 222 1145 249 193 155 -1 -1
17 33 222 1096 192 147 97 -1 -1
17 17 223 357 261 250 190 -1 -1
17 18 223 1695 250 111 88 -1 -1
17 24 223 1744 113 111 54 -1 -1
17 30 223 1453 329 254 181 -1 -1
17 32 223 1153 247 195 152 -1 -1
17 33 223 1096 192 147 97 -1 -1
17 17 224 357 261 250 190 -1 -1
17 18 224 1695 250 111 88 -1 -1
17 24 224 1744 113 111 54 -1 -1
17 30 224 1453 329 254 181 -1 -1
17 32 224 1165 246 199 148 -1 -1
17 33 224 1126 190 151 103 -1 -1
17 17 225 352 261 253 192 -1 -1
17 18 225 1695 249 111 89 -1 -1
17 24 225 1744 113 110 54 -1 -1
17 30 225 1453 329 254 181 -1 -1
17 32 225 1179 245 195 146 -1 -1
17 33 225 1126 190 151 103 -1 -1
17 17 226 351 261 254 192 -1 -1
17 18 226 1695 249 111 89 -1 -1
17 24 226 1745 113 108 54 -1 -1
17 30 226 1453 329 254 181 -1 -1
17 32 226 1199 240 192 145 -1 -1
17 33 226 1154 194 149 106 -1 -1
17 17 227 351 261 254 192 -1 -1
17 18 227 1695 249 111 89 -1 -1
17 24 227 1744 113 110 54 -1 -1
17 30 227 1453 329 254 181 -1 -1
17 32 227 1214 236 193 147 -1 -1
17 33 227 1154 194 149 106 -1 -1
17 17 228 348 261 257 193 -1 -1
17 18 228 1696 249 110 89 -1 -1
17 24 228 1744 113 112 55 -1 -1
17 30 228 1453 329 254 181 -1 -1
17 32 228 1230 234 191 145 -1 -1
17 33 228 1154 194 149 106 -1 -1
17 17 229 348 261 257 193 -1 -1
17 18 229 1697 250 109 89 -1 -1
17 24 229 1744 112 111 56 -1 -1
17 30 229 1454 329 253 181 -1 -1
17 32 229 1246 234 194 142 -1 -1
17 33 229 1154 194 149 106 -1 -1
17 17 230 348 261 257 193 -1 -1
17 18 230 1696 249 110 90 -1 -1
17 24 230 1743 112 113 56 -1 -1
17 30 230 1454 329 253 181 -1 -1
17 32 230 1265 233 190 139 -1 -1
17 17 231 348 261 257 193 -1 -1
17 18 231 1696 250 111 88 -1 -1
17 24 231 1744 113 112 54 -1 -1
17 30 231 1454 329 253 181 -1 -1
17 32 231 1283 232 189 137 -1 -1
17 17 232 363 261 244 190 -1 -1
17 18 232 1695 250 112 88 -1 -1
17 24 232 1744 113 112 54 -1 -1
17 30 232 1454 329 253 181 -1 -1
17 32 232 1301 229 187 137 -1 -1
17 17 233 363 261 244 190 -1 -1
17 18 233 1695 251 112 87 -1 -1
17 24 233 1744 113 112 54 -1 -1
17 30 233 1454 328 253 182 -1 -1
17 32 233 1319 229 185 136 -1 -1
17 34 233 1218 201 141 101 -1 -1
17 17 234 361 261 246 191 -1 -1
17 18 234 1695 251 112 87 -1 -1
17 24 234 1744 113 110 54 -1 -1
17 30 234 1454 329 253 181 -1 -1
17 32 234 1338 229 178 133 -1 -1
17 34 234 1222 200 138 104 -1 -1
17 35 234 1334 229 179 133 -1 -1
17 17 235 359 261 248 191 -1 -1
17 18 235 1695 250 112 88 -1 -1
17 24 235 1744 113 111 54 -1 -1
17 30 235 1454 328 253 182 -1 -1
17 32 235 1352 231 189 130 -1 -1
17 34 235 1225 201 137 106 -1 -1
17 35 235 1334 229 179 133 -1 -1
17 17 236 359 261 248 191 -1 -1
17 18 236 1694 250 113 88 -1 -1
17 24 236 1744 113 110 54 -1 -1
17 30 236 1455 328 252 182 -1 -1
17 32 236 1352 231 189 130 -1 -1
17 34 236 1228 201 132 109 -1 -1
17 35 236 1334 229 179 133 -1 -1
17 17 237 361 261 246 190 -1 -1
17 18 237 1695 250 112 88 -1 -1
17 24 237 1744 113 110 54 -1 -1
17 30 237 1454 329 253 181 -1 -1
17 32 237 1352 231 189 130 -1 -1
17 34 237 1228 204 132 108 -1 -1
17 35 237 1334 229 179 133 -1 -1
17 17 238 360 261 248 190 -1 -1
17 18 238 1696 250 111 88 -1 -1
17 24 238 1744 113 110 54 -1 -1
17 30 238 1454 330 253 180 -1 -1
17 32 238 1403 219 170 127 -1 -1
17 34 238 1225 204 135 110 -1 -1
17 17 239 360 261 248 190 -1 -1
17 18 239 1695 249 112 89 -1 -1
17 24 239 1744 113 110 54 -1 -1
17 30 239 1454 329 253 181 -1 -1
17 32 239 1403 219 170 127 -1 -1
17 34 239 1221 205 139 111 -1 -1
17 17 240 359 261 248 190 -1 -1
17 18 240 1695 247 112 91 -1 -1
17 24 240 1744 113 109 54 -1 -1
17 30 240 1455 330 252 181 -1 -1
17 32 240 1434 222 146 119 -1 -1
17 34 240 1216 206 141 113 -1 -1
17 17 241 364 262 242 191 -1 -1
17 18 241 1694 247 113 90 -1 -1
17 24 241 1744 113 111 53 -1 -1
17 30 241 1454 330 253 180 -1 -1
17 32 241 1434 222 146 119 -1 -1
17 34 241 1209 209 143 113 -1 -1
17 17 242 366 262 239 190 -1 -1
17 18 242 1695 249 112 89 -1 -1
17 24 242 1744 113 111 53 -1 -1
17 30 242 1454 330 253 180 -1 -1
17 32 242 1434 222 146 119 -1 -1
17 34 242 1202 209 146 114 -1 -1
17 36 242 1201 208 148 115 -1 -1
17 17 243 366 262 239 191 -1 -1
17 18 243 1695 249 112 89 -1 -1
17 24 243 1744 113 116 53 -1 -1
17 30 243 1453 330 254 180 -1 -1
17 32 243 1434 222 146 119 -1 -1
17 34 243 1193 209 150 116 -1 -1
17 36 243 1201 208 148 115 -1 -1
17 17 244 365 262 240 191 -1 -1
17 18 244 1695 249 112 89 -1 -1
17 24 244 1743 113 116 53 -1 -1
17 30 244 1453 330 254 180 -1 -1
17 34 244 1183 209 155 119 -1 -1
17 36 244 1201 208 148 115 -1 -1
17 17 245 366 262 239 190 -1 -1
17 18 245 1695 249 112 88 -1 -1
17 24 245 1743 113 114 53 -1 -1
17 30 245 1453 330 254 180 -1 -1
17 34 245 1173 209 158 122 -1 -1
17 36 245 1201 208 148 115 -1 -1
17 17 246 365 262 240 191 -1 -1
17 18 246 1695 249 112 88 -1 -1
17 24 246 1743 113 113 53 -1 -1
17 30 246 1453 330 254 180 -1 -1
17 34 246 1157 210 166 125 -1 -1
17 17 247 365 261 240 192 -1 -1
17 18 247 1695 247 113 90 -1 -1
17 24 247 1743 113 113 53 -1 -1
17 30 247 1453 329 254 181 -1 -1
17 34 247 1148 212 165 125 -1 -1
17 17 248 364 262 241 191 -1 -1
17 18 248 1695 247 113 90 -1 -1
17 24 248 1743 113 115 53 -1 -1
17 30 248 1453 329 254 181 -1 -1
17 34 248 1133 215 171 125 -1 -1
17 17 249 364 262 241 191 -1 -1
17 18 249 1696 247 111 90 -1 -1
17 24 249 1743 113 118 53 -1 -1
17 30 249 1453 329 254 181 -1 -1
17 34 249 1117 217 176 123 -1 -1
17 17 250 357 261 248 192 -1 -1
17 18 250 1696 247 112 91 -1 -1
17 24 250 1744 113 119 54 -1 -1
17 30 250 1453 329 254 181 -1 -1
17 34 250 1106 218 177 126 -1 -1
17 17 251 357 261 248 192 -1 -1
17 18 251 1696 248 112 90 -1 -1
17 24 251 1744 113 120 54 -1 -1
17 30 251 1453 329 255 181 -1 -1
17 34 251 1090 221 180 126 -1 -1
17 17 252 359 261 246 192 -1 -1
17 18 252 1696 250 111 88 -1 -1
17 24 252 1745 113 111 53 -1 -1
17 30 252 1453 329 254 181 -1 -1
17 34 252 1074 221 183 127 -1 -1
17 17 253 358 261 247 192 -1 -1
17 18 253 1696 249 111 89 -1 -1
17 24 253 1744 113 112 54 -1 -1
17 30 253 1453 329 255 181 -1 -1
17 34 253 1060 224 185 128 -1 -1
17 17 254 359 261 246 192 -1 -1
17 18 254 1695 250 112 88 -1 -1
17 24 254 1744 113 113 54 -1 -1
17 30 254 1453 329 254 181 -1 -1
17 34 254 1046 222 185 134 -1 -1
17 17 255 355 261 250 192 -1 -1
17 18 255 1695 250 112 88 -1 -1
17 24 255 1745 113 110 53 -1 -1
17 30 255 1453 329 255 181 -1 -1
17 34 255 1030 226 190 134 -1 -1
17 17 256 351 261 254 192 -1 -1
17 18 256 1695 251 111 87 -1 -1
17 24 256 1744 113 111 53 -1 -1
17 30 256 1453 329 254 182 -1 -1
17 34 256 1014 227 190 135 -1 -1
17 17 257 359 261 246 192 -1 -1
17 18 257 1695 249 112 89 -1 -1
17 24 257 1744 113 112 53 -1 -1
17 30 257 1453 329 254 182 -1 -1
17 34 257 997 229 198 138 -1 -1
17 17 258 352 261 252 192 -1 -1
17 18 258 1695 250 112 88 -1 -1
17 24 258 1745 113 111 53 -1 -1
17 30 258 1453 329 254 181 -1 -1
17 34 258 983 230 197 140 -1 -1
17 17 259 370 261 237 189 -1 -1
17 18 259 1695 250 112 88 -1 -1
17 24 259 1744 113 112 53 -1 -1
17 30 259 1453 329 254 181 -1 -1
17 34 259 965 228 206 146 -1 -1
17 17 260 367 261 240 190 -1 -1
17 18 260 1696 251 111 87 -1 -1
17 24 260 1745 113 110 53 -1 -1
17 30 260 1453 329 255 181 -1 -1
17 34 260 948 230 206 147 -1 -1
17 17 261 365 261 243 189 -1 -1
17 18 261 1694 248 114 90 -1 -1
17 24 261 1744 113 112 53 -1 -1
17 30 261 1453 329 255 181 -1 -1
17 34 261 936 233 201 148 -1 -1
17 17 262 361 261 245 192 -1 -1
17 18 262 1694 247 114 91 -1 -1
17 24 262 1744 113 111 53 -1 -1
17 30 262 1453 329 255 181 -1 -1
17 34 262 919 234 208 151 -1 -1
17 17 263 339 261 267 192 -1 -1
17 18 263 1694 248 114 90 -1 -1
17 24 263 1744 113 112 53 -1 -1
17 30 263 1453 329 255 181 -1 -1
17 34 263 903 236 204 152 -1 -1
17 17 264 335 261 272 193 -1 -1
17 18 264 1696 248 113 90 -1 -1
17 24 264 1743 113 118 53 -1 -1
17 30 264 1453 329 254 181 -1 -1
17 34 264 889 236 210 156 -1 -1
17 17 265 344 261 263 193 -1 -1
17 18 265 1696 248 113 90 -1 -1
17 24 265 1743 113 117 53 -1 -1
17 30 265 1453 329 254 181 -1 -1
17 34 265 873 240 209 154 -1 -1
17 17 266 343 261 263 193 -1 -1
17 18 266 1696 247 113 91 -1 -1
17 24 266 1743 113 117 53 -1 -1
17 30 266 1453 329 254 181 -1 -1
17 34 266 860 238 207 162 -1 -1
17 17 267 339 261 267 193 -1 -1
17 18 267 1696 248 113 90 -1 -1
17 24 267 1743 113 117 53 -1 -1
17 30 267 1453 329 254 181 -1 -1
17 34 267 845 243 212 161 -1 -1
17 17 268 339 262 267 192 -1 -1
17 18 268 1696 248 113 90 -1 -1
17 24 268 1743 113 116 53 -1 -1
17 30 268 1453 329 254 181 -1 -1
17 34 268 833 246 214 164 -1 -1
17 17 269 344 261 261 192 -1 -1
17 18 269 1695 247 114 91 -1 -1
17 24 269 1743 113 117 53 -1 -1
17 30 269 1453 329 255 181 -1 -1
17 34 269 819 246 215 169 -1 -1
17 37 269 1463 171 114 103 -1 -1
17 17 270 344 261 261 192 -1 -1
17 18 270 1695 248 114 90 -1 -1
17 24 270 1743 113 119 53 -1 -1
17 30 270 1453 329 254 181 -1 -1
17 34 270 807 249 214 170 -1 -1
17 37 270 1463 171 114 103 -1 -1
17 17 271 353 261 252 192 -1 -1
17 18 271 1695 247 114 91 -1 -1
17 24 271 1743 113 118 53 -1 -1
17 30 271 1453 329 254 181 -1 -1
17 34 271 796 251 215 172 -1 -1
17 37 271 1432 172 149 99 -1 -1
17 17 272 347 261 258 192 -1 -1
17 18 272 1695 248 114 90 -1 -1
17 24 272 1743 113 119 53 -1 -1
17 30 272 1453 329 254 181 -1 -1
17 34 272 782 253 218 178 -1 -1
17 37 272 1432 172 149 99 -1 -1
17 17 273 343 261 262 192 -1 -1
17 18 273 1695 249 114 89 -1 -1
17 24 273 1743 113 118 53 -1 -1
17 30 273 1453 329 254 181 -1 -1
17 34 273 772 257 221 180 -1 -1
17 37 273 1397 173 183 98 -1 -1
17 17 274 345 261 260 192 -1 -1
17 18 274 1696 249 113 89 -1 -1
17 24 274 1743 113 118 53 -1 -1
17 30 274 1453 328 254 182 -1 -1
17 34 274 760 260 229 186 -1 -1
17 37 274 1380 176 147 93 -1 -1
17 17 275 345 261 260 192 -1 -1
17 18 275 1695 248 114 90 -1 -1
17 24 275 1743 113 118 53 -1 -1
17 30 275 1453 329 254 181 -1 -1
17 34 275 751 263 226 189 -1 -1
17 37 275 1363 175 141 91 -1 -1
17 17 276 341 261 264 192 -1 -1
17 18 276 1695 246 115 93 -1 -1
17 24 276 1743 113 114 53 -1 -1
17 30 276 1453 329 254 181 -1 -1
17 34 276 744 269 224 189 -1 -1
17 37 276 1343 174 142 90 -1 -1
17 17 277 352 262 253 191 -1 -1
17 18 277 1695 247 115 92 -1 -1
17 24 277 1743 113 114 53 -1 -1
17 30 277 1453 329 254 181 -1 -1
17 34 277 737 271 228 194 -1 -1
17 37 277 1326 175 141 89 -1 -1
17 17 278 348 261 257 192 -1 -1
17 18 278 1695 247 115 92 -1 -1
17 24 278 1743 113 114 53 -1 -1
17 30 278 1453 329 254 181 -1 -1
17 34 278 729 276 236 198 -1 -1
17 37 278 1305 173 140 90 -1 -1
17 17 279 343 261 262 192 -1 -1
17 18 279 1695 247 115 92 -1 -1
17 24 279 1743 113 114 53 -1 -1
17 30 279 1453 329 254 181 -1 -1
17 34 279 723 278 241 205 -1 -1
17 37 279 1283 173 143 88 -1 -1
17 17 280 335 261 270 192 -1 -1
17 18 280 1695 247 114 92 -1 -1
17 24 280 1743 113 114 53 -1 -1
17 30 280 1453 329 254 181 -1 -1
17 34 280 721 284 243 204 -1 -1
17 37 280 1260 172 145 88 -1 -1
