13 0 1 2388 325 172 195 -1 -1
13 0 2 2387 325 173 195 -1 -1
13 0 3 2387 325 173 197 -1 -1
13 0 4 2387 325 173 195 -1 -1
13 0 5 2387 325 173 195 -1 -1
13 0 6 2387 325 173 194 -1 -1
13 0 7 2387 325 173 194 -1 -1
13 0 8 2387 325 173 195 -1 -1
13 0 9 2387 325 173 196 -1 -1
13 0 10 2387 325 173 196 -1 -1
13 0 11 2387 325 173 196 -1 -1
13 0 12 2387 325 173 196 -1 -1
13 0 13 2388 326 172 197 -1 -1
13 0 14 2388 326 172 197 -1 -1
13 0 15 2388 326 172 197 -1 -1
13 0 16 2388 326 172 197 -1 -1
13 0 17 2389 325 171 198 -1 -1
13 0 18 2389 325 171 198 -1 -1
13 0 19 2389 325 171 198 -1 -1
13 0 20 2389 325 171 197 -1 -1
13 0 21 2390 325 170 198 -1 -1
13 0 22 2389 325 171 198 -1 -1
13 0 23 2389 325 171 198 -1 -1
13 0 24 2389 325 171 197 -1 -1
13 0 25 2387 325 173 198 -1 -1
13 0 26 2387 325 173 198 -1 -1
13 0 27 2387 325 173 198 -1 -1
13 0 28 2387 325 173 198 -1 -1
13 0 29 2388 325 172 198 -1 -1
13 0 30 2387 325 173 198 -1 -1
13 0 31 2388 325 172 197 -1 -1
13 0 32 2388 325 172 197 -1 -1
13 0 33 2388 325 172 196 -1 -1
13 0 34 2388 325 172 196 -1 -1
13 0 35 2388 325 172 195 -1 -1
13 0 36 2388 325 172 196 -1 -1
13 0 37 2387 325 173 198 -1 -1
13 0 38 2387 325 173 198 -1 -1
13 0 39 2387 325 173 198 -1 -1
13 0 40 2388 325 172 198 -1 -1
13 0 41 2387 325 173 197 -1 -1
13 0 42 2387 325 173 197 -1 -1
13 0 43 2388 325 172 197 -1 -1
13 0 44 2388 325 172 197 -1 -1
13 0 45 2388 325 172 197 -1 -1
13 0 46 2388 325 172 198 -1 -1
13 0 47 2388 324 172 199 -1 -1
13 0 48 2387 325 173 198 -1 -1
13 0 49 2387 325 173 196 -1 -1
13 0 50 2387 325 173 196 -1 -1
13 0 51 2387 325 173 196 -1 -1
13 0 52 2387 325 173 196 -1 -1
13 0 53 2387 325 173 196 -1 -1
13 0 54 2387 325 173 196 -1 -1
13 0 55 2387 324 173 197 -1 -1
13 0 56 2387 324 173 196 -1 -1
13 0 57 2387 324 173 196 -1 -1
13 0 58 2387 324 173 196 -1 -1
13 0 59 2387 324 173 196 -1 -1
13 0 60 2387 325 173 195 -1 -1
13 0 61 2387 325 173 195 -1 -1
13 0 62 2387 325 173 195 -1 -1
13 0 63 2387 325 173 196 -1 -1
13 0 64 2387 325 173 197 -1 -1
13 0 65 2387 324 173 199 -1 -1
13 0 66 2388 324 172 199 -1 -1
13 0 67 2387 324 173 199 -1 -1
13 0 68 2387 324 173 199 -1 -1
13 0 69 2387 324 173 198 -1 -1
13 0 70 2386 324 174 199 -1 -1
13 0 71 2387 324 173 200 -1 -1
13 0 72 2387 324 173 199 -1 -1
13 0 73 2386 325 174 198 -1 -1
13 0 74 2386 324 174 199 -1 -1
13 0 75 2386 324 174 199 -1 -1
13 0 76 2386 324 174 199 -1 -1
13 0 77 2386 324 174 199 -1 -1
13 0 78 2386 324 174 199 -1 -1
13 0 79 2386 324 174 199 -1 -1
13 0 80 2387 324 173 199 -1 -1
13 0 81 2387 324 173 199 -1 -1
13 0 82 2387 324 173 199 -1 -1
13 0 83 2387 324 173 199 -1 -1
13 0 84 2387 324 173 200 -1 -1
13 0 85 2386 324 174 201 -1 -1
13 0 86 2386 324 174 201 -1 -1
13 0 87 2386 324 174 201 -1 -1
13 0 88 2386 324 174 201 -1 -1
13 0 89 2386 324 174 201 -1 -1
13 0 90 2386 324 174 201 -1 -1
13 0 91 2386 324 174 199 -1 -1
13 0 92 2385 324 175 200 -1 -1
13 0 93 2385 324 175 199 -1 -1
13 0 94 2385 323 175 200 -1 -1
13 0 95 2385 323 175 201 -1 -1
13 0 96 2386 324 174 199 -1 -1
13 0 97 2386 324 174 199 -1 -1
13 0 98 2386 324 174 199 -1 -1
13 0 99 2386 324 174 199 -1 -1
13 1 109 2387 324 173 200 -1 -1
13 1 110 2387 324 173 200 -1 -1
13 1 111 2387 324 173 200 -1 -1
13 1 112 2387 324 173 200 -1 -1
13 1 113 2388 324 172 200 -1 -1
13 1 114 2388 324 172 201 -1 -1
13 1 115 2387 324 173 201 -1 -1
13 1 116 2387 325 173 201 -1 -1
13 1 117 2387 324 173 201 -1 -1
13 1 118 2387 324 173 201 -1 -1
13 1 119 2387 324 173 201 -1 -1
13 1 120 2387 324 173 201 -1 -1
13 1 121 2388 325 172 198 -1 -1
13 1 122 2388 325 172 198 -1 -1
13 1 123 2388 325 172 198 -1 -1
13 1 124 2388 325 172 198 -1 -1
13 2 132 2387 324 173 201 -1 -1
13 2 133 2387 324 173 201 -1 -1
13 2 134 2387 324 173 201 -1 -1
13 2 135 2387 324 173 201 -1 -1
13 3 148 2389 325 171 201 -1 -1
13 3 149 2389 325 171 201 -1 -1
13 3 150 2389 325 171 201 -1 -1
13 3 151 2388 325 172 199 -1 -1
13 3 152 2388 325 172 199 -1 -1
13 3 153 2388 325 172 200 -1 -1
13 3 154 2388 325 172 199 -1 -1
13 3 155 2388 325 172 199 -1 -1
13 3 156 2388 325 172 197 -1 -1
13 3 157 2388 325 172 197 -1 -1
13 3 158 2388 325 172 197 -1 -1
13 3 159 2388 325 172 197 -1 -1
13 4 226 613 805 78 55 -1 -1
13 4 227 619 805 78 57 -1 -1
13 4 228 619 805 78 57 -1 -1
13 4 229 619 805 78 57 -1 -1
13 4 230 619 805 78 57 -1 -1
13 5 235 687 792 97 79 -1 -1
13 5 236 695 799 98 71 -1 -1
13 5 237 707 801 100 73 -1 -1
13 5 238 707 801 100 73 -1 -1
13 5 239 707 801 100 73 -1 -1
13 5 240 736 807 111 78 -1 -1
13 5 241 748 808 114 80 -1 -1
13 6 241 2393 325 167 195 -1 -1
13 5 242 765 809 112 80 -1 -1
13 6 242 2393 325 167 194 -1 -1
13 5 243 776 809 117 84 -1 -1
13 6 243 2393 325 167 195 -1 -1
13 5 244 787 811 119 88 -1 -1
13 6 244 2393 325 167 195 -1 -1
13 5 245 799 811 127 93 -1 -1
13 6 245 2393 325 167 194 -1 -1
13 5 246 812 815 129 95 -1 -1
13 6 246 2393 325 167 194 -1 -1
13 5 247 830 818 135 98 -1 -1
13 6 247 2393 325 167 194 -1 -1
13 5 248 844 819 141 101 -1 -1
13 6 248 2392 325 168 194 -1 -1
13 5 249 857 821 149 105 -1 -1
13 6 249 2393 325 167 194 -1 -1
13 5 250 874 831 153 100 -1 -1
13 6 250 2393 325 167 194 -1 -1
13 5 251 891 827 162 112 -1 -1
13 6 251 2393 325 167 198 -1 -1
13 5 252 907 823 171 123 -1 -1
13 6 252 2393 325 167 198 -1 -1
13 5 253 925 825 186 128 -1 -1
13 6 253 2396 325 164 197 -1 -1
13 5 254 945 830 195 135 -1 -1
13 6 254 2396 325 164 197 -1 -1
13 5 255 971 826 206 149 -1 -1
13 6 255 2396 325 164 197 -1 -1
13 5 256 998 830 216 161 -1 -1
13 6 256 2396 325 164 197 -1 -1
13 5 257 1024 834 234 171 -1 -1
13 6 257 2396 325 164 197 -1 -1
13 5 258 1052 839 256 181 -1 -1
13 6 258 2396 325 164 197 -1 -1
13 5 259 1084 840 283 198 -1 -1
13 6 259 2396 325 164 197 -1 -1
13 5 260 1122 853 310 206 -1 -1
13 6 260 2391 325 169 198 -1 -1
13 5 261 1163 856 350 228 -1 -1
13 6 261 2391 326 169 197 -1 -1
13 5 262 1216 860 372 252 -1 -1
13 6 262 2391 325 169 198 -1 -1
13 5 263 1268 867 428 288 -1 -1
13 6 263 2391 325 169 197 -1 -1
13 5 264 1342 881 511 315 -1 -1
13 6 264 2391 325 169 197 -1 -1
13 5 265 1419 881 608 374 -1 -1
13 6 265 2391 325 169 197 -1 -1
13 5 266 1419 881 608 374 -1 -1
13 6 266 2391 325 169 197 -1 -1
13 5 267 1419 881 608 374 -1 -1
13 5 268 1419 881 608 374 -1 -1
13 7 268 2391 325 169 197 -1 -1
13 7 269 2391 325 169 197 -1 -1
13 7 270 2391 325 169 197 -1 -1
13 7 271 2391 325 169 197 -1 -1
13 8 277 2390 325 170 196 -1 -1
13 8 278 2390 325 170 196 -1 -1
13 8 279 2390 325 170 196 -1 -1
13 8 280 2390 325 170 196 -1 -1
13 8 281 2390 325 170 193 -1 -1
13 8 282 2390 325 170 193 -1 -1
13 8 283 2390 325 170 193 -1 -1
13 8 284 2390 325 170 194 -1 -1
13 8 285 2390 325 170 194 -1 -1
13 8 286 2390 325 170 195 -1 -1
13 8 287 2390 325 170 194 -1 -1
13 8 288 2390 325 170 194 -1 -1
13 8 289 2390 325 170 194 -1 -1
13 8 290 2390 325 170 194 -1 -1
13 8 291 2390 325 170 194 -1 -1
13 9 359 2385 324 175 201 -1 -1
13 9 360 2386 325 174 200 -1 -1
13 9 361 2386 325 174 200 -1 -1
13 9 362 2386 325 174 200 -1 -1
13 9 363 2389 326 171 198 -1 -1
13 9 364 2389 326 171 198 -1 -1
13 9 365 2389 326 171 198 -1 -1
13 9 366 2389 326 171 198 -1 -1
13 10 368 2389 326 171 198 -1 -1
13 10 369 2389 326 171 198 -1 -1
13 10 370 2389 326 171 198 -1 -1
13 10 371 2389 326 171 199 -1 -1
13 10 372 2389 326 171 198 -1 -1
13 10 373 2389 326 171 198 -1 -1
13 10 374 2389 326 171 198 -1 -1
13 10 375 2389 326 171 198 -1 -1
13 11 383 2388 326 172 198 -1 -1
13 11 384 2388 326 172 198 -1 -1
13 11 385 2389 326 171 195 -1 -1
13 11 386 2389 326 171 195 -1 -1
13 11 387 2389 326 171 195 -1 -1
13 11 388 2388 326 172 195 -1 -1
13 11 389 2388 326 172 195 -1 -1
13 11 390 2388 326 172 197 -1 -1
13 11 391 2389 326 171 196 -1 -1
13 11 392 2389 326 171 196 -1 -1
13 11 393 2389 326 171 196 -1 -1
13 11 394 2389 326 171 196 -1 -1
13 11 395 2389 326 171 196 -1 -1
13 11 396 2389 326 171 196 -1 -1
13 11 397 2389 326 171 196 -1 -1
13 11 398 2389 326 171 196 -1 -1
13 11 399 2389 326 171 196 -1 -1
13 11 400 2389 326 171 196 -1 -1
13 11 401 2389 326 171 196 -1 -1
13 11 402 2388 326 172 195 -1 -1
13 11 403 2389 326 171 195 -1 -1
13 11 404 2388 326 172 195 -1 -1
13 11 405 2388 326 172 195 -1 -1
13 11 406 2387 326 173 195 -1 -1
13 11 407 2388 326 172 195 -1 -1
13 11 408 2388 326 172 195 -1 -1
13 11 409 2388 326 172 197 -1 -1
13 11 410 2389 326 171 197 -1 -1
13 11 411 2388 326 172 197 -1 -1
13 11 412 2388 326 172 196 -1 -1
13 11 413 2388 326 172 196 -1 -1
13 11 414 2387 326 173 196 -1 -1
13 11 415 2387 326 173 196 -1 -1
13 11 416 2388 326 172 196 -1 -1
13 11 417 2388 326 172 196 -1 -1
13 11 418 2388 326 172 196 -1 -1
13 11 419 2387 326 173 196 -1 -1
13 11 420 2388 326 172 196 -1 -1
13 11 421 2388 326 172 195 -1 -1
13 11 422 2388 326 172 195 -1 -1
13 11 423 2388 326 172 195 -1 -1
13 11 424 2388 326 172 195 -1 -1
13 11 425 2389 326 171 195 -1 -1
13 11 426 2389 326 171 195 -1 -1
13 11 427 2389 326 171 195 -1 -1
13 11 428 2389 326 171 195 -1 -1
13 11 429 2389 326 171 195 -1 -1
13 11 430 2387 327 173 198 -1 -1
13 11 431 2387 328 173 198 -1 -1
13 11 432 2387 327 173 199 -1 -1
13 11 433 2390 326 170 200 -1 -1
13 11 434 2390 326 170 200 -1 -1
13 11 435 2389 326 171 200 -1 -1
13 11 436 2390 326 170 199 -1 -1
13 11 437 2390 326 170 199 -1 -1
13 11 438 2390 326 170 200 -1 -1
13 11 439 2390 326 170 200 -1 -1
13 11 440 2390 326 170 200 -1 -1
13 11 441 2390 326 170 200 -1 -1
13 11 442 2390 326 170 201 -1 -1
13 11 443 2391 326 169 200 -1 -1
13 11 444 2391 326 169 200 -1 -1
13 11 445 2389 326 171 203 -1 -1
13 11 446 2390 326 170 202 -1 -1
13 11 447 2390 326 170 202 -1 -1
13 11 448 2390 326 170 202 -1 -1
13 11 449 2390 326 170 202 -1 -1
13 11 450 2389 326 171 203 -1 -1
13 11 451 2389 326 171 203 -1 -1
13 11 452 2389 326 171 203 -1 -1
13 11 453 2389 326 171 203 -1 -1
13 11 454 2389 326 171 203 -1 -1
13 11 455 2389 326 171 203 -1 -1
13 11 456 2389 326 171 203 -1 -1
13 11 457 2391 326 169 200 -1 -1
13 11 458 2391 326 169 200 -1 -1
13 11 459 2391 326 169 200 -1 -1
13 11 460 2390 328 170 199 -1 -1
13 11 461 2390 329 170 199 -1 -1
13 11 462 2391 329 169 196 -1 -1
13 11 463 2390 329 170 196 -1 -1
13 11 464 2390 328 170 197 -1 -1
13 11 465 2390 328 170 199 -1 -1
13 11 466 2390 327 170 201 -1 -1
13 11 467 2390 328 170 200 -1 -1
13 11 468 2389 327 171 201 -1 -1
13 11 469 2389 329 171 196 -1 -1
13 11 470 2389 330 171 194 -1 -1
13 11 471 2390 329 170 195 -1 -1
13 11 472 2391 328 169 194 -1 -1
13 11 473 2391 328 169 196 -1 -1
13 11 474 2392 328 168 195 -1 -1
13 11 475 2392 329 168 194 -1 -1
13 11 476 2391 327 169 197 -1 -1
13 11 477 2390 326 170 198 -1 -1
13 11 478 2390 324 170 199 -1 -1
13 11 479 2391 324 169 199 -1 -1
13 11 480 2391 326 169 197 -1 -1
13 11 481 2392 325 168 203 -1 -1
13 11 482 2392 325 168 203 -1 -1
13 11 483 2390 325 170 204 -1 -1
13 11 484 2390 325 170 204 -1 -1
13 11 485 2390 325 170 204 -1 -1
13 11 486 2386 326 174 196 -1 -1
13 11 487 2386 326 174 196 -1 -1
13 11 488 2386 326 174 196 -1 -1
13 11 489 2387 325 173 199 -1 -1
13 11 490 2387 325 173 199 -1 -1
13 11 491 2387 325 173 199 -1 -1
13 11 492 2387 325 173 199 -1 -1
13 11 493 2389 326 171 195 -1 -1
13 11 494 2389 326 171 195 -1 -1
13 11 495 2390 326 170 195 -1 -1
13 11 496 2391 326 169 195 -1 -1
13 11 497 2391 326 169 195 -1 -1
13 11 498 2390 326 170 195 -1 -1
13 11 499 2389 326 171 195 -1 -1
13 11 500 2390 327 170 193 -1 -1
13 11 501 2390 327 170 193 -1 -1
13 11 502 2390 327 170 193 -1 -1
13 11 503 2390 327 170 193 -1 -1
13 11 504 2389 326 171 202 -1 -1
13 11 505 2391 326 169 203 -1 -1
13 11 506 2390 326 170 212 -1 -1
13 11 507 2389 326 171 212 -1 -1
13 11 508 2389 326 171 204 -1 -1
13 11 509 2390 326 170 197 -1 -1
13 11 510 2390 326 170 198 -1 -1
13 11 511 2389 326 171 197 -1 -1
13 11 512 2389 326 171 195 -1 -1
13 11 513 2389 326 171 195 -1 -1
13 11 514 2387 325 173 201 -1 -1
13 11 515 2387 325 173 201 -1 -1
13 11 516 2387 325 173 202 -1 -1
13 11 517 2387 324 173 202 -1 -1
13 11 518 2387 324 173 202 -1 -1
13 11 519 2388 324 172 201 -1 -1
13 11 520 2388 325 172 201 -1 -1
13 11 521 2388 325 172 200 -1 -1
13 11 522 2388 324 172 200 -1 -1
13 11 523 2388 324 172 199 -1 -1
13 11 524 2388 324 172 200 -1 -1
13 11 525 2387 324 173 200 -1 -1
13 11 526 2387 324 173 200 -1 -1
13 11 527 2387 324 173 200 -1 -1
13 11 528 2387 325 173 200 -1 -1
13 11 529 2387 325 173 198 -1 -1
13 11 530 2388 325 172 198 -1 -1
13 12 530 1769 607 162 73 -1 -1
13 11 531 2387 325 173 197 -1 -1
13 12 531 1767 605 163 71 -1 -1
13 11 532 2388 324 172 199 -1 -1
13 12 532 1767 605 163 71 -1 -1
13 11 533 2387 324 173 199 -1 -1
13 12 533 1733 605 197 73 -1 -1
13 11 534 2387 324 173 199 -1 -1
13 12 534 1733 605 197 73 -1 -1
13 11 535 2387 324 173 199 -1 -1
13 12 535 1739 604 191 72 -1 -1
13 11 536 2387 325 173 198 -1 -1
13 12 536 1739 604 191 72 -1 -1
13 11 537 2387 324 173 199 -1 -1
13 12 537 1739 604 191 72 -1 -1
13 11 538 2388 325 172 197 -1 -1
13 12 538 1739 604 191 72 -1 -1
13 11 539 2388 325 172 197 -1 -1
13 11 540 2388 325 172 197 -1 -1
13 11 541 2388 325 172 199 -1 -1
13 11 542 2388 325 172 198 -1 -1
13 11 543 2388 325 172 198 -1 -1
13 11 544 2389 325 171 198 -1 -1
13 11 545 2388 325 172 198 -1 -1
13 11 546 2388 325 172 198 -1 -1
13 11 547 2389 325 171 198 -1 -1
13 11 548 2389 325 171 198 -1 -1
13 11 549 2388 325 172 198 -1 -1
13 11 550 2388 325 172 198 -1 -1
13 11 551 2388 325 172 198 -1 -1
13 11 552 2388 325 172 198 -1 -1
13 11 553 2388 325 172 198 -1 -1
13 11 554 2390 325 170 197 -1 -1
13 11 555 2390 325 170 197 -1 -1
13 11 556 2390 325 170 197 -1 -1
13 11 557 2390 325 170 197 -1 -1
13 13 561 1398 666 52 49 -1 -1
13 13 562 1398 666 52 49 -1 -1
13 13 563 1398 666 52 49 -1 -1
13 13 564 1398 666 52 49 -1 -1
13 14 607 2392 326 168 191 -1 -1
13 14 608 2392 326 168 191 -1 -1
13 14 609 2392 326 168 191 -1 -1
13 14 610 2393 325 167 193 -1 -1
13 14 611 2393 325 167 193 -1 -1
13 14 612 2393 325 167 193 -1 -1
13 14 613 2393 325 167 193 -1 -1
13 14 614 2388 325 172 196 -1 -1
13 14 615 2388 325 172 196 -1 -1
13 14 616 2388 325 172 196 -1 -1
13 14 617 2388 325 172 196 -1 -1
13 14 618 2388 325 172 196 -1 -1
13 14 619 2388 325 172 196 -1 -1
13 14 620 2388 325 172 196 -1 -1
13 15 623 2389 325 171 197 -1 -1
13 15 624 2389 325 171 197 -1 -1
13 15 625 2389 325 171 197 -1 -1
13 15 626 2389 325 171 197 -1 -1
13 16 647 2389 325 171 196 -1 -1
13 16 648 2389 325 171 196 -1 -1
13 16 649 2389 325 171 196 -1 -1
13 16 650 2389 325 171 196 -1 -1
13 17 652 2389 325 171 197 -1 -1
13 17 653 2389 325 171 197 -1 -1
13 17 654 2389 325 171 197 -1 -1
13 17 655 2389 325 171 197 -1 -1
13 18 661 2391 325 169 198 -1 -1
13 18 662 2391 325 169 198 -1 -1
13 18 663 2391 325 169 198 -1 -1
13 18 664 2391 325 169 198 -1 -1
13 18 665 2392 325 168 196 -1 -1
13 18 666 2392 325 168 196 -1 -1
13 18 667 2392 325 168 196 -1 -1
13 18 668 2392 325 168 197 -1 -1
13 18 669 2392 325 168 198 -1 -1
13 18 670 2392 325 168 197 -1 -1
13 18 671 2392 325 168 199 -1 -1
13 18 672 2392 325 168 198 -1 -1
13 18 673 2392 325 168 198 -1 -1
13 18 674 2392 325 168 198 -1 -1
13 18 675 2392 325 168 198 -1 -1
13 18 676 2391 325 169 198 -1 -1
13 18 677 2390 325 170 198 -1 -1
13 18 678 2391 326 169 196 -1 -1
13 18 679 2390 325 170 198 -1 -1
13 18 680 2390 325 170 198 -1 -1
13 18 681 2390 326 170 197 -1 -1
13 18 682 2390 326 170 197 -1 -1
13 18 683 2390 326 170 197 -1 -1
13 18 684 2390 326 170 197 -1 -1
13 19 697 2392 325 168 198 -1 -1
13 19 698 2392 325 168 199 -1 -1
13 19 699 2393 325 167 198 -1 -1
13 19 700 2393 325 167 198 -1 -1
13 19 701 2393 325 167 198 -1 -1
13 19 702 2393 325 167 198 -1 -1
13 19 703 2393 325 167 198 -1 -1
13 19 704 2393 325 167 198 -1 -1
13 19 705 2393 325 167 198 -1 -1
13 19 706 2393 325 167 199 -1 -1
13 19 707 2393 325 167 199 -1 -1
13 19 708 2393 325 167 199 -1 -1
13 19 709 2393 326 167 199 -1 -1
13 19 710 2393 325 167 200 -1 -1
13 19 711 2393 325 167 199 -1 -1
13 19 712 2393 325 167 199 -1 -1
13 19 713 2393 325 167 199 -1 -1
13 19 714 2393 325 167 199 -1 -1
13 19 715 2393 325 167 199 -1 -1
13 19 716 2393 325 167 199 -1 -1
13 19 717 2393 325 167 199 -1 -1
13 19 718 2393 325 167 199 -1 -1
13 19 719 2393 325 167 199 -1 -1
13 19 720 2393 325 167 199 -1 -1
13 19 721 2392 325 168 201 -1 -1
13 19 722 2392 325 168 201 -1 -1
13 19 723 2392 325 168 201 -1 -1
13 19 724 2392 325 168 201 -1 -1
13 20 728 2442 762 118 215 -1 -1
13 20 729 2442 762 118 215 -1 -1
13 21 729 2339 688 221 263 -1 -1
13 20 730 2442 762 118 215 -1 -1
13 21 730 2156 710 404 234 -1 -1
13 20 731 2442 762 118 215 -1 -1
13 21 731 2048 694 512 254 -1 -1
13 21 732 1909 697 505 237 -1 -1
13 22 732 2392 326 168 195 -1 -1
13 21 733 1811 705 433 211 -1 -1
13 22 733 2392 326 168 195 -1 -1
13 21 734 1728 702 405 203 -1 -1
13 22 734 2392 326 168 195 -1 -1
13 21 735 1656 688 386 208 -1 -1
13 22 735 2392 326 168 195 -1 -1
13 21 736 1592 696 351 191 -1 -1
13 21 737 1536 703 325 176 -1 -1
13 21 738 1483 691 299 180 -1 -1
13 21 739 1437 690 275 175 -1 -1
13 21 740 1392 697 260 161 -1 -1
13 21 741 1352 702 245 152 -1 -1
13 21 742 1316 704 232 144 -1 -1
13 23 742 2391 324 169 198 -1 -1
13 21 743 1285 706 215 138 -1 -1
13 23 743 2391 325 169 198 -1 -1
13 21 744 1255 709 205 130 -1 -1
13 23 744 2391 325 169 198 -1 -1
13 21 745 1226 713 196 123 -1 -1
13 23 745 2391 325 169 198 -1 -1
13 21 746 1198 711 185 124 -1 -1
13 23 746 2387 324 173 207 -1 -1
13 21 747 1172 713 178 119 -1 -1
13 23 747 2387 324 173 207 -1 -1
13 21 748 1150 715 169 116 -1 -1
13 23 748 2387 324 173 207 -1 -1
13 24 748 1151 716 169 114 -1 -1
13 21 749 1128 720 160 108 -1 -1
13 23 749 2387 324 173 207 -1 -1
13 24 749 1151 716 169 114 -1 -1
13 21 750 1104 725 156 100 -1 -1
13 24 750 1151 716 169 114 -1 -1
13 21 751 1083 720 153 104 -1 -1
13 24 751 1151 716 169 114 -1 -1
13 21 752 1064 724 147 99 -1 -1
13 21 753 1044 729 141 91 -1 -1
13 21 754 1030 728 133 91 -1 -1
13 21 755 1010 733 131 85 -1 -1
13 21 756 993 732 127 84 -1 -1
13 25 756 661 766 107 90 -1 -1
13 21 757 976 732 124 83 -1 -1
13 25 757 666 766 113 90 -1 -1
13 21 758 963 736 117 78 -1 -1
13 25 758 673 763 116 94 -1 -1
13 21 759 946 734 116 79 -1 -1
13 25 759 673 763 116 94 -1 -1
13 21 760 931 737 116 75 -1 -1
13 25 760 673 763 116 94 -1 -1
13 21 761 915 736 111 78 -1 -1
13 25 761 673 763 116 94 -1 -1
13 21 762 904 738 107 76 -1 -1
13 21 763 890 739 105 76 -1 -1
13 21 764 875 742 104 75 -1 -1
13 21 765 864 745 99 72 -1 -1
13 26 765 2440 741 118 209 -1 -1
13 21 766 856 747 91 67 -1 -1
13 26 766 2440 741 118 209 -1 -1
13 27 766 2278 688 281 243 -1 -1
13 21 767 843 753 92 61 -1 -1
13 26 767 2440 741 118 209 -1 -1
13 27 767 2144 689 416 228 -1 -1
13 28 767 752 787 137 83 -1 -1
13 21 768 844 754 76 53 -1 -1
13 26 768 2440 741 118 209 -1 -1
13 27 768 2023 690 537 221 -1 -1
13 28 768 752 787 137 83 -1 -1
13 21 769 849 751 57 50 -1 -1
13 27 769 1938 682 622 230 -1 -1
13 28 769 752 787 137 83 -1 -1
13 29 769 2390 326 170 203 -1 -1
13 21 770 849 751 57 50 -1 -1
13 27 770 1860 668 505 239 -1 -1
13 28 770 780 783 141 93 -1 -1
13 29 770 2390 325 170 202 -1 -1
13 21 771 849 751 57 50 -1 -1
13 27 771 1758 680 463 211 -1 -1
13 28 771 789 781 143 100 -1 -1
13 29 771 2390 325 170 202 -1 -1
13 21 772 849 751 57 50 -1 -1
13 27 772 1687 679 416 200 -1 -1
13 28 772 791 769 152 115 -1 -1
13 29 772 2390 325 170 202 -1 -1
13 27 773 1621 678 401 193 -1 -1
13 28 773 805 769 150 118 -1 -1
13 29 773 2389 325 171 202 -1 -1
13 30 773 766 748 134 72 -1 -1
13 27 774 1621 678 401 193 -1 -1
13 28 774 815 778 153 112 -1 -1
13 29 774 2389 325 171 202 -1 -1
13 30 774 755 758 99 63 -1 -1
13 27 775 1514 680 343 175 -1 -1
13 28 775 823 772 157 122 -1 -1
13 29 775 2389 325 171 202 -1 -1
13 30 775 746 763 81 58 -1 -1
13 27 776 1468 683 313 165 -1 -1
13 28 776 830 773 161 123 -1 -1
13 29 776 2389 325 171 202 -1 -1
13 30 776 729 766 88 57 -1 -1
13 27 777 1424 689 291 157 -1 -1
13 28 777 837 775 170 122 -1 -1
13 29 777 2392 325 168 200 -1 -1
13 30 777 729 766 88 57 -1 -1
13 27 778 1383 690 278 151 -1 -1
13 28 778 844 774 173 130 -1 -1
13 29 778 2392 325 168 200 -1 -1
13 30 778 729 766 88 57 -1 -1
13 27 779 1346 692 256 145 -1 -1
13 28 779 853 776 174 129 -1 -1
13 29 779 2392 325 168 200 -1 -1
13 30 779 729 766 88 57 -1 -1
13 27 780 1316 696 237 137 -1 -1
13 28 780 860 775 185 137 -1 -1
13 29 780 2392 325 168 200 -1 -1
13 27 781 1282 698 225 131 -1 -1
13 28 781 871 776 184 138 -1 -1
13 27 782 1251 699 213 128 -1 -1
13 28 782 880 777 189 145 -1 -1
13 31 782 2392 326 168 195 -1 -1
13 27 783 1221 702 203 123 -1 -1
13 28 783 890 778 193 149 -1 -1
13 31 783 2392 326 168 195 -1 -1
13 27 784 1195 705 191 119 -1 -1
13 28 784 897 778 194 148 -1 -1
13 31 784 2392 326 168 195 -1 -1
13 27 785 1166 711 185 111 -1 -1
13 28 785 906 779 211 163 -1 -1
13 31 785 2391 326 169 196 -1 -1
13 27 786 1142 715 177 107 -1 -1
13 28 786 913 784 218 167 -1 -1
13 31 786 2392 326 168 196 -1 -1
13 32 786 647 758 70 68 -1 -1
13 27 787 1114 720 172 100 -1 -1
13 28 787 921 784 226 176 -1 -1
13 31 787 2392 326 168 196 -1 -1
13 32 787 641 760 68 66 -1 -1
13 27 788 1099 718 159 101 -1 -1
13 28 788 934 784 233 178 -1 -1
13 31 788 2392 326 168 196 -1 -1
13 32 788 633 760 76 65 -1 -1
13 27 789 1073 721 157 104 -1 -1
13 28 789 934 784 233 178 -1 -1
13 31 789 2392 326 168 196 -1 -1
13 32 789 633 760 76 65 -1 -1
13 27 790 1046 723 156 101 -1 -1
13 28 790 955 786 253 198 -1 -1
13 32 790 619 767 62 59 -1 -1
13 27 791 1026 725 157 93 -1 -1
13 28 791 969 787 262 204 -1 -1
13 32 791 612 772 63 54 -1 -1
13 27 792 1009 729 143 87 -1 -1
13 28 792 981 794 273 209 -1 -1
13 32 792 604 775 62 50 -1 -1
13 27 793 985 732 141 83 -1 -1
13 28 793 981 794 273 209 -1 -1
13 32 793 602 780 60 46 -1 -1
13 27 794 972 731 135 82 -1 -1
13 28 794 1013 793 302 231 -1 -1
13 32 794 602 780 60 46 -1 -1
13 27 795 954 736 131 77 -1 -1
13 28 795 1028 792 320 241 -1 -1
13 32 795 602 780 60 46 -1 -1
13 27 796 935 736 128 78 -1 -1
13 28 796 1038 793 343 257 -1 -1
13 32 796 602 780 60 46 -1 -1
13 27 797 919 739 124 76 -1 -1
13 28 797 1055 794 360 261 -1 -1
13 27 798 903 742 121 73 -1 -1
13 28 798 1077 791 390 288 -1 -1
13 27 799 890 740 114 76 -1 -1
13 28 799 1097 789 413 307 -1 -1
13 27 800 875 742 114 74 -1 -1
13 28 800 1119 793 436 321 -1 -1
13 27 801 859 746 112 73 -1 -1
13 28 801 1146 794 462 339 -1 -1
13 27 802 845 752 108 67 -1 -1
13 28 802 1199 796 478 363 -1 -1
13 27 803 831 755 107 65 -1 -1
13 28 803 1227 797 521 382 -1 -1
13 27 804 821 756 100 65 -1 -1
13 28 804 1238 776 627 431 -1 -1
13 27 805 821 756 100 65 -1 -1
13 28 805 1288 755 649 481 -1 -1
13 33 805 2342 730 218 229 -1 -1
13 27 806 797 761 96 61 -1 -1
13 28 806 1288 755 649 481 -1 -1
13 33 806 2342 730 218 229 -1 -1
13 27 807 783 765 93 56 -1 -1
13 28 807 1288 755 649 481 -1 -1
13 33 807 2342 730 218 229 -1 -1
13 34 807 2092 684 468 255 -1 -1
13 35 807 2389 324 171 206 -1 -1
13 27 808 777 763 86 57 -1 -1
13 28 808 1288 755 649 481 -1 -1
13 33 808 2342 730 218 229 -1 -1
13 34 808 2092 684 468 255 -1 -1
13 35 808 2389 323 171 206 -1 -1
13 27 809 757 764 93 57 -1 -1
13 34 809 1924 663 531 254 -1 -1
13 35 809 2390 324 170 203 -1 -1
13 27 810 747 766 92 55 -1 -1
13 34 810 1924 663 531 254 -1 -1
13 35 810 2390 324 170 201 -1 -1
13 27 811 739 767 85 55 -1 -1
13 34 811 1924 663 531 254 -1 -1
13 35 811 2390 324 170 202 -1 -1
13 36 811 1711 681 427 219 -1 -1
13 27 812 739 767 85 55 -1 -1
13 34 812 1924 663 531 254 -1 -1
13 35 812 2390 324 170 202 -1 -1
13 36 812 1643 677 425 215 -1 -1
13 27 813 739 767 85 55 -1 -1
13 35 813 2390 324 170 202 -1 -1
13 36 813 1580 686 387 196 -1 -1
13 27 814 739 767 85 55 -1 -1
13 35 814 2390 324 170 202 -1 -1
13 36 814 1526 681 368 194 -1 -1
13 36 815 1478 684 333 182 -1 -1
13 36 816 1431 686 307 174 -1 -1
13 36 817 1388 687 288 168 -1 -1
13 36 818 1349 692 270 157 -1 -1
13 36 819 1314 701 252 144 -1 -1
13 36 820 1282 703 238 139 -1 -1
13 36 821 1251 703 223 134 -1 -1
13 36 822 1222 705 213 130 -1 -1
13 37 822 643 763 72 63 -1 -1
13 36 823 1194 707 202 127 -1 -1
13 37 823 634 765 77 61 -1 -1
13 36 824 1167 711 195 122 -1 -1
13 37 824 629 768 75 56 -1 -1
13 36 825 1140 715 189 115 -1 -1
13 37 825 629 768 75 56 -1 -1
13 36 826 1117 719 179 109 -1 -1
13 37 826 629 768 75 56 -1 -1
13 36 827 1095 720 171 106 -1 -1
13 37 827 609 778 65 48 -1 -1
13 36 828 1071 718 166 107 -1 -1
13 37 828 609 778 65 48 -1 -1
13 36 829 1052 724 161 100 -1 -1
13 37 829 609 778 65 48 -1 -1
13 36 830 1031 729 154 93 -1 -1
13 37 830 609 778 65 48 -1 -1
13 36 831 1011 729 150 92 -1 -1
13 36 832 993 728 143 92 -1 -1
13 36 833 975 733 140 87 -1 -1
13 36 834 962 733 131 86 -1 -1
13 36 835 944 735 129 84 -1 -1
13 36 836 927 737 129 81 -1 -1
13 36 837 913 738 121 81 -1 -1
13 36 838 896 740 121 78 -1 -1
13 36 839 884 739 115 80 -1 -1
13 36 840 869 744 114 77 -1 -1
13 36 841 856 746 111 75 -1 -1
13 36 842 844 747 104 74 -1 -1
13 36 843 832 753 103 68 -1 -1
13 36 844 820 758 99 63 -1 -1
13 36 845 815 759 88 62 -1 -1
13 36 846 795 758 97 63 -1 -1
13 36 847 780 755 97 66 -1 -1
13 36 848 766 758 96 62 -1 -1
13 36 849 755 757 95 63 -1 -1
13 36 850 746 763 90 58 -1 -1
13 36 851 736 766 87 57 -1 -1
13 36 852 736 766 87 57 -1 -1
13 36 853 736 766 87 57 -1 -1
13 38 853 2392 326 168 201 -1 -1
13 36 854 736 766 87 57 -1 -1
13 38 854 2392 326 168 200 -1 -1
13 38 855 2392 326 168 201 -1 -1
13 38 856 2393 326 167 199 -1 -1
13 38 857 2393 326 167 199 -1 -1
13 38 858 2394 326 166 199 -1 -1
13 38 859 2394 326 166 200 -1 -1
13 38 860 2394 326 166 200 -1 -1
13 38 861 2394 326 166 199 -1 -1
13 38 862 2393 326 167 201 -1 -1
13 39 862 643 762 73 64 -1 -1
13 38 863 2392 326 168 201 -1 -1
13 39 863 635 761 80 65 -1 -1
13 38 864 2393 326 167 200 -1 -1
13 39 864 629 762 80 64 -1 -1
13 38 865 2393 326 167 200 -1 -1
13 39 865 629 762 80 64 -1 -1
13 38 866 2393 326 167 200 -1 -1
13 39 866 616 771 67 55 -1 -1
13 38 867 2393 326 167 200 -1 -1
13 39 867 608 772 68 54 -1 -1
13 39 868 608 772 68 54 -1 -1
13 39 869 608 772 68 54 -1 -1
13 39 870 608 772 68 54 -1 -1
13 40 884 2384 323 176 207 -1 -1
13 40 885 2384 323 176 207 -1 -1
13 40 886 2384 323 176 207 -1 -1
13 40 887 2384 323 176 207 -1 -1
13 41 931 0 1312 190 190 -1 -1
13 41 932 0 1307 224 192 -1 -1
13 41 933 0 1290 260 210 -1 -1
13 41 934 0 1284 294 215 -1 -1
13 41 935 0 1277 331 220 -1 -1
13 41 936 0 1268 353 227 -1 -1
13 41 937 0 1268 353 227 -1 -1
13 41 938 0 1268 353 227 -1 -1
13 41 939 0 1293 344 198 -1 -1
13 41 940 0 1285 370 213 -1 -1
13 41 941 0 1279 360 216 -1 -1
13 41 942 0 1267 389 224 -1 -1
13 41 943 0 1252 399 233 -1 -1
13 41 944 0 1225 428 253 -1 -1
13 41 945 11 1239 411 235 -1 -1
13 41 946 42 1230 382 238 -1 -1
13 41 947 42 1230 382 238 -1 -1
13 41 948 85 1214 341 239 -1 -1
13 41 949 103 1214 328 234 -1 -1
13 41 950 123 1221 305 222 -1 -1
13 42 950 2389 323 171 203 -1 -1
13 41 951 139 1212 290 229 -1 -1
13 42 951 2389 323 171 203 -1 -1
13 41 952 139 1212 290 229 -1 -1
13 42 952 2389 323 171 203 -1 -1
13 41 953 173 1224 254 209 -1 -1
13 42 953 2389 323 171 203 -1 -1
13 41 954 191 1253 226 174 -1 -1
13 41 955 191 1253 226 174 -1 -1
13 41 956 191 1253 226 174 -1 -1
13 41 957 191 1253 226 174 -1 -1
13 43 961 330 1113 592 256 -1 -1
13 43 962 364 1116 565 250 -1 -1
13 43 963 363 1117 581 250 -1 -1
13 43 964 377 1111 570 255 -1 -1
13 43 965 378 1109 579 261 -1 -1
13 43 966 394 1113 558 258 -1 -1
13 43 967 395 1104 566 267 -1 -1
13 43 968 405 1099 554 272 -1 -1
13 43 969 421 1102 555 262 -1 -1
13 43 970 408 1104 580 259 -1 -1
13 43 971 414 1112 575 252 -1 -1
13 43 972 414 1112 575 252 -1 -1
13 43 973 424 1085 605 272 -1 -1
13 43 974 433 1109 577 247 -1 -1
13 43 975 465 1100 590 248 -1 -1
13 43 976 477 1096 560 252 -1 -1
13 43 977 477 1096 560 252 -1 -1
13 43 978 477 1096 560 252 -1 -1
13 43 979 546 1099 543 232 -1 -1
13 43 980 572 1097 550 226 -1 -1
13 43 981 598 1090 585 228 -1 -1
13 43 982 625 1080 589 228 -1 -1
13 43 983 658 1070 598 229 -1 -1
13 43 984 688 1067 600 227 -1 -1
13 43 985 716 1057 607 235 -1 -1
13 43 986 750 1050 590 241 -1 -1
13 43 987 783 1051 578 235 -1 -1
13 43 988 783 1051 578 235 -1 -1
13 43 989 857 1044 556 227 -1 -1
13 43 990 892 1044 465 225 -1 -1
13 43 991 921 1038 449 228 -1 -1
13 43 992 956 1035 443 229 -1 -1
13 43 993 987 1035 462 228 -1 -1
13 43 994 1027 1033 434 231 -1 -1
13 43 995 1063 1032 447 235 -1 -1
13 43 996 1106 1029 402 241 -1 -1
13 43 997 1145 1026 443 250 -1 -1
13 44 997 1813 611 115 63 -1 -1
13 43 998 1183 1031 444 253 -1 -1
13 44 998 1813 611 115 63 -1 -1
13 43 999 1227 1023 420 269 -1 -1
13 44 999 1815 612 115 62 -1 -1
13 45 999 2389 325 171 199 -1 -1
13 43 1000 1227 1023 420 269 -1 -1
13 44 1000 1816 612 114 62 -1 -1
13 45 1000 2389 325 171 200 -1 -1
13 43 1001 1312 1033 457 283 -1 -1
13 44 1001 1816 612 114 62 -1 -1
13 45 1001 2389 325 171 202 -1 -1
13 43 1002 1312 1033 457 283 -1 -1
13 44 1002 1816 612 114 62 -1 -1
13 45 1002 2389 325 171 202 -1 -1
13 43 1003 1312 1033 457 283 -1 -1
13 44 1003 1816 612 114 62 -1 -1
13 45 1003 2389 325 171 201 -1 -1
13 43 1004 1312 1033 457 283 -1 -1
13 45 1004 2389 325 171 200 -1 -1
13 45 1005 2389 325 171 200 -1 -1
13 46 1005 1803 611 126 62 -1 -1
13 45 1006 2389 325 171 200 -1 -1
13 46 1006 1803 611 125 62 -1 -1
13 45 1007 2389 325 171 200 -1 -1
13 46 1007 1804 611 124 62 -1 -1
13 46 1008 1802 611 127 63 -1 -1
13 46 1009 1804 612 124 61 -1 -1
13 46 1010 1804 612 124 61 -1 -1
13 46 1011 1799 612 129 61 -1 -1
13 46 1012 1802 612 126 61 -1 -1
13 46 1013 1803 612 125 61 -1 -1
13 46 1014 1807 612 121 61 -1 -1
13 46 1015 1814 612 115 61 -1 -1
13 46 1016 1813 612 116 61 -1 -1
13 46 1017 1812 612 117 61 -1 -1
13 46 1018 1812 612 117 61 -1 -1
13 46 1019 1812 612 117 61 -1 -1
13 46 1020 1812 612 117 61 -1 -1
13 47 1069 2390 326 170 193 -1 -1
13 47 1070 2390 326 170 193 -1 -1
13 47 1071 2390 326 170 194 -1 -1
13 47 1072 2390 326 170 195 -1 -1
13 47 1073 2390 326 170 195 -1 -1
13 47 1074 2390 326 170 195 -1 -1
13 47 1075 2390 326 170 194 -1 -1
13 47 1076 2390 326 170 194 -1 -1
13 47 1077 2390 326 170 194 -1 -1
13 47 1078 2390 326 170 194 -1 -1
13 48 1089 2385 680 175 317 -1 -1
13 48 1090 2263 651 297 322 -1 -1
13 48 1091 2263 651 297 322 -1 -1
13 48 1092 2098 637 462 305 -1 -1
13 48 1093 1978 645 582 286 -1 -1
13 49 1093 2388 326 172 205 -1 -1
13 48 1094 1910 634 558 288 -1 -1
13 49 1094 2387 326 173 206 -1 -1
13 48 1095 1910 634 558 288 -1 -1
13 49 1095 2387 326 173 203 -1 -1
13 48 1096 1910 634 558 288 -1 -1
13 49 1096 2388 326 172 202 -1 -1
13 48 1097 1731 617 581 279 -1 -1
13 49 1097 2388 326 172 202 -1 -1
13 48 1098 1731 617 581 279 -1 -1
13 49 1098 2388 326 172 202 -1 -1
13 48 1099 1627 622 552 283 -1 -1
13 49 1099 2388 326 172 202 -1 -1
13 48 1100 1579 626 497 269 -1 -1
13 49 1100 2388 325 172 203 -1 -1
13 48 1101 1536 628 466 263 -1 -1
13 49 1101 2388 326 172 202 -1 -1
13 48 1102 1507 630 435 261 -1 -1
13 49 1102 2388 326 172 202 -1 -1
13 50 1102 1503 630 423 252 -1 -1
13 48 1103 1468 634 403 240 -1 -1
13 49 1103 2388 326 172 202 -1 -1
13 50 1103 1503 630 423 252 -1 -1
13 48 1104 1437 639 374 229 -1 -1
13 49 1104 2388 326 172 202 -1 -1
13 50 1104 1503 630 423 252 -1 -1
13 48 1105 1406 642 363 220 -1 -1
13 50 1105 1503 630 423 252 -1 -1
13 48 1106 1369 654 354 204 -1 -1
13 48 1107 1350 659 331 194 -1 -1
13 48 1108 1325 662 314 186 -1 -1
13 48 1109 1304 662 299 181 -1 -1
13 48 1110 1279 675 289 164 -1 -1
13 48 1111 1253 678 281 159 -1 -1
13 48 1112 1229 670 272 164 -1 -1
13 48 1113 1215 684 255 149 -1 -1
13 48 1114 1194 680 246 152 -1 -1
13 48 1115 1179 680 236 148 -1 -1
13 48 1116 1160 679 230 149 -1 -1
13 48 1117 1143 685 222 141 -1 -1
13 48 1118 1127 682 217 143 -1 -1
13 48 1119 1110 683 209 139 -1 -1
13 48 1120 1097 694 201 125 -1 -1
13 48 1121 1082 690 198 128 -1 -1
13 48 1122 1072 699 187 116 -1 -1
13 51 1122 1064 743 96 74 -1 -1
13 48 1123 1051 702 187 114 -1 -1
13 51 1123 1064 743 96 74 -1 -1
13 52 1123 2389 325 171 203 -1 -1
13 48 1124 1034 695 185 121 -1 -1
13 51 1124 1064 743 96 74 -1 -1
13 52 1124 2389 325 171 202 -1 -1
13 48 1125 1021 698 182 117 -1 -1
13 51 1125 1064 743 96 74 -1 -1
13 52 1125 2388 325 172 202 -1 -1
13 48 1126 1008 700 176 115 -1 -1
13 52 1126 2389 325 171 202 -1 -1
13 48 1127 993 706 174 108 -1 -1
13 52 1127 2389 325 171 202 -1 -1
13 48 1128 980 702 171 110 -1 -1
13 52 1128 2389 325 171 202 -1 -1
13 53 1128 985 740 72 72 -1 -1
13 48 1129 971 702 164 111 -1 -1
13 52 1129 2388 325 172 205 -1 -1
13 53 1129 985 740 72 72 -1 -1
13 48 1130 959 703 162 109 -1 -1
13 52 1130 2388 325 172 205 -1 -1
13 53 1130 985 740 72 72 -1 -1
13 48 1131 947 706 161 105 -1 -1
13 52 1131 2388 325 172 205 -1 -1
13 53 1131 985 740 72 72 -1 -1
13 48 1132 938 711 153 100 -1 -1
13 52 1132 2388 325 172 205 -1 -1
13 48 1133 924 705 153 106 -1 -1
13 52 1133 2388 325 172 205 -1 -1
13 54 1133 934 716 145 94 -1 -1
13 48 1134 914 708 149 104 -1 -1
13 52 1134 2389 325 171 204 -1 -1
13 54 1134 934 716 145 94 -1 -1
13 48 1135 906 712 146 101 -1 -1
13 52 1135 2389 325 171 204 -1 -1
13 54 1135 934 716 145 94 -1 -1
13 48 1136 914 726 124 85 -1 -1
13 52 1136 2389 325 171 204 -1 -1
13 54 1136 895 737 128 77 -1 -1
13 48 1137 889 725 136 89 -1 -1
13 52 1137 2389 324 171 205 -1 -1
13 54 1137 886 728 135 87 -1 -1
13 55 1137 914 728 111 75 -1 -1
13 48 1138 878 731 136 82 -1 -1
13 52 1138 2390 325 170 204 -1 -1
13 54 1138 886 728 135 87 -1 -1
13 55 1138 914 728 111 75 -1 -1
13 48 1139 864 721 138 95 -1 -1
13 52 1139 2389 325 171 204 -1 -1
13 54 1139 886 728 135 87 -1 -1
13 55 1139 914 728 111 75 -1 -1
13 48 1140 854 720 138 96 -1 -1
13 52 1140 2389 325 171 205 -1 -1
13 54 1140 886 728 135 87 -1 -1
13 55 1140 914 728 111 75 -1 -1
13 56 1140 2492 800 68 157 -1 -1
13 48 1141 847 722 134 94 -1 -1
13 52 1141 2388 325 172 205 -1 -1
13 56 1141 2492 800 68 157 -1 -1
13 57 1141 2360 766 200 218 -1 -1
13 48 1142 839 727 123 89 -1 -1
13 52 1142 2388 325 172 205 -1 -1
13 56 1142 2492 800 68 157 -1 -1
13 57 1142 2242 738 318 234 -1 -1
13 48 1143 830 729 127 88 -1 -1
13 52 1143 2388 325 172 205 -1 -1
13 56 1143 2492 800 68 157 -1 -1
13 57 1143 2162 715 398 247 -1 -1
13 48 1144 821 744 121 73 -1 -1
13 52 1144 2388 325 172 205 -1 -1
13 57 1144 2065 712 495 236 -1 -1
13 58 1144 2096 705 464 249 -1 -1
13 48 1145 815 738 114 79 -1 -1
13 57 1145 1957 715 535 219 -1 -1
13 58 1145 2096 705 464 249 -1 -1
13 59 1145 849 741 84 74 -1 -1
13 60 1145 827 744 105 73 -1 -1
13 48 1146 804 748 120 70 -1 -1
13 57 1146 1957 715 535 219 -1 -1
13 58 1146 2096 705 464 249 -1 -1
13 59 1146 855 748 71 66 -1 -1
13 60 1146 827 744 105 73 -1 -1
13 48 1147 797 738 121 81 -1 -1
13 57 1147 1821 696 617 245 -1 -1
13 58 1147 2096 705 464 249 -1 -1
13 59 1147 855 748 71 66 -1 -1
13 60 1147 827 744 105 73 -1 -1
13 48 1148 793 742 111 75 -1 -1
13 57 1148 1768 697 511 238 -1 -1
13 59 1148 819 747 86 69 -1 -1
13 60 1148 827 744 105 73 -1 -1
13 48 1149 807 747 89 68 -1 -1
13 57 1149 1704 694 472 229 -1 -1
13 59 1149 819 747 86 69 -1 -1
13 48 1150 768 743 118 74 -1 -1
13 57 1150 1646 691 437 222 -1 -1
13 59 1150 819 747 86 69 -1 -1
13 48 1151 764 740 114 78 -1 -1
13 57 1151 1598 698 411 207 -1 -1
13 59 1151 819 747 86 69 -1 -1
13 48 1152 759 743 106 74 -1 -1
13 57 1152 1554 700 405 199 -1 -1
13 61 1152 2387 325 173 195 -1 -1
13 48 1153 750 746 107 72 -1 -1
13 57 1153 1515 700 381 194 -1 -1
13 61 1153 2389 325 171 195 -1 -1
13 48 1154 743 744 110 76 -1 -1
13 57 1154 1479 701 355 185 -1 -1
13 61 1154 2389 325 171 195 -1 -1
13 48 1155 737 743 107 76 -1 -1
13 57 1155 1448 702 334 180 -1 -1
13 61 1155 2389 325 171 195 -1 -1
13 48 1156 728 743 105 76 -1 -1
13 57 1156 1417 705 315 171 -1 -1
13 61 1156 2389 325 171 195 -1 -1
13 48 1157 725 746 99 73 -1 -1
13 57 1157 1386 704 303 165 -1 -1
13 61 1157 2389 325 171 195 -1 -1
13 48 1158 720 746 99 73 -1 -1
13 57 1158 1359 706 284 159 -1 -1
13 61 1158 2389 325 171 195 -1 -1
13 48 1159 714 745 96 74 -1 -1
13 57 1159 1339 708 267 156 -1 -1
13 61 1159 2389 325 171 194 -1 -1
13 48 1160 709 750 93 67 -1 -1
13 57 1160 1317 710 254 151 -1 -1
13 61 1160 2389 325 171 194 -1 -1
13 48 1161 707 748 88 69 -1 -1
13 57 1161 1296 712 242 145 -1 -1
13 61 1161 2390 325 170 194 -1 -1
13 48 1162 704 745 86 72 -1 -1
13 57 1162 1280 713 230 141 -1 -1
13 61 1162 2390 325 170 194 -1 -1
13 48 1163 704 745 86 72 -1 -1
13 57 1163 1260 714 221 136 -1 -1
13 61 1163 2390 325 170 194 -1 -1
13 48 1164 710 753 65 62 -1 -1
13 57 1164 1246 713 211 135 -1 -1
13 61 1164 2390 325 170 194 -1 -1
13 48 1165 710 753 65 62 -1 -1
13 57 1165 1233 713 202 130 -1 -1
13 48 1166 672 747 92 69 -1 -1
13 57 1166 1224 712 189 127 -1 -1
13 48 1167 667 744 89 77 -1 -1
13 57 1167 1217 711 178 125 -1 -1
13 48 1168 665 747 87 75 -1 -1
13 57 1168 1212 712 169 120 -1 -1
13 48 1169 665 747 87 75 -1 -1
13 57 1169 1206 707 159 121 -1 -1
13 48 1170 651 755 84 70 -1 -1
13 57 1170 1201 709 154 113 -1 -1
13 48 1171 646 751 71 74 -1 -1
13 57 1171 1201 706 147 110 -1 -1
13 48 1172 644 754 66 71 -1 -1
13 57 1172 1206 705 134 110 -1 -1
13 48 1173 639 757 67 67 -1 -1
13 57 1173 1208 701 128 106 -1 -1
13 48 1174 634 757 70 66 -1 -1
13 57 1174 1210 696 121 107 -1 -1
13 48 1175 630 757 75 65 -1 -1
13 57 1175 1211 691 119 104 -1 -1
13 48 1176 630 757 75 65 -1 -1
13 57 1176 1215 686 116 104 -1 -1
13 62 1176 2389 325 171 193 -1 -1
13 48 1177 630 757 75 65 -1 -1
13 57 1177 1218 685 119 99 -1 -1
13 62 1177 2389 325 171 193 -1 -1
13 48 1178 618 765 80 58 -1 -1
13 57 1178 1223 679 117 96 -1 -1
13 62 1178 2389 325 171 193 -1 -1
13 48 1179 618 765 80 58 -1 -1
13 57 1179 1225 671 124 99 -1 -1
13 62 1179 2389 325 171 193 -1 -1
13 48 1180 618 765 80 58 -1 -1
13 57 1180 1233 675 124 86 -1 -1
13 48 1181 598 763 87 60 -1 -1
13 57 1181 1240 669 117 86 -1 -1
13 63 1181 1243 657 129 96 -1 -1
13 48 1182 597 765 78 58 -1 -1
13 57 1182 1250 652 133 89 -1 -1
13 63 1182 1243 657 129 96 -1 -1
13 48 1183 597 765 78 58 -1 -1
13 57 1183 1259 645 137 90 -1 -1
13 63 1183 1243 657 129 96 -1 -1
13 48 1184 597 765 78 58 -1 -1
13 57 1184 1271 638 133 91 -1 -1
13 63 1184 1243 657 129 96 -1 -1
13 48 1185 559 754 108 70 -1 -1
13 57 1185 1281 630 119 91 -1 -1
13 48 1186 553 750 106 74 -1 -1
13 57 1186 1295 649 104 64 -1 -1
13 48 1187 552 752 98 72 -1 -1
13 57 1187 1295 649 104 64 -1 -1
13 48 1188 555 753 89 71 -1 -1
13 57 1188 1295 649 104 64 -1 -1
13 48 1189 553 754 92 70 -1 -1
13 57 1189 1295 649 104 64 -1 -1
13 64 1189 1338 622 106 66 -1 -1
13 48 1190 549 742 94 81 -1 -1
13 64 1190 1338 622 106 66 -1 -1
13 48 1191 547 742 87 81 -1 -1
13 64 1191 1338 622 106 66 -1 -1
13 65 1191 1367 583 139 87 -1 -1
13 48 1192 545 742 88 81 -1 -1
13 64 1192 1338 622 106 66 -1 -1
13 65 1192 1367 583 139 87 -1 -1
13 48 1193 545 742 88 81 -1 -1
13 65 1193 1401 580 136 80 -1 -1
13 48 1194 545 742 88 81 -1 -1
13 65 1194 1401 580 136 80 -1 -1
13 48 1195 545 742 88 81 -1 -1
13 65 1195 1423 554 139 85 -1 -1
13 65 1196 1423 554 139 85 -1 -1
13 65 1197 1423 554 139 85 -1 -1
13 65 1198 1470 542 118 79 -1 -1
13 65 1199 1470 542 118 79 -1 -1
13 65 1200 1470 542 118 79 -1 -1
13 65 1201 1470 542 118 79 -1 -1
13 66 1207 1571 491 139 68 -1 -1
13 66 1208 1598 481 126 71 -1 -1
13 66 1209 1598 481 126 71 -1 -1
13 66 1210 1598 481 126 71 -1 -1
13 66 1211 1598 481 126 71 -1 -1
13 67 1211 2472 727 87 262 -1 -1
13 67 1212 2472 727 87 262 -1 -1
13 68 1212 2349 698 211 277 -1 -1
13 67 1213 2472 727 87 262 -1 -1
13 68 1213 2245 759 313 202 -1 -1
13 67 1214 2472 727 87 262 -1 -1
13 68 1214 2170 674 390 271 -1 -1
13 68 1215 2094 675 463 263 -1 -1
13 68 1216 2006 682 554 243 -1 -1
13 68 1217 2006 682 554 243 -1 -1
13 68 1218 1883 657 558 279 -1 -1
13 68 1219 1804 668 528 259 -1 -1
13 68 1220 1741 676 489 241 -1 -1
13 68 1221 1685 672 436 238 -1 -1
13 68 1222 1635 659 410 245 -1 -1
13 68 1223 1586 659 414 240 -1 -1
13 68 1224 1546 667 389 226 -1 -1
13 68 1225 1507 670 362 217 -1 -1
13 68 1226 1471 673 344 205 -1 -1
13 68 1227 1440 674 322 198 -1 -1
13 68 1228 1405 672 302 194 -1 -1
13 68 1229 1370 674 293 188 -1 -1
13 68 1230 1345 679 275 180 -1 -1
13 68 1231 1319 680 259 176 -1 -1
13 68 1232 1292 681 250 172 -1 -1
13 68 1233 1266 685 242 163 -1 -1
13 68 1234 1244 686 231 160 -1 -1
13 68 1235 1221 688 223 155 -1 -1
13 68 1236 1200 689 212 151 -1 -1
13 68 1237 1200 689 212 151 -1 -1
13 68 1238 1159 699 200 138 -1 -1
13 68 1239 1139 701 193 135 -1 -1
13 68 1240 1119 702 190 132 -1 -1
13 68 1241 1102 706 181 125 -1 -1
13 68 1242 1086 709 174 121 -1 -1
13 68 1243 1067 709 171 120 -1 -1
13 68 1244 1054 710 164 119 -1 -1
13 68 1245 1035 710 162 117 -1 -1
13 68 1246 1026 712 152 113 -1 -1
13 68 1247 1008 712 152 111 -1 -1
13 68 1248 989 713 153 109 -1 -1
13 68 1249 976 714 145 108 -1 -1
13 68 1250 966 716 139 105 -1 -1
13 68 1251 953 720 136 101 -1 -1
13 68 1252 940 721 132 99 -1 -1
13 68 1253 926 726 133 93 -1 -1
13 69 1253 928 725 129 95 -1 -1
13 68 1254 913 724 127 96 -1 -1
13 69 1254 928 725 129 95 -1 -1
13 68 1255 901 728 127 92 -1 -1
13 69 1255 928 725 129 95 -1 -1
13 68 1256 889 729 124 90 -1 -1
13 69 1256 928 725 129 95 -1 -1
13 68 1257 878 731 118 89 -1 -1
13 70 1257 677 765 111 101 -1 -1
13 68 1258 870 732 114 89 -1 -1
13 70 1258 677 765 111 101 -1 -1
13 68 1259 855 733 116 88 -1 -1
13 70 1259 677 765 111 101 -1 -1
13 68 1260 844 737 112 85 -1 -1
13 70 1260 677 765 111 101 -1 -1
13 68 1261 834 741 109 81 -1 -1
13 68 1262 828 734 103 86 -1 -1
13 68 1263 817 737 101 84 -1 -1
13 71 1263 715 788 131 92 -1 -1
13 68 1264 817 737 101 84 -1 -1
13 71 1264 715 788 131 92 -1 -1
13 68 1265 790 738 103 75 -1 -1
13 71 1265 715 788 131 92 -1 -1
13 68 1266 790 738 103 75 -1 -1
13 71 1266 749 787 129 97 -1 -1
13 68 1267 790 738 103 75 -1 -1
13 71 1267 749 787 129 97 -1 -1
13 68 1268 761 747 95 58 -1 -1
13 71 1268 771 786 136 104 -1 -1
13 68 1269 761 747 95 58 -1 -1
13 71 1269 778 787 142 105 -1 -1
13 68 1270 761 747 95 58 -1 -1
13 71 1270 785 792 146 104 -1 -1
13 68 1271 761 747 95 58 -1 -1
13 71 1271 799 789 146 110 -1 -1
13 71 1272 799 789 146 110 -1 -1
13 71 1273 818 792 158 113 -1 -1
13 71 1274 829 789 163 118 -1 -1
13 71 1275 829 789 163 118 -1 -1
13 71 1276 829 789 163 118 -1 -1
13 71 1277 862 789 179 133 -1 -1
13 71 1278 876 787 182 140 -1 -1
13 71 1279 887 789 187 142 -1 -1
13 71 1280 898 789 198 146 -1 -1
13 71 1281 912 789 205 153 -1 -1
13 71 1282 925 790 212 157 -1 -1
13 71 1283 939 790 221 167 -1 -1
13 71 1284 955 790 231 175 -1 -1
13 72 1284 639 757 76 70 -1 -1
13 71 1285 970 793 237 180 -1 -1
13 72 1285 634 755 79 73 -1 -1
13 71 1286 984 795 254 187 -1 -1
13 72 1286 634 755 79 73 -1 -1
13 71 1287 1000 795 268 199 -1 -1
13 72 1287 634 755 79 73 -1 -1
13 71 1288 1022 796 278 211 -1 -1
13 72 1288 634 755 79 73 -1 -1
13 71 1289 1041 796 295 223 -1 -1
13 73 1289 611 768 67 60 -1 -1
13 71 1290 1062 799 316 234 -1 -1
13 73 1290 604 772 69 56 -1 -1
13 71 1291 1083 802 340 250 -1 -1
13 73 1291 601 781 64 46 -1 -1
13 74 1291 2390 324 170 194 -1 -1
13 71 1292 1110 803 362 267 -1 -1
13 73 1292 598 781 63 46 -1 -1
13 74 1292 2390 324 170 194 -1 -1
13 71 1293 1140 804 377 290 -1 -1
13 73 1293 598 781 63 46 -1 -1
13 74 1293 2390 324 170 194 -1 -1
13 71 1294 1169 811 395 303 -1 -1
13 73 1294 598 781 63 46 -1 -1
13 74 1294 2389 324 171 195 -1 -1
13 71 1295 1204 813 443 326 -1 -1
13 73 1295 598 781 63 46 -1 -1
13 74 1295 2389 324 171 196 -1 -1
13 71 1296 1237 817 485 354 -1 -1
13 74 1296 2390 324 170 195 -1 -1
13 71 1297 1282 813 551 391 -1 -1
13 74 1297 2390 324 170 195 -1 -1
13 71 1298 1329 813 635 442 -1 -1
13 74 1298 2390 324 170 195 -1 -1
13 71 1299 1329 813 635 442 -1 -1
13 74 1299 2390 324 170 195 -1 -1
13 71 1300 1329 813 635 442 -1 -1
13 71 1301 1329 813 635 442 -1 -1
13 75 1402 1610 454 116 67 -1 -1
13 75 1403 1603 452 127 72 -1 -1
13 75 1404 1603 452 127 72 -1 -1
13 75 1405 1603 452 127 72 -1 -1
13 75 1406 1603 452 127 72 -1 -1
13 76 1462 2418 844 142 255 -1 -1
13 76 1463 2418 844 142 255 -1 -1
13 77 1463 2260 795 300 289 -1 -1
13 76 1464 2418 844 142 255 -1 -1
13 77 1464 2110 803 450 279 -1 -1
13 76 1465 2418 844 142 255 -1 -1
13 77 1465 2105 800 455 269 -1 -1
13 77 1466 2105 800 455 269 -1 -1
13 77 1467 1787 822 582 249 -1 -1
13 77 1468 1677 817 519 258 -1 -1
13 78 1468 2387 326 173 198 -1 -1
13 77 1469 1549 839 541 245 -1 -1
13 78 1469 2388 326 172 198 -1 -1
13 79 1469 1569 828 614 253 -1 -1
13 77 1470 1458 855 548 236 -1 -1
13 78 1470 2388 326 172 198 -1 -1
13 79 1470 1569 828 614 253 -1 -1
13 77 1471 1360 865 595 235 -1 -1
13 78 1471 2388 326 172 198 -1 -1
13 79 1471 1569 828 614 253 -1 -1
13 77 1472 1134 907 539 222 -1 -1
13 78 1472 2388 326 172 198 -1 -1
13 79 1472 1569 828 614 253 -1 -1
13 80 1472 1108 912 551 220 -1 -1
13 77 1473 1075 896 469 245 -1 -1
13 80 1473 1108 912 551 220 -1 -1
13 77 1474 944 946 502 217 -1 -1
13 80 1474 1108 912 551 220 -1 -1
13 77 1475 915 930 461 240 -1 -1
13 80 1475 1108 912 551 220 -1 -1
13 77 1476 833 959 448 229 -1 -1
13 81 1476 799 976 468 221 -1 -1
13 77 1477 833 959 448 229 -1 -1
13 81 1477 799 976 468 221 -1 -1
13 77 1478 833 959 448 229 -1 -1
13 81 1478 799 976 468 221 -1 -1
13 77 1479 833 959 448 229 -1 -1
13 81 1479 799 976 468 221 -1 -1
13 82 1483 341 1088 369 206 -1 -1
13 82 1484 341 1088 369 206 -1 -1
13 82 1485 341 1088 369 206 -1 -1
13 83 1485 95 1181 288 186 -1 -1
13 82 1486 341 1088 369 206 -1 -1
13 83 1486 4 1184 388 194 -1 -1
13 83 1487 0 1178 385 208 -1 -1
13 83 1488 0 1193 321 200 -1 -1
13 83 1489 1 1212 234 181 -1 -1
13 83 1490 2 1211 153 189 -1 -1
13 83 1491 2 1211 153 189 -1 -1
13 83 1492 2 1211 153 189 -1 -1
13 83 1493 2 1211 153 189 -1 -1
13 84 1496 2387 325 173 197 -1 -1
13 84 1497 2383 325 177 199 -1 -1
13 84 1498 2384 325 176 201 -1 -1
13 84 1499 2380 324 180 203 -1 -1
13 84 1500 2380 324 180 202 -1 -1
13 84 1501 2382 324 178 208 -1 -1
13 84 1502 2383 324 177 210 -1 -1
13 84 1503 2386 324 174 210 -1 -1
13 84 1504 2389 324 171 215 -1 -1
13 84 1505 2395 324 165 214 -1 -1
13 84 1506 2395 324 165 214 -1 -1
13 84 1507 2395 324 165 214 -1 -1
13 84 1508 2395 324 165 214 -1 -1
13 85 1516 2387 324 173 200 -1 -1
13 85 1517 2387 324 173 200 -1 -1
13 85 1518 2387 324 173 200 -1 -1
13 85 1519 2387 324 173 200 -1 -1
13 86 1523 2385 326 175 189 -1 -1
13 86 1524 2385 326 175 189 -1 -1
13 86 1525 2389 326 171 192 -1 -1
13 86 1526 2389 326 171 192 -1 -1
13 86 1527 2389 326 171 191 -1 -1
13 86 1528 2390 326 170 192 -1 -1
13 86 1529 2390 326 170 192 -1 -1
13 86 1530 2389 326 171 192 -1 -1
13 86 1531 2388 326 172 191 -1 -1
13 86 1532 2388 326 172 191 -1 -1
13 86 1533 2388 326 172 191 -1 -1
13 86 1534 2388 326 172 191 -1 -1
13 87 1597 2390 326 170 198 -1 -1
13 87 1598 2390 326 170 198 -1 -1
13 87 1599 2390 326 170 198 -1 -1
13 87 1600 2389 326 171 198 -1 -1
13 87 1601 2389 326 171 199 -1 -1
13 87 1602 2389 326 171 199 -1 -1
13 87 1603 2389 326 171 199 -1 -1
13 87 1604 2388 326 172 199 -1 -1
13 87 1605 2388 326 172 199 -1 -1
13 87 1606 2388 326 172 198 -1 -1
13 87 1607 2388 326 172 198 -1 -1
13 87 1608 2388 326 172 198 -1 -1
13 87 1609 2389 326 171 200 -1 -1
13 87 1610 2389 326 171 200 -1 -1
13 87 1611 2390 326 170 200 -1 -1
13 87 1612 2390 326 170 200 -1 -1
13 87 1613 2390 326 170 200 -1 -1
13 87 1614 2391 326 169 200 -1 -1
13 87 1615 2390 326 170 200 -1 -1
13 87 1616 2390 326 170 200 -1 -1
13 87 1617 2390 326 170 200 -1 -1
13 87 1618 2390 326 170 199 -1 -1
13 87 1619 2390 326 170 199 -1 -1
13 87 1620 2390 326 170 199 -1 -1
13 87 1621 2390 326 170 199 -1 -1
13 88 1625 2389 325 171 199 -1 -1
13 88 1626 2389 325 171 198 -1 -1
13 88 1627 2388 326 172 198 -1 -1
13 88 1628 2389 325 171 199 -1 -1
13 88 1629 2389 326 171 198 -1 -1
13 88 1630 2389 326 171 197 -1 -1
13 89 1630 620 797 91 60 -1 -1
13 88 1631 2389 326 171 197 -1 -1
13 89 1631 620 797 91 60 -1 -1
13 88 1632 2389 326 171 197 -1 -1
13 89 1632 620 797 91 60 -1 -1
13 88 1633 2389 326 171 197 -1 -1
13 89 1633 620 797 91 60 -1 -1
13 88 1634 2389 326 171 197 -1 -1
13 90 1636 675 773 94 84 -1 -1
13 90 1637 683 761 100 96 -1 -1
13 90 1638 687 773 105 84 -1 -1
13 90 1639 687 773 105 84 -1 -1
13 90 1640 687 773 105 84 -1 -1
13 90 1641 687 773 105 84 -1 -1
13 91 1644 755 791 116 79 -1 -1
13 91 1645 771 792 114 81 -1 -1
13 91 1646 781 787 116 88 -1 -1
13 91 1647 791 790 121 90 -1 -1
13 91 1648 801 790 123 92 -1 -1
13 91 1649 812 794 129 94 -1 -1
13 91 1650 823 793 132 99 -1 -1
13 91 1651 833 791 137 105 -1 -1
13 91 1652 845 794 145 106 -1 -1
13 91 1653 857 798 148 111 -1 -1
13 91 1654 868 798 153 117 -1 -1
13 91 1655 881 802 167 118 -1 -1
13 91 1656 896 803 169 123 -1 -1
13 91 1657 910 802 179 131 -1 -1
13 91 1658 926 808 189 132 -1 -1
13 91 1659 943 811 197 139 -1 -1
13 91 1660 964 811 206 146 -1 -1
13 91 1661 981 802 223 161 -1 -1
13 91 1662 1003 804 237 176 -1 -1
13 91 1663 1029 809 253 184 -1 -1
13 91 1664 1029 809 253 184 -1 -1
13 91 1665 1085 809 296 211 -1 -1
13 91 1666 1116 814 325 229 -1 -1
13 91 1667 1157 823 351 238 -1 -1
13 91 1668 1199 826 376 260 -1 -1
13 91 1669 1250 830 415 289 -1 -1
13 91 1670 1306 827 468 323 -1 -1
13 91 1671 1369 826 573 367 -1 -1
13 91 1672 1369 826 573 367 -1 -1
13 91 1673 1369 826 573 367 -1 -1
13 91 1674 1369 826 573 367 -1 -1
13 92 1674 2021 929 539 443 -1 -1
13 92 1675 2021 929 539 443 -1 -1
13 92 1676 2021 929 539 443 -1 -1
13 92 1677 2273 980 287 321 -1 -1
13 92 1678 2273 980 287 321 -1 -1
13 92 1679 2273 980 287 321 -1 -1
13 92 1680 2273 980 287 321 -1 -1
13 93 1790 675 765 97 100 -1 -1
13 93 1791 681 759 102 106 -1 -1
13 93 1792 681 759 102 106 -1 -1
13 93 1793 681 759 102 106 -1 -1
13 93 1794 681 759 102 106 -1 -1
13 94 1801 780 788 128 106 -1 -1
13 94 1802 790 787 133 112 -1 -1
13 94 1803 799 788 136 115 -1 -1
13 94 1804 799 788 136 115 -1 -1
13 94 1805 826 793 142 121 -1 -1
13 94 1806 826 793 142 121 -1 -1
13 94 1807 851 798 156 128 -1 -1
13 94 1808 851 798 156 128 -1 -1
13 94 1809 877 796 175 148 -1 -1
13 94 1810 894 801 180 149 -1 -1
13 94 1811 909 800 193 155 -1 -1
13 94 1812 924 801 206 165 -1 -1
13 94 1813 941 800 216 178 -1 -1
13 94 1814 961 803 229 186 -1 -1
13 94 1815 983 804 243 196 -1 -1
13 94 1816 1006 805 262 215 -1 -1
13 94 1817 1034 808 282 220 -1 -1
13 94 1818 1062 814 309 239 -1 -1
13 94 1819 1097 817 335 260 -1 -1
13 94 1820 1135 821 369 272 -1 -1
13 94 1821 1179 820 403 312 -1 -1
13 94 1822 1229 828 447 336 -1 -1
13 94 1823 1288 823 514 390 -1 -1
13 94 1824 1354 798 608 464 -1 -1
13 94 1825 1354 798 608 464 -1 -1
13 94 1826 1354 798 608 464 -1 -1
13 94 1827 1354 798 608 464 -1 -1
13 95 1984 2389 330 171 200 -1 -1
13 95 1985 2389 330 171 200 -1 -1
13 95 1986 2389 330 171 200 -1 -1
13 95 1987 2389 329 171 200 -1 -1
13 95 1988 2389 329 171 200 -1 -1
13 95 1989 2389 329 171 200 -1 -1
13 95 1990 2389 329 171 200 -1 -1
13 96 1993 2389 330 171 198 -1 -1
13 96 1994 2388 330 172 197 -1 -1
13 96 1995 2388 330 172 197 -1 -1
13 96 1996 2388 330 172 197 -1 -1
13 96 1997 2388 330 172 197 -1 -1
13 97 2125 2373 705 187 264 -1 -1
13 97 2126 2261 681 299 273 -1 -1
13 97 2127 2261 681 299 273 -1 -1
13 97 2128 2099 658 461 277 -1 -1
13 97 2129 2099 658 461 277 -1 -1
13 97 2130 1911 679 596 237 -1 -1
13 97 2131 1856 678 607 240 -1 -1
13 97 2132 1801 675 546 242 -1 -1
13 97 2133 1738 663 508 248 -1 -1
13 97 2134 1683 667 433 235 -1 -1
13 97 2135 1633 663 411 229 -1 -1
13 97 2136 1592 651 410 232 -1 -1
13 97 2137 1549 668 388 209 -1 -1
13 97 2138 1510 659 374 211 -1 -1
13 97 2139 1479 670 351 194 -1 -1
13 97 2140 1447 673 322 183 -1 -1
13 97 2141 1415 661 315 194 -1 -1
13 98 2141 2397 326 163 203 -1 -1
13 97 2142 1388 660 293 190 -1 -1
13 98 2142 2396 326 164 205 -1 -1
13 97 2143 1388 660 293 190 -1 -1
13 98 2143 2397 326 163 205 -1 -1
13 97 2144 1339 669 260 172 -1 -1
13 98 2144 2397 326 163 204 -1 -1
13 97 2145 1339 669 260 172 -1 -1
13 98 2145 2396 326 164 205 -1 -1
13 97 2146 1288 673 243 163 -1 -1
13 98 2146 2397 326 163 206 -1 -1
13 97 2147 1264 672 234 162 -1 -1
13 98 2147 2397 326 163 206 -1 -1
13 97 2148 1243 674 225 159 -1 -1
13 98 2148 2397 326 163 206 -1 -1
13 97 2149 1222 676 219 155 -1 -1
13 98 2149 2397 326 163 206 -1 -1
13 97 2150 1203 680 211 150 -1 -1
13 98 2150 2397 326 163 206 -1 -1
13 97 2151 1184 684 203 145 -1 -1
13 97 2152 1167 685 196 142 -1 -1
13 97 2153 1151 689 190 137 -1 -1
13 97 2154 1131 691 188 134 -1 -1
13 97 2155 1116 689 180 134 -1 -1
13 97 2156 1101 680 176 142 -1 -1
13 97 2157 1088 689 169 130 -1 -1
13 97 2158 1071 697 167 122 -1 -1
13 97 2159 1060 703 159 113 -1 -1
13 97 2160 1044 702 158 114 -1 -1
13 97 2161 1031 706 153 108 -1 -1
13 97 2162 1022 704 145 110 -1 -1
13 97 2163 1007 706 144 105 -1 -1
13 97 2164 986 707 148 103 -1 -1
13 97 2165 978 709 142 100 -1 -1
13 97 2166 969 713 140 96 -1 -1
13 97 2167 959 711 132 98 -1 -1
13 97 2168 946 715 132 93 -1 -1
13 97 2169 935 715 128 92 -1 -1
13 97 2170 926 719 127 89 -1 -1
13 97 2171 913 722 126 87 -1 -1
13 97 2172 903 725 124 85 -1 -1
13 97 2173 893 727 120 83 -1 -1
13 97 2174 880 726 117 83 -1 -1
13 97 2175 870 727 120 85 -1 -1
13 97 2176 862 725 114 86 -1 -1
13 97 2177 852 728 113 85 -1 -1
13 97 2178 841 733 112 81 -1 -1
13 97 2179 833 732 108 81 -1 -1
13 97 2180 822 736 105 79 -1 -1
13 97 2181 813 733 106 82 -1 -1
13 97 2182 805 733 104 82 -1 -1
13 97 2183 794 736 101 79 -1 -1
13 97 2184 782 739 103 76 -1 -1
13 97 2185 775 742 102 73 -1 -1
13 97 2186 767 744 97 71 -1 -1
13 97 2187 759 748 95 68 -1 -1
13 97 2188 751 748 91 68 -1 -1
13 97 2189 744 752 92 65 -1 -1
13 97 2190 728 751 96 66 -1 -1
13 97 2191 714 743 105 74 -1 -1
13 97 2192 714 743 105 74 -1 -1
13 97 2193 701 748 101 70 -1 -1
13 97 2194 701 748 101 70 -1 -1
13 97 2195 701 748 101 70 -1 -1
13 97 2196 701 748 101 70 -1 -1
13 99 2248 2401 327 159 202 -1 -1
13 99 2249 2401 327 159 202 -1 -1
13 99 2250 2401 327 159 201 -1 -1
13 99 2251 2401 327 159 201 -1 -1
13 99 2252 2401 327 159 201 -1 -1
13 99 2253 2401 327 159 201 -1 -1
13 100 2275 765 811 110 90 -1 -1
13 100 2276 777 812 115 91 -1 -1
13 100 2277 786 815 115 95 -1 -1
13 100 2278 798 817 121 100 -1 -1
13 100 2279 812 819 123 102 -1 -1
13 100 2280 822 820 135 105 -1 -1
13 100 2281 837 823 137 109 -1 -1
13 100 2282 848 823 142 117 -1 -1
13 100 2283 861 824 148 124 -1 -1
13 100 2284 874 829 154 125 -1 -1
13 100 2285 888 830 160 131 -1 -1
13 100 2286 904 833 174 139 -1 -1
13 100 2287 922 835 184 149 -1 -1
13 100 2288 938 838 196 154 -1 -1
13 100 2289 959 843 202 165 -1 -1
13 100 2290 978 850 218 171 -1 -1
13 100 2291 1004 855 230 179 -1 -1
13 100 2292 1033 862 253 193 -1 -1
13 100 2293 1062 862 273 215 -1 -1
13 100 2294 1095 865 296 233 -1 -1
13 100 2295 1128 873 338 257 -1 -1
13 100 2296 1177 881 361 280 -1 -1
13 100 2297 1226 891 391 310 -1 -1
13 100 2298 1289 897 453 354 -1 -1
13 100 2299 1362 910 548 397 -1 -1
13 100 2300 1362 910 548 397 -1 -1
13 100 2301 1362 910 548 397 -1 -1
13 100 2302 1362 910 548 397 -1 -1
13 101 2313 2400 326 160 204 -1 -1
13 101 2314 2399 326 161 206 -1 -1
13 101 2315 2401 326 159 205 -1 -1
13 101 2316 2401 326 159 205 -1 -1
13 101 2317 2404 327 156 201 -1 -1
13 101 2318 2401 328 159 198 -1 -1
13 101 2319 2401 328 159 197 -1 -1
13 101 2320 2401 328 159 197 -1 -1
13 101 2321 2402 327 158 197 -1 -1
13 101 2322 2402 327 158 196 -1 -1
13 101 2323 2401 328 159 195 -1 -1
13 101 2324 2401 327 159 197 -1 -1
13 101 2325 2401 327 159 198 -1 -1
13 101 2326 2401 327 159 198 -1 -1
13 101 2327 2402 327 158 198 -1 -1
13 101 2328 2403 328 157 190 -1 -1
13 101 2329 2401 327 159 195 -1 -1
13 101 2330 2400 327 160 196 -1 -1
13 101 2331 2398 327 162 195 -1 -1
13 101 2332 2398 327 162 195 -1 -1
13 101 2333 2398 327 162 195 -1 -1
13 101 2334 2398 327 162 195 -1 -1
13 102 2363 2245 721 315 239 -1 -1
13 102 2364 2096 705 464 242 -1 -1
13 102 2365 1941 715 589 226 -1 -1
13 102 2366 1941 715 589 226 -1 -1
13 103 2366 1648 694 427 214 -1 -1
13 102 2367 1941 715 589 226 -1 -1
13 103 2367 1575 701 395 198 -1 -1
13 102 2368 1941 715 589 226 -1 -1
13 103 2368 1508 703 380 187 -1 -1
13 103 2369 1459 698 336 183 -1 -1
13 103 2370 1409 699 309 173 -1 -1
13 103 2371 1365 703 287 162 -1 -1
13 104 2371 619 799 88 63 -1 -1
13 103 2372 1328 702 264 156 -1 -1
13 104 2372 619 799 88 63 -1 -1
13 103 2373 1295 706 244 150 -1 -1
13 104 2373 619 799 88 63 -1 -1
13 103 2374 1263 707 230 141 -1 -1
13 104 2374 619 799 88 63 -1 -1
13 103 2375 1233 709 218 135 -1 -1
13 103 2376 1209 710 203 129 -1 -1
13 103 2377 1183 711 196 126 -1 -1
13 103 2378 1162 713 186 122 -1 -1
13 103 2379 1143 716 178 115 -1 -1
13 103 2380 1121 717 173 111 -1 -1
13 103 2381 1102 719 166 106 -1 -1
13 103 2382 1084 717 162 107 -1 -1
13 103 2383 1067 720 157 101 -1 -1
13 103 2384 1052 722 150 98 -1 -1
13 103 2385 1037 722 145 95 -1 -1
13 103 2386 1022 722 143 94 -1 -1
13 103 2387 1007 730 140 84 -1 -1
13 105 2387 727 789 124 92 -1 -1
13 103 2388 991 724 136 87 -1 -1
13 105 2388 737 790 126 93 -1 -1
13 103 2389 976 728 137 82 -1 -1
13 105 2389 755 793 120 92 -1 -1
13 103 2390 964 730 130 80 -1 -1
13 105 2390 764 791 124 95 -1 -1
13 103 2391 950 732 131 78 -1 -1
13 105 2391 773 793 126 95 -1 -1
13 103 2392 938 734 124 75 -1 -1
13 105 2392 782 792 127 100 -1 -1
13 103 2393 924 735 126 75 -1 -1
13 105 2393 791 793 132 100 -1 -1
13 103 2394 913 735 119 76 -1 -1
13 105 2394 800 791 134 106 -1 -1
13 103 2395 899 740 122 72 -1 -1
13 105 2395 811 793 136 106 -1 -1
13 103 2396 893 739 110 72 -1 -1
13 105 2396 820 795 142 107 -1 -1
13 103 2397 877 740 112 67 -1 -1
13 105 2397 832 796 144 110 -1 -1
13 103 2398 862 741 117 65 -1 -1
13 105 2398 843 793 151 121 -1 -1
13 103 2399 862 741 117 65 -1 -1
13 105 2399 843 793 151 121 -1 -1
13 103 2400 862 741 117 65 -1 -1
13 105 2400 864 799 162 124 -1 -1
13 103 2401 836 745 104 71 -1 -1
13 105 2401 876 800 165 129 -1 -1
13 103 2402 824 756 106 61 -1 -1
13 105 2402 888 801 169 133 -1 -1
13 103 2403 813 755 104 61 -1 -1
13 105 2403 900 801 176 139 -1 -1
13 103 2404 806 757 103 60 -1 -1
13 105 2404 912 805 187 143 -1 -1
13 103 2405 797 757 101 61 -1 -1
13 105 2405 923 805 195 149 -1 -1
13 103 2406 787 756 97 62 -1 -1
13 105 2406 938 808 199 155 -1 -1
13 103 2407 779 755 97 62 -1 -1
13 105 2407 951 807 209 161 -1 -1
13 103 2408 768 748 94 68 -1 -1
13 105 2408 967 809 220 174 -1 -1
13 103 2409 760 750 94 67 -1 -1
13 105 2409 987 811 229 183 -1 -1
13 103 2410 753 756 90 62 -1 -1
13 105 2410 1002 814 243 189 -1 -1
13 103 2411 744 758 91 63 -1 -1
13 105 2411 1024 818 257 201 -1 -1
13 103 2412 737 763 88 58 -1 -1
13 105 2412 1047 820 269 212 -1 -1
13 103 2413 737 763 88 58 -1 -1
13 105 2413 1047 820 269 212 -1 -1
13 103 2414 737 763 88 58 -1 -1
13 105 2414 1096 826 317 244 -1 -1
13 103 2415 737 763 88 58 -1 -1
13 105 2415 1124 831 336 260 -1 -1
