19 0 1 1894 417 190 69 -1 -1
19 0 2 1894 416 190 70 -1 -1
19 1 2 1589 380 62 50 -1 -1
19 0 3 1894 416 190 70 -1 -1
19 1 3 1589 380 62 50 -1 -1
19 0 4 1894 416 190 70 -1 -1
19 1 4 1589 380 62 50 -1 -1
19 2 4 1123 214 117 63 -1 -1
19 0 5 1894 416 190 70 -1 -1
19 1 5 1589 380 62 50 -1 -1
19 2 5 1124 214 116 63 -1 -1
19 0 6 1894 416 190 70 -1 -1
19 1 6 1589 380 62 50 -1 -1
19 2 6 1124 214 116 63 -1 -1
19 0 7 1894 416 190 70 -1 -1
19 1 7 1589 380 62 50 -1 -1
19 2 7 1124 214 116 63 -1 -1
19 0 8 1894 416 190 70 -1 -1
19 1 8 1589 380 62 50 -1 -1
19 2 8 1124 214 116 63 -1 -1
19 0 9 1894 416 190 70 -1 -1
19 1 9 1589 380 62 50 -1 -1
19 0 10 1894 416 190 70 -1 -1
19 1 10 1589 380 62 50 -1 -1
19 0 11 1894 416 190 70 -1 -1
19 1 11 1589 380 62 50 -1 -1
19 3 11 1117 214 123 63 -1 -1
19 0 12 1894 416 190 70 -1 -1
19 1 12 1589 380 62 50 -1 -1
19 3 12 1121 214 119 63 -1 -1
19 0 13 1894 416 190 70 -1 -1
19 1 13 1589 380 62 50 -1 -1
19 3 13 1121 214 119 63 -1 -1
19 4 13 1205 287 64 50 -1 -1
19 0 14 1894 416 190 70 -1 -1
19 1 14 1589 380 61 50 -1 -1
19 3 14 1121 214 119 63 -1 -1
19 4 14 1205 287 64 50 -1 -1
19 0 15 1894 416 190 70 -1 -1
19 1 15 1589 380 61 50 -1 -1
19 3 15 1121 214 119 63 -1 -1
19 4 15 1205 287 64 50 -1 -1
19 0 16 1894 416 190 70 -1 -1
19 1 16 1589 380 61 50 -1 -1
19 4 16 1205 287 64 50 -1 -1
19 0 17 1894 416 190 70 -1 -1
19 1 17 1589 380 61 50 -1 -1
19 4 17 1205 287 64 50 -1 -1
19 0 18 1894 416 190 70 -1 -1
19 1 18 1589 380 61 50 -1 -1
19 4 18 1205 287 64 50 -1 -1
19 0 19 1894 416 190 70 -1 -1
19 1 19 1589 380 61 50 -1 -1
19 4 19 1205 287 64 50 -1 -1
19 0 20 1894 416 190 70 -1 -1
19 1 20 1589 380 61 50 -1 -1
19 4 20 1205 287 64 50 -1 -1
19 0 21 1894 416 190 70 -1 -1
19 1 21 1589 380 61 50 -1 -1
19 4 21 1205 287 64 50 -1 -1
19 0 22 1894 416 190 70 -1 -1
19 1 22 1589 380 61 50 -1 -1
19 4 22 1205 287 64 50 -1 -1
19 0 23 1894 416 190 70 -1 -1
19 1 23 1589 380 61 49 -1 -1
19 4 23 1205 287 64 50 -1 -1
19 0 24 1894 416 190 70 -1 -1
19 1 24 1589 380 61 49 -1 -1
19 4 24 1205 287 64 50 -1 -1
19 0 25 1894 416 190 70 -1 -1
19 1 25 1589 381 62 49 -1 -1
19 4 25 1205 287 64 50 -1 -1
19 0 26 1894 416 190 70 -1 -1
19 1 26 1589 381 62 49 -1 -1
19 4 26 1205 287 64 50 -1 -1
19 5 26 1123 215 117 62 -1 -1
19 0 27 1894 416 190 70 -1 -1
19 1 27 1589 381 62 49 -1 -1
19 4 27 1205 287 64 50 -1 -1
19 5 27 1123 215 117 62 -1 -1
19 0 28 1894 416 190 70 -1 -1
19 1 28 1589 380 62 50 -1 -1
19 4 28 1205 287 64 50 -1 -1
19 5 28 1121 215 119 62 -1 -1
19 0 29 1894 416 190 70 -1 -1
19 1 29 1589 380 62 50 -1 -1
19 4 29 1205 287 64 50 -1 -1
19 5 29 1120 214 120 63 -1 -1
19 0 30 1894 416 190 70 -1 -1
19 1 30 1589 380 62 50 -1 -1
19 4 30 1205 286 64 51 -1 -1
19 5 30 1120 214 120 63 -1 -1
19 0 31 1894 416 190 70 -1 -1
19 1 31 1589 381 63 49 -1 -1
19 4 31 1205 287 64 50 -1 -1
19 5 31 1118 214 122 63 -1 -1
19 0 32 1894 416 190 70 -1 -1
19 1 32 1589 381 62 49 -1 -1
19 4 32 1205 287 64 50 -1 -1
19 5 32 1119 214 121 63 -1 -1
19 0 33 1894 416 190 70 -1 -1
19 1 33 1589 381 62 49 -1 -1
19 4 33 1205 287 64 50 -1 -1
19 5 33 1116 214 124 63 -1 -1
19 0 34 1894 416 190 70 -1 -1
19 1 34 1589 381 62 49 -1 -1
19 4 34 1205 287 64 50 -1 -1
19 5 34 1115 214 125 63 -1 -1
19 0 35 1894 416 190 70 -1 -1
19 1 35 1589 380 62 50 -1 -1
19 4 35 1205 287 64 50 -1 -1
19 5 35 1115 214 125 63 -1 -1
19 0 36 1894 416 190 70 -1 -1
19 1 36 1589 381 62 49 -1 -1
19 4 36 1205 287 64 50 -1 -1
19 5 36 1113 214 127 63 -1 -1
19 0 37 1894 416 190 70 -1 -1
19 1 37 1589 381 62 49 -1 -1
19 4 37 1205 287 65 51 -1 -1
19 5 37 1114 214 126 63 -1 -1
19 0 38 1894 416 190 70 -1 -1
19 1 38 1589 381 62 49 -1 -1
19 4 38 1205 287 65 51 -1 -1
19 5 38 1114 214 126 63 -1 -1
19 0 39 1894 416 190 70 -1 -1
19 1 39 1589 381 62 49 -1 -1
19 4 39 1205 287 65 51 -1 -1
19 5 39 1113 214 127 63 -1 -1
19 0 40 1894 416 190 70 -1 -1
19 1 40 1589 381 62 50 -1 -1
19 4 40 1205 287 65 51 -1 -1
19 5 40 1113 214 127 63 -1 -1
19 0 41 1894 416 190 70 -1 -1
19 1 41 1589 381 62 49 -1 -1
19 4 41 1205 287 65 51 -1 -1
19 5 41 1113 214 127 63 -1 -1
19 0 42 1894 416 190 70 -1 -1
19 1 42 1589 381 62 49 -1 -1
19 4 42 1205 287 65 51 -1 -1
19 5 42 1113 214 127 63 -1 -1
19 0 43 1894 416 190 70 -1 -1
19 1 43 1589 381 62 49 -1 -1
19 4 43 1205 287 65 50 -1 -1
19 5 43 1113 214 127 63 -1 -1
19 0 44 1894 416 190 70 -1 -1
19 1 44 1589 381 62 49 -1 -1
19 4 44 1205 287 65 50 -1 -1
19 5 44 1112 214 128 63 -1 -1
19 6 44 2336 444 188 97 -1 -1
19 0 45 1894 416 190 70 -1 -1
19 1 45 1589 381 62 49 -1 -1
19 4 45 1205 287 65 50 -1 -1
19 5 45 1111 214 129 63 -1 -1
19 6 45 2321 442 199 97 -1 -1
19 0 46 1894 416 190 70 -1 -1
19 1 46 1589 381 62 49 -1 -1
19 4 46 1205 287 65 50 -1 -1
19 5 46 1112 214 128 63 -1 -1
19 6 46 2345 454 164 84 -1 -1
19 0 47 1894 416 190 70 -1 -1
19 1 47 1589 381 62 49 -1 -1
19 4 47 1205 287 65 50 -1 -1
19 5 47 1112 214 128 63 -1 -1
19 6 47 2345 454 164 84 -1 -1
19 0 48 1894 416 190 70 -1 -1
19 1 48 1589 381 62 49 -1 -1
19 4 48 1205 287 65 50 -1 -1
19 5 48 1112 214 128 63 -1 -1
19 6 48 2237 439 245 94 -1 -1
19 0 49 1894 417 190 69 -1 -1
19 1 49 1589 381 62 49 -1 -1
19 4 49 1205 287 65 50 -1 -1
19 5 49 1112 214 128 63 -1 -1
19 6 49 2208 433 227 95 -1 -1
19 0 50 1894 417 190 69 -1 -1
19 6 50 2208 433 227 95 -1 -1
19 0 51 1894 417 190 69 -1 -1
19 6 51 2208 433 227 95 -1 -1
19 0 52 1894 417 190 69 -1 -1
19 6 52 2143 426 217 102 -1 -1
19 0 53 1894 417 191 69 -1 -1
19 6 53 2118 425 233 101 -1 -1
19 0 54 1894 417 191 69 -1 -1
19 6 54 2108 424 224 100 -1 -1
19 0 55 1893 417 186 70 -1 -1
19 6 55 2108 424 224 100 -1 -1
19 0 56 1893 418 161 66 -1 -1
19 6 56 2108 424 224 100 -1 -1
19 0 57 1892 419 138 64 -1 -1
19 6 57 2108 424 224 100 -1 -1
19 0 58 1892 421 123 63 -1 -1
19 6 58 2017 412 250 103 -1 -1
19 0 59 1893 422 105 62 -1 -1
19 6 59 2017 412 250 103 -1 -1
19 0 60 1892 429 101 61 -1 -1
19 6 60 2017 412 250 103 -1 -1
19 0 61 1892 429 101 61 -1 -1
19 6 61 1956 409 242 99 -1 -1
19 0 62 1892 429 101 61 -1 -1
19 6 62 1916 402 262 104 -1 -1
19 0 63 1892 429 101 61 -1 -1
19 6 63 1892 400 271 103 -1 -1
19 6 64 1881 398 262 104 -1 -1
19 6 65 1853 396 260 102 -1 -1
19 6 66 1830 393 240 105 -1 -1
19 6 67 1847 389 242 108 -1 -1
19 6 68 1825 388 257 107 -1 -1
19 6 69 1825 388 257 107 -1 -1
19 6 70 1825 388 257 107 -1 -1
19 7 70 1589 380 55 50 -1 -1
19 6 71 1760 384 202 103 -1 -1
19 7 71 1589 380 55 50 -1 -1
19 8 71 1975 421 110 67 -1 -1
19 9 71 1629 379 87 60 -1 -1
19 6 72 1760 384 202 103 -1 -1
19 7 72 1589 380 56 49 -1 -1
19 8 72 1973 421 111 67 -1 -1
19 9 72 1629 379 91 60 -1 -1
19 6 73 1760 384 202 103 -1 -1
19 7 73 1588 380 56 50 -1 -1
19 8 73 1947 419 138 68 -1 -1
19 9 73 1629 379 91 60 -1 -1
19 6 74 1760 384 202 103 -1 -1
19 7 74 1588 380 62 49 -1 -1
19 8 74 1948 418 137 67 -1 -1
19 9 74 1629 379 91 60 -1 -1
19 10 74 1694 375 102 99 -1 -1
19 7 75 1588 380 62 49 -1 -1
19 8 75 1933 418 152 67 -1 -1
19 9 75 1629 379 91 60 -1 -1
19 10 75 1678 370 132 104 -1 -1
19 11 75 1862 391 100 89 -1 -1
19 7 76 1588 380 62 49 -1 -1
19 8 76 1924 417 160 68 -1 -1
19 10 76 1668 371 126 104 -1 -1
19 11 76 1862 391 100 89 -1 -1
19 7 77 1588 380 62 49 -1 -1
19 8 77 1911 416 173 69 -1 -1
19 10 77 1668 371 126 104 -1 -1
19 11 77 1862 391 100 89 -1 -1
19 8 78 1898 416 186 69 -1 -1
19 10 78 1668 371 126 104 -1 -1
19 11 78 1862 391 100 89 -1 -1
19 8 79 1897 416 187 70 -1 -1
19 10 79 1634 376 244 100 -1 -1
19 8 80 1896 416 188 70 -1 -1
19 10 80 1613 376 214 97 -1 -1
19 8 81 1894 416 190 70 -1 -1
19 10 81 1602 377 181 96 -1 -1
19 8 82 1894 416 190 70 -1 -1
19 10 82 1602 377 181 96 -1 -1
19 8 83 1895 416 189 70 -1 -1
19 10 83 1583 373 252 100 -1 -1
19 8 84 1895 416 189 70 -1 -1
19 10 84 1576 372 246 100 -1 -1
19 8 85 1895 416 189 70 -1 -1
19 10 85 1568 372 262 100 -1 -1
19 8 86 1895 416 189 70 -1 -1
19 10 86 1563 374 259 98 -1 -1
19 8 87 1895 416 189 70 -1 -1
19 10 87 1553 374 243 97 -1 -1
19 8 88 1895 416 189 70 -1 -1
19 10 88 1547 371 228 99 -1 -1
19 8 89 1895 416 189 70 -1 -1
19 10 89 1538 372 253 98 -1 -1
19 8 90 1896 416 188 70 -1 -1
19 10 90 1536 371 249 99 -1 -1
19 8 91 1895 416 189 70 -1 -1
19 10 91 1527 373 256 98 -1 -1
19 8 92 1895 416 189 70 -1 -1
19 10 92 1515 373 252 96 -1 -1
19 8 93 1896 416 188 70 -1 -1
19 10 93 1508 370 264 99 -1 -1
19 8 94 1896 416 188 70 -1 -1
19 10 94 1502 371 270 99 -1 -1
19 8 95 1896 416 188 70 -1 -1
19 10 95 1495 371 274 99 -1 -1
19 8 96 1896 416 188 70 -1 -1
19 10 96 1490 372 275 98 -1 -1
19 8 97 1896 416 188 70 -1 -1
19 10 97 1488 371 259 99 -1 -1
19 8 98 1896 416 188 70 -1 -1
19 10 98 1471 371 257 98 -1 -1
19 12 98 1728 377 105 71 -1 -1
19 8 99 1896 416 188 70 -1 -1
19 10 99 1463 372 256 97 -1 -1
19 12 99 1728 377 105 71 -1 -1
19 8 100 1895 416 189 70 -1 -1
19 10 100 1450 372 234 97 -1 -1
19 12 100 1728 377 105 71 -1 -1
19 8 101 1895 416 189 70 -1 -1
19 10 101 1446 370 244 99 -1 -1
19 12 101 1728 377 105 71 -1 -1
19 8 102 1895 416 189 70 -1 -1
19 10 102 1437 370 259 100 -1 -1
19 8 103 1895 416 189 70 -1 -1
19 10 103 1428 370 258 101 -1 -1
19 8 104 1895 416 189 70 -1 -1
19 10 104 1424 371 255 101 -1 -1
19 8 105 1895 416 189 70 -1 -1
19 10 105 1412 371 239 102 -1 -1
19 8 106 1895 416 189 70 -1 -1
19 10 106 1402 370 255 104 -1 -1
19 8 107 1895 416 189 70 -1 -1
19 10 107 1395 371 232 105 -1 -1
19 8 108 1895 416 189 70 -1 -1
19 10 108 1386 372 246 106 -1 -1
19 8 109 1895 416 189 70 -1 -1
19 10 109 1382 373 238 106 -1 -1
19 8 110 1895 416 189 70 -1 -1
19 10 110 1377 374 237 107 -1 -1
19 13 110 1576 385 70 46 -1 -1
19 8 111 1895 416 189 70 -1 -1
19 10 111 1372 375 230 107 -1 -1
19 13 111 1590 386 68 45 -1 -1
19 8 112 1895 416 189 70 -1 -1
19 10 112 1370 375 224 109 -1 -1
19 13 112 1590 386 68 45 -1 -1
19 8 113 1895 416 189 70 -1 -1
19 10 113 1367 378 219 109 -1 -1
19 13 113 1590 386 68 45 -1 -1
19 8 114 1895 416 189 70 -1 -1
19 10 114 1362 380 215 109 -1 -1
19 13 114 1587 379 69 46 -1 -1
19 8 115 1895 416 189 70 -1 -1
19 10 115 1360 379 212 112 -1 -1
19 13 115 1588 379 67 48 -1 -1
19 8 116 1895 416 189 70 -1 -1
19 10 116 1359 382 203 112 -1 -1
19 13 116 1590 380 63 48 -1 -1
19 8 117 1895 416 189 70 -1 -1
19 10 117 1356 384 197 112 -1 -1
19 13 117 1591 381 60 47 -1 -1
19 8 118 1895 416 189 70 -1 -1
19 10 118 1356 382 186 116 -1 -1
19 13 118 1591 381 59 47 -1 -1
19 8 119 1895 416 189 70 -1 -1
19 10 119 1353 383 183 117 -1 -1
19 13 119 1591 381 59 47 -1 -1
19 8 120 1895 416 189 70 -1 -1
19 10 120 1355 382 179 121 -1 -1
19 13 120 1591 382 59 46 -1 -1
19 8 121 1895 416 189 70 -1 -1
19 10 121 1357 384 167 120 -1 -1
19 13 121 1590 381 58 46 -1 -1
19 8 122 1895 416 189 70 -1 -1
19 10 122 1356 386 170 122 -1 -1
19 13 122 1590 381 60 46 -1 -1
19 8 123 1895 416 189 70 -1 -1
19 10 123 1357 387 163 124 -1 -1
19 13 123 1590 380 61 47 -1 -1
19 8 124 1895 416 189 70 -1 -1
19 10 124 1359 389 157 124 -1 -1
19 13 124 1591 380 59 47 -1 -1
19 8 125 1895 416 189 70 -1 -1
19 10 125 1362 390 151 124 -1 -1
19 13 125 1590 379 62 48 -1 -1
19 8 126 1895 416 189 70 -1 -1
19 10 126 1362 392 146 128 -1 -1
19 13 126 1591 379 60 49 -1 -1
19 8 127 1895 416 189 70 -1 -1
19 10 127 1364 393 142 130 -1 -1
19 13 127 1591 379 60 48 -1 -1
19 8 128 1895 416 189 70 -1 -1
19 10 128 1366 425 137 101 -1 -1
19 13 128 1591 379 61 49 -1 -1
19 8 129 1895 416 189 70 -1 -1
19 10 129 1366 410 139 118 -1 -1
19 13 129 1591 379 61 49 -1 -1
19 14 129 1367 396 141 131 -1 -1
19 8 130 1895 416 189 70 -1 -1
19 10 130 1369 429 138 104 -1 -1
19 13 130 1590 379 62 49 -1 -1
19 14 130 1367 396 141 131 -1 -1
19 8 131 1895 417 189 69 -1 -1
19 10 131 1371 408 140 129 -1 -1
19 13 131 1590 379 62 49 -1 -1
19 14 131 1367 396 141 131 -1 -1
19 8 132 1895 417 189 69 -1 -1
19 10 132 1373 402 144 139 -1 -1
19 13 132 1590 379 62 49 -1 -1
19 14 132 1367 396 141 131 -1 -1
19 8 133 1896 417 188 69 -1 -1
19 10 133 1375 417 142 127 -1 -1
19 13 133 1588 379 52 47 -1 -1
19 8 134 1896 417 188 69 -1 -1
19 10 134 1377 423 143 127 -1 -1
19 13 134 1588 379 52 47 -1 -1
19 15 134 781 1148 443 227 -1 -1
19 8 135 1896 417 188 69 -1 -1
19 10 135 1379 414 146 139 -1 -1
19 13 135 1588 380 52 47 -1 -1
19 15 135 781 1148 443 227 -1 -1
19 8 136 1896 417 188 69 -1 -1
19 10 136 1377 416 152 140 -1 -1
19 13 136 1588 380 52 47 -1 -1
19 15 136 781 1148 443 227 -1 -1
19 16 136 1378 414 152 142 -1 -1
19 8 137 1896 417 188 69 -1 -1
19 10 137 1380 415 154 145 -1 -1
19 13 137 1588 380 52 47 -1 -1
19 15 137 781 1148 443 227 -1 -1
19 16 137 1378 414 152 142 -1 -1
19 8 138 1896 417 188 69 -1 -1
19 10 138 1384 433 154 132 -1 -1
19 13 138 1588 380 52 47 -1 -1
19 16 138 1378 414 152 142 -1 -1
19 8 139 1896 417 188 69 -1 -1
19 10 139 1384 427 158 143 -1 -1
19 16 139 1378 414 152 142 -1 -1
19 8 140 1896 417 188 69 -1 -1
19 10 140 1384 421 160 154 -1 -1
19 8 141 1895 417 189 69 -1 -1
19 10 141 1383 420 168 159 -1 -1
19 17 141 1588 380 55 49 -1 -1
19 8 142 1895 417 189 69 -1 -1
19 10 142 1384 422 168 163 -1 -1
19 17 142 1588 380 55 49 -1 -1
19 8 143 1895 417 189 69 -1 -1
19 10 143 1385 424 169 167 -1 -1
19 17 143 1589 380 53 49 -1 -1
19 8 144 1895 417 189 69 -1 -1
19 10 144 1386 425 171 168 -1 -1
19 17 144 1589 380 53 50 -1 -1
19 8 145 1895 417 189 69 -1 -1
19 10 145 1388 432 174 168 -1 -1
19 17 145 1589 382 56 49 -1 -1
19 8 146 1895 417 189 68 -1 -1
19 10 146 1389 433 175 172 -1 -1
19 17 146 1589 382 56 49 -1 -1
19 18 146 1388 434 177 172 -1 -1
19 8 147 1895 417 189 69 -1 -1
19 10 147 1388 438 184 173 -1 -1
19 17 147 1589 381 56 50 -1 -1
19 18 147 1388 434 177 172 -1 -1
19 8 148 1895 417 189 69 -1 -1
19 10 148 1391 440 184 176 -1 -1
19 17 148 1589 381 56 50 -1 -1
19 18 148 1388 434 177 172 -1 -1
19 8 149 1895 417 189 69 -1 -1
19 10 149 1393 444 183 178 -1 -1
19 17 149 1589 381 56 50 -1 -1
19 18 149 1388 434 177 172 -1 -1
19 8 150 1895 417 189 69 -1 -1
19 10 150 1392 446 187 181 -1 -1
19 17 150 1589 381 55 49 -1 -1
19 8 151 1895 417 189 69 -1 -1
19 10 151 1393 451 189 183 -1 -1
19 17 151 1589 380 58 50 -1 -1
19 8 152 1895 417 189 69 -1 -1
19 10 152 1395 452 191 189 -1 -1
19 17 152 1589 380 58 50 -1 -1
19 8 153 1895 417 189 69 -1 -1
19 10 153 1396 456 195 191 -1 -1
19 17 153 1589 380 59 51 -1 -1
19 8 154 1895 417 189 69 -1 -1
19 10 154 1397 458 198 196 -1 -1
19 17 154 1589 380 59 50 -1 -1
19 8 155 1895 417 189 69 -1 -1
19 10 155 1398 460 199 198 -1 -1
19 17 155 1589 381 59 50 -1 -1
19 8 156 1895 417 189 69 -1 -1
19 10 156 1399 465 206 201 -1 -1
19 17 156 1589 380 59 51 -1 -1
19 8 157 1895 417 189 69 -1 -1
19 10 157 1401 468 211 204 -1 -1
19 17 157 1589 380 58 50 -1 -1
19 8 158 1895 417 189 69 -1 -1
19 10 158 1402 470 214 208 -1 -1
19 17 158 1589 380 58 50 -1 -1
19 8 159 1895 417 189 69 -1 -1
19 10 159 1404 471 218 215 -1 -1
19 17 159 1589 380 58 50 -1 -1
19 8 160 1895 417 189 69 -1 -1
19 10 160 1406 478 222 212 -1 -1
19 17 160 1589 380 58 50 -1 -1
19 8 161 1895 417 189 69 -1 -1
19 10 161 1406 478 224 221 -1 -1
19 17 161 1588 380 64 51 -1 -1
19 8 162 1895 417 189 69 -1 -1
19 10 162 1408 481 228 224 -1 -1
19 17 162 1588 380 64 51 -1 -1
19 8 163 1895 417 189 69 -1 -1
19 10 163 1409 483 233 226 -1 -1
19 17 163 1588 380 64 51 -1 -1
19 19 163 990 934 446 307 -1 -1
19 8 164 1895 417 189 69 -1 -1
19 10 164 1410 484 241 231 -1 -1
19 17 164 1588 380 64 51 -1 -1
19 19 164 990 934 446 307 -1 -1
19 8 165 1895 417 189 69 -1 -1
19 10 165 1414 487 243 234 -1 -1
19 17 165 1588 380 64 51 -1 -1
19 19 165 990 934 446 307 -1 -1
19 8 166 1895 417 189 69 -1 -1
19 10 166 1414 489 248 239 -1 -1
19 17 166 1589 381 64 51 -1 -1
19 19 166 990 934 446 307 -1 -1
19 8 167 1895 417 189 69 -1 -1
19 10 167 1415 494 254 243 -1 -1
19 17 167 1589 381 64 51 -1 -1
19 8 168 1895 417 189 69 -1 -1
19 10 168 1418 497 257 244 -1 -1
19 17 168 1589 381 64 51 -1 -1
19 8 169 1895 416 189 70 -1 -1
19 10 169 1423 503 257 243 -1 -1
19 17 169 1590 381 64 51 -1 -1
19 8 170 1895 416 189 70 -1 -1
19 10 170 1425 508 261 247 -1 -1
19 17 170 1590 381 65 50 -1 -1
19 8 171 1894 416 190 70 -1 -1
19 10 171 1428 509 267 253 -1 -1
19 17 171 1590 381 65 50 -1 -1
19 8 172 1894 416 190 70 -1 -1
19 10 172 1429 510 271 256 -1 -1
19 17 172 1590 381 65 50 -1 -1
19 8 173 1894 416 190 70 -1 -1
19 10 173 1431 512 278 263 -1 -1
19 17 173 1590 381 65 50 -1 -1
19 8 174 1894 416 190 70 -1 -1
19 10 174 1432 517 280 264 -1 -1
19 8 175 1894 416 190 70 -1 -1
19 10 175 1435 519 287 270 -1 -1
19 8 176 1894 416 190 70 -1 -1
19 10 176 1436 521 293 273 -1 -1
19 8 177 1894 416 190 70 -1 -1
19 10 177 1439 524 295 275 -1 -1
19 8 178 1894 416 190 70 -1 -1
19 10 178 1440 527 301 274 -1 -1
19 8 179 1894 416 190 70 -1 -1
19 10 179 1442 531 305 275 -1 -1
19 8 180 1894 416 190 70 -1 -1
19 10 180 1440 536 313 288 -1 -1
19 8 181 1894 417 190 69 -1 -1
19 10 181 1442 536 319 296 -1 -1
19 8 182 1894 417 190 69 -1 -1
19 10 182 1445 539 324 300 -1 -1
19 8 183 1894 417 190 69 -1 -1
19 10 183 1453 543 322 294 -1 -1
19 8 184 1894 417 190 69 -1 -1
19 10 184 1453 545 328 297 -1 -1
19 8 185 1894 417 190 69 -1 -1
19 10 185 1456 547 331 298 -1 -1
19 8 186 1894 417 190 69 -1 -1
19 10 186 1457 549 340 315 -1 -1
19 8 187 1894 417 190 69 -1 -1
19 10 187 1460 551 346 319 -1 -1
19 8 188 1894 417 190 69 -1 -1
19 10 188 1461 550 352 324 -1 -1
19 8 189 1894 417 190 69 -1 -1
19 10 189 1464 558 357 315 -1 -1
19 8 190 1894 417 190 69 -1 -1
19 10 190 1469 566 354 312 -1 -1
19 8 191 1895 417 189 69 -1 -1
19 10 191 1470 568 362 316 -1 -1
19 8 192 1894 417 190 69 -1 -1
19 10 192 1471 577 370 327 -1 -1
19 8 193 1895 417 189 69 -1 -1
19 10 193 1473 575 379 333 -1 -1
19 20 193 1590 380 55 50 -1 -1
19 8 194 1895 417 189 69 -1 -1
19 10 194 1473 575 379 333 -1 -1
19 20 194 1590 380 55 50 -1 -1
19 8 195 1895 417 189 69 -1 -1
19 10 195 1474 575 393 337 -1 -1
19 20 195 1590 380 55 50 -1 -1
19 8 196 1895 417 189 69 -1 -1
19 10 196 1478 577 393 341 -1 -1
19 20 196 1590 380 54 50 -1 -1
19 8 197 1895 417 189 69 -1 -1
19 10 197 1480 579 395 343 -1 -1
19 20 197 1591 380 53 50 -1 -1
19 8 198 1895 417 189 69 -1 -1
19 10 198 1480 583 403 355 -1 -1
19 20 198 1591 380 53 50 -1 -1
19 8 199 1895 417 189 69 -1 -1
19 10 199 1481 586 409 355 -1 -1
19 20 199 1591 380 53 50 -1 -1
19 8 200 1895 417 189 69 -1 -1
19 10 200 1485 592 412 351 -1 -1
19 20 200 1591 380 53 49 -1 -1
19 8 201 1895 417 189 69 -1 -1
19 10 201 1489 593 410 352 -1 -1
19 20 201 1591 380 53 49 -1 -1
19 8 202 1895 417 189 69 -1 -1
19 10 202 1489 589 405 353 -1 -1
19 20 202 1591 380 53 49 -1 -1
19 8 203 1895 417 189 69 -1 -1
19 10 203 1490 596 414 354 -1 -1
19 20 203 1591 380 53 49 -1 -1
19 8 204 1894 417 190 69 -1 -1
19 10 204 1493 598 411 352 -1 -1
19 8 205 1894 417 189 69 -1 -1
19 10 205 1492 597 413 356 -1 -1
19 21 205 1589 379 64 51 -1 -1
19 8 206 1894 417 189 69 -1 -1
19 10 206 1493 599 413 353 -1 -1
19 21 206 1590 379 63 51 -1 -1
19 8 207 1894 417 189 69 -1 -1
19 10 207 1492 598 414 356 -1 -1
19 21 207 1590 379 62 50 -1 -1
19 8 208 1894 417 189 69 -1 -1
19 10 208 1492 599 415 356 -1 -1
19 21 208 1590 380 62 50 -1 -1
19 8 209 1895 417 189 69 -1 -1
19 10 209 1492 599 417 357 -1 -1
19 21 209 1590 380 61 50 -1 -1
19 8 210 1895 417 189 69 -1 -1
19 10 210 1492 599 417 357 -1 -1
19 21 210 1590 380 61 50 -1 -1
19 8 211 1895 417 189 69 -1 -1
19 10 211 1492 601 416 356 -1 -1
19 21 211 1590 380 61 50 -1 -1
19 8 212 1895 417 189 69 -1 -1
19 10 212 1492 601 416 356 -1 -1
19 21 212 1590 380 61 50 -1 -1
19 22 212 1115 214 125 63 -1 -1
19 8 213 1895 417 189 69 -1 -1
19 10 213 1492 603 415 353 -1 -1
19 21 213 1590 380 61 50 -1 -1
19 22 213 1115 214 125 63 -1 -1
19 8 214 1895 417 189 69 -1 -1
19 10 214 1492 602 415 353 -1 -1
19 22 214 1115 214 125 63 -1 -1
19 8 215 1895 417 189 69 -1 -1
19 10 215 1492 602 415 353 -1 -1
19 22 215 1115 214 125 63 -1 -1
19 8 216 1895 417 189 69 -1 -1
19 10 216 1492 602 415 353 -1 -1
19 8 217 1895 416 189 70 -1 -1
19 10 217 1491 602 416 354 -1 -1
19 8 218 1895 416 189 70 -1 -1
19 10 218 1491 602 416 354 -1 -1
19 8 219 1895 416 189 70 -1 -1
19 10 219 1491 602 416 354 -1 -1
19 8 220 1895 416 189 70 -1 -1
19 10 220 1491 602 416 354 -1 -1
19 8 221 1895 417 189 69 -1 -1
19 10 221 1492 600 416 355 -1 -1
19 8 222 1895 417 189 69 -1 -1
19 10 222 1492 600 416 355 -1 -1
19 8 223 1895 417 189 69 -1 -1
19 10 223 1492 600 416 355 -1 -1
19 8 224 1895 417 189 69 -1 -1
19 10 224 1492 600 416 355 -1 -1
19 8 225 1895 417 189 69 -1 -1
19 10 225 1492 600 416 355 -1 -1
19 8 226 1895 417 189 69 -1 -1
19 10 226 1492 599 416 356 -1 -1
19 23 226 1589 380 56 50 -1 -1
19 8 227 1895 417 189 69 -1 -1
19 10 227 1492 600 416 355 -1 -1
19 23 227 1589 380 56 50 -1 -1
19 8 228 1895 417 189 69 -1 -1
19 10 228 1492 600 416 355 -1 -1
19 23 228 1589 381 56 49 -1 -1
19 8 229 1894 417 190 69 -1 -1
19 10 229 1492 600 417 356 -1 -1
19 23 229 1589 381 56 49 -1 -1
19 8 230 1894 417 190 69 -1 -1
19 10 230 1492 600 417 356 -1 -1
19 23 230 1589 381 59 51 -1 -1
19 8 231 1895 417 189 69 -1 -1
19 10 231 1493 601 416 355 -1 -1
19 23 231 1590 380 56 51 -1 -1
19 8 232 1895 417 189 69 -1 -1
19 10 232 1493 601 416 355 -1 -1
19 23 232 1590 380 57 51 -1 -1
19 8 233 1895 417 189 69 -1 -1
19 10 233 1493 601 416 355 -1 -1
19 23 233 1590 380 56 51 -1 -1
19 8 234 1895 417 189 69 -1 -1
19 10 234 1493 601 416 355 -1 -1
19 23 234 1590 380 55 51 -1 -1
19 8 235 1895 417 189 69 -1 -1
19 10 235 1493 601 416 355 -1 -1
19 23 235 1590 380 56 51 -1 -1
19 8 236 1895 417 189 69 -1 -1
19 10 236 1493 601 416 355 -1 -1
19 23 236 1590 380 56 51 -1 -1
19 8 237 1895 417 189 69 -1 -1
19 10 237 1493 600 416 355 -1 -1
19 23 237 1590 380 56 51 -1 -1
19 8 238 1895 417 189 69 -1 -1
19 10 238 1493 601 416 355 -1 -1
19 23 238 1590 380 56 51 -1 -1
19 8 239 1895 417 189 69 -1 -1
19 10 239 1493 601 416 355 -1 -1
19 8 240 1895 417 189 69 -1 -1
19 10 240 1493 601 416 355 -1 -1
19 24 240 1590 380 55 51 -1 -1
19 8 241 1895 416 189 70 -1 -1
19 10 241 1492 599 417 356 -1 -1
19 24 241 1590 380 62 51 -1 -1
19 8 242 1895 416 189 70 -1 -1
19 10 242 1492 599 417 356 -1 -1
19 24 242 1590 380 62 51 -1 -1
19 8 243 1895 416 189 70 -1 -1
19 10 243 1492 599 417 356 -1 -1
19 24 243 1590 380 62 51 -1 -1
19 8 244 1895 416 189 70 -1 -1
19 10 244 1492 599 417 356 -1 -1
19 24 244 1590 380 62 51 -1 -1
19 8 245 1895 416 189 70 -1 -1
19 10 245 1492 599 417 356 -1 -1
19 24 245 1590 380 62 51 -1 -1
19 8 246 1895 416 189 70 -1 -1
19 10 246 1492 599 417 356 -1 -1
19 8 247 1895 416 189 70 -1 -1
19 10 247 1492 599 417 356 -1 -1
19 8 248 1895 416 189 70 -1 -1
19 10 248 1492 599 417 356 -1 -1
19 8 249 1895 416 189 70 -1 -1
19 10 249 1492 599 417 356 -1 -1
19 8 250 1895 416 189 70 -1 -1
19 10 250 1492 599 417 356 -1 -1
19 8 251 1895 416 189 70 -1 -1
19 10 251 1492 599 417 356 -1 -1
19 25 251 1590 381 56 50 -1 -1
19 8 252 1895 416 189 70 -1 -1
19 10 252 1492 599 417 356 -1 -1
19 25 252 1590 381 56 50 -1 -1
19 8 253 1895 416 189 70 -1 -1
19 10 253 1492 599 417 357 -1 -1
19 25 253 1590 380 54 51 -1 -1
19 8 254 1895 416 189 70 -1 -1
19 10 254 1492 599 417 357 -1 -1
19 25 254 1590 380 54 51 -1 -1
19 8 255 1895 416 189 70 -1 -1
19 10 255 1493 599 416 357 -1 -1
19 25 255 1590 380 54 51 -1 -1
19 8 256 1895 416 189 70 -1 -1
19 10 256 1493 599 416 357 -1 -1
19 25 256 1590 380 54 51 -1 -1
19 8 257 1895 416 189 70 -1 -1
19 10 257 1493 599 416 356 -1 -1
19 25 257 1590 380 54 51 -1 -1
19 8 258 1895 416 189 70 -1 -1
19 10 258 1493 599 417 357 -1 -1
19 25 258 1590 380 54 51 -1 -1
19 8 259 1895 416 189 70 -1 -1
19 10 259 1493 599 416 357 -1 -1
19 8 260 1895 416 189 70 -1 -1
19 10 260 1493 599 417 357 -1 -1
19 8 261 1895 416 189 70 -1 -1
19 10 261 1493 599 416 357 -1 -1
19 8 262 1895 416 189 70 -1 -1
19 10 262 1493 599 416 357 -1 -1
19 8 263 1895 416 189 70 -1 -1
19 10 263 1491 599 417 356 -1 -1
19 26 263 1589 379 64 52 -1 -1
19 8 264 1895 416 189 70 -1 -1
19 10 264 1491 599 416 356 -1 -1
19 26 264 1589 379 66 53 -1 -1
19 8 265 1895 416 189 70 -1 -1
19 10 265 1491 599 417 356 -1 -1
19 26 265 1590 379 67 53 -1 -1
19 8 266 1895 416 189 70 -1 -1
19 10 266 1492 599 408 274 -1 -1
19 26 266 1590 379 66 53 -1 -1
19 8 267 1895 416 189 70 -1 -1
19 10 267 1491 599 413 268 -1 -1
19 26 267 1590 379 65 53 -1 -1
19 8 268 1895 416 189 70 -1 -1
19 10 268 1493 599 410 289 -1 -1
19 26 268 1590 379 65 53 -1 -1
19 8 269 1895 416 189 70 -1 -1
19 10 269 1491 599 418 357 -1 -1
19 26 269 1590 379 65 53 -1 -1
19 27 269 127 928 384 317 -1 -1
19 8 270 1895 416 189 70 -1 -1
19 10 270 1491 599 418 357 -1 -1
19 26 270 1590 379 65 53 -1 -1
19 27 270 127 928 384 317 -1 -1
19 8 271 1895 416 189 70 -1 -1
19 10 271 1491 599 418 357 -1 -1
19 26 271 1590 379 66 53 -1 -1
19 27 271 127 928 384 317 -1 -1
19 8 272 1895 416 189 70 -1 -1
19 10 272 1491 599 418 357 -1 -1
19 26 272 1590 379 66 53 -1 -1
19 27 272 127 928 384 317 -1 -1
19 28 272 623 466 195 87 -1 -1
19 8 273 1895 417 189 69 -1 -1
19 10 273 1494 600 415 355 -1 -1
19 26 273 1590 379 59 51 -1 -1
19 28 273 623 468 196 82 -1 -1
19 8 274 1895 417 189 69 -1 -1
19 10 274 1494 601 416 354 -1 -1
19 26 274 1590 379 59 51 -1 -1
19 28 274 623 468 196 82 -1 -1
19 8 275 1895 417 189 69 -1 -1
19 10 275 1494 601 416 354 -1 -1
19 26 275 1590 379 59 51 -1 -1
19 28 275 623 468 196 82 -1 -1
19 8 276 1895 417 189 69 -1 -1
19 10 276 1494 601 416 354 -1 -1
19 26 276 1590 379 59 52 -1 -1
19 28 276 623 468 196 82 -1 -1
19 8 277 1895 417 189 69 -1 -1
19 10 277 1494 601 415 353 -1 -1
19 26 277 1590 379 59 52 -1 -1
19 8 278 1895 417 189 69 -1 -1
19 10 278 1494 601 415 353 -1 -1
19 26 278 1590 379 59 52 -1 -1
19 8 279 1895 417 189 69 -1 -1
19 10 279 1494 601 415 353 -1 -1
19 26 279 1590 379 59 52 -1 -1
19 8 280 1895 417 189 69 -1 -1
19 10 280 1494 601 415 353 -1 -1
19 8 281 1895 417 189 69 -1 -1
19 10 281 1494 601 415 353 -1 -1
19 8 282 1895 417 189 69 -1 -1
19 10 282 1494 601 415 353 -1 -1
19 8 283 1895 417 189 69 -1 -1
19 10 283 1493 600 414 354 -1 -1
19 8 284 1895 417 189 69 -1 -1
19 10 284 1493 600 414 354 -1 -1
19 8 285 1895 417 189 69 -1 -1
19 10 285 1493 600 414 354 -1 -1
19 8 286 1895 417 189 69 -1 -1
19 10 286 1493 599 414 355 -1 -1
19 8 287 1895 417 189 69 -1 -1
19 10 287 1493 600 414 354 -1 -1
19 8 288 1895 417 189 69 -1 -1
19 10 288 1492 600 415 355 -1 -1
19 8 289 1895 417 189 68 -1 -1
19 10 289 1493 600 414 354 -1 -1
19 8 290 1895 417 189 68 -1 -1
19 10 290 1493 600 414 354 -1 -1
19 8 291 1895 417 189 68 -1 -1
19 10 291 1493 600 414 354 -1 -1
19 8 292 1895 417 189 68 -1 -1
19 10 292 1493 600 414 354 -1 -1
19 8 293 1895 417 189 68 -1 -1
19 10 293 1493 600 414 354 -1 -1
19 8 294 1895 417 189 68 -1 -1
19 10 294 1493 600 414 354 -1 -1
19 8 295 1895 417 189 69 -1 -1
19 10 295 1493 600 414 354 -1 -1
19 8 296 1895 417 189 68 -1 -1
19 10 296 1493 599 414 355 -1 -1
19 8 297 1895 417 189 68 -1 -1
19 10 297 1493 600 414 354 -1 -1
19 8 298 1895 417 189 68 -1 -1
19 10 298 1493 599 414 355 -1 -1
19 8 299 1895 417 189 68 -1 -1
19 10 299 1493 600 414 354 -1 -1
19 8 300 1895 417 189 68 -1 -1
19 10 300 1493 600 414 354 -1 -1
19 8 301 1895 417 189 68 -1 -1
19 10 301 1493 600 414 354 -1 -1
19 8 302 1895 417 189 68 -1 -1
19 10 302 1493 600 414 354 -1 -1
19 8 303 1895 417 189 68 -1 -1
19 10 303 1493 600 414 354 -1 -1
19 8 304 1895 417 189 68 -1 -1
19 10 304 1493 600 414 354 -1 -1
19 8 305 1895 417 189 68 -1 -1
19 10 305 1493 600 414 354 -1 -1
19 8 306 1895 417 189 68 -1 -1
19 10 306 1493 600 414 354 -1 -1
19 8 307 1895 417 189 68 -1 -1
19 10 307 1493 600 414 354 -1 -1
19 8 308 1895 417 189 68 -1 -1
19 10 308 1493 600 414 354 -1 -1
19 8 309 1895 417 189 68 -1 -1
19 10 309 1493 600 414 354 -1 -1
19 8 310 1895 417 189 68 -1 -1
19 10 310 1493 600 414 354 -1 -1
19 8 311 1895 417 189 68 -1 -1
19 10 311 1493 600 414 354 -1 -1
19 8 312 1895 417 189 68 -1 -1
19 10 312 1493 599 414 356 -1 -1
19 8 313 1895 417 189 68 -1 -1
19 10 313 1493 599 414 356 -1 -1
19 8 314 1895 417 189 68 -1 -1
19 10 314 1493 600 414 355 -1 -1
19 8 315 1895 417 189 68 -1 -1
19 10 315 1493 600 414 355 -1 -1
19 8 316 1895 417 189 68 -1 -1
19 10 316 1492 600 415 355 -1 -1
19 8 317 1894 417 190 69 -1 -1
19 10 317 1493 600 415 355 -1 -1
19 8 318 1894 417 190 69 -1 -1
19 10 318 1492 600 416 355 -1 -1
19 8 319 1894 417 190 69 -1 -1
19 10 319 1492 600 416 355 -1 -1
19 29 319 1001 1735 410 185 -1 -1
19 8 320 1894 417 190 69 -1 -1
19 10 320 1492 600 416 355 -1 -1
19 29 320 1517 1769 415 151 -1 -1
19 30 320 565 1119 523 234 -1 -1
19 8 321 1894 417 190 69 -1 -1
19 10 321 1493 600 415 355 -1 -1
19 29 321 1517 1769 415 151 -1 -1
19 30 321 565 1119 523 234 -1 -1
19 31 321 773 1724 431 196 -1 -1
19 8 322 1894 417 190 69 -1 -1
19 10 322 1493 600 415 355 -1 -1
19 29 322 1517 1769 415 151 -1 -1
19 30 322 565 1119 523 234 -1 -1
19 31 322 1289 1749 399 171 -1 -1
19 8 323 1894 417 190 69 -1 -1
19 10 323 1493 600 415 355 -1 -1
19 29 323 1517 1769 415 151 -1 -1
19 30 323 565 1119 523 234 -1 -1
19 31 323 1289 1749 399 171 -1 -1
19 8 324 1894 417 190 68 -1 -1
19 10 324 1493 599 415 356 -1 -1
19 31 324 1289 1749 399 171 -1 -1
19 32 324 1590 380 63 52 -1 -1
19 8 325 1894 418 190 68 -1 -1
19 10 325 1494 600 415 355 -1 -1
19 31 325 1289 1749 399 171 -1 -1
19 32 325 1590 380 63 52 -1 -1
19 8 326 1894 418 190 68 -1 -1
19 10 326 1494 600 415 355 -1 -1
19 32 326 1591 381 58 50 -1 -1
19 8 327 1895 417 189 69 -1 -1
19 10 327 1493 600 415 354 -1 -1
19 32 327 1590 381 51 48 -1 -1
19 8 328 1894 417 190 69 -1 -1
19 10 328 1494 600 414 354 -1 -1
19 32 328 1590 381 52 48 -1 -1
19 8 329 1894 417 190 69 -1 -1
19 10 329 1494 600 413 354 -1 -1
19 32 329 1590 381 52 48 -1 -1
19 8 330 1894 417 190 69 -1 -1
19 10 330 1493 600 414 354 -1 -1
19 32 330 1590 381 52 48 -1 -1
19 8 331 1894 417 190 69 -1 -1
19 10 331 1493 600 414 354 -1 -1
19 32 331 1590 381 53 48 -1 -1
19 8 332 1894 417 190 69 -1 -1
19 10 332 1493 599 415 355 -1 -1
19 32 332 1590 382 53 48 -1 -1
19 8 333 1894 417 190 69 -1 -1
19 10 333 1493 599 415 355 -1 -1
19 32 333 1590 381 54 49 -1 -1
19 8 334 1895 417 189 69 -1 -1
19 10 334 1493 600 415 353 -1 -1
19 32 334 1590 380 53 50 -1 -1
19 8 335 1894 417 190 69 -1 -1
19 10 335 1494 600 414 353 -1 -1
19 32 335 1589 380 53 49 -1 -1
19 8 336 1894 417 190 69 -1 -1
19 10 336 1493 599 416 354 -1 -1
19 32 336 1589 380 53 49 -1 -1
19 8 337 1895 417 189 69 -1 -1
19 10 337 1492 599 416 355 -1 -1
19 32 337 1589 379 56 51 -1 -1
19 8 338 1895 417 189 69 -1 -1
19 10 338 1492 599 416 355 -1 -1
19 32 338 1589 379 57 51 -1 -1
19 8 339 1895 417 189 69 -1 -1
19 10 339 1492 599 416 355 -1 -1
19 32 339 1589 379 57 51 -1 -1
19 8 340 1895 417 189 69 -1 -1
19 10 340 1492 599 416 355 -1 -1
19 32 340 1589 379 58 51 -1 -1
19 8 341 1895 417 189 69 -1 -1
19 10 341 1492 599 416 355 -1 -1
19 32 341 1589 379 58 51 -1 -1
19 8 342 1895 417 189 69 -1 -1
19 10 342 1492 599 416 355 -1 -1
19 32 342 1589 379 58 51 -1 -1
19 8 343 1895 417 189 69 -1 -1
19 10 343 1492 599 416 355 -1 -1
19 32 343 1589 379 57 51 -1 -1
19 8 344 1895 417 189 69 -1 -1
19 10 344 1492 599 416 355 -1 -1
19 32 344 1589 379 57 51 -1 -1
19 8 345 1895 417 189 69 -1 -1
19 10 345 1492 599 416 355 -1 -1
19 32 345 1589 379 58 51 -1 -1
19 8 346 1895 417 189 69 -1 -1
19 10 346 1492 599 416 355 -1 -1
19 32 346 1589 379 57 51 -1 -1
19 8 347 1894 417 190 69 -1 -1
19 10 347 1491 600 418 354 -1 -1
19 32 347 1590 380 55 51 -1 -1
19 8 348 1895 417 189 69 -1 -1
19 10 348 1491 600 417 354 -1 -1
19 32 348 1590 379 55 52 -1 -1
19 8 349 1895 417 189 69 -1 -1
19 10 349 1492 600 417 354 -1 -1
19 32 349 1590 379 55 52 -1 -1
19 8 350 1895 417 189 69 -1 -1
19 10 350 1492 600 417 354 -1 -1
19 32 350 1590 379 55 52 -1 -1
19 8 351 1895 417 189 69 -1 -1
19 10 351 1492 600 417 354 -1 -1
19 32 351 1590 379 55 52 -1 -1
19 8 352 1895 417 189 69 -1 -1
19 10 352 1492 600 416 354 -1 -1
19 8 353 1894 417 190 69 -1 -1
19 10 353 1492 600 416 354 -1 -1
19 8 354 1894 417 190 69 -1 -1
19 10 354 1492 600 416 354 -1 -1
19 8 355 1894 417 190 69 -1 -1
19 10 355 1492 600 416 355 -1 -1
19 8 356 1894 417 190 69 -1 -1
19 10 356 1492 600 416 356 -1 -1
19 8 357 1895 417 189 69 -1 -1
19 10 357 1491 599 418 351 -1 -1
19 8 358 1895 417 189 69 -1 -1
19 10 358 1491 598 415 339 -1 -1
19 33 358 1590 380 57 51 -1 -1
19 8 359 1895 417 189 69 -1 -1
19 10 359 1491 599 417 356 -1 -1
19 33 359 1590 380 57 51 -1 -1
19 34 359 520 968 463 327 -1 -1
19 8 360 1895 417 189 69 -1 -1
19 10 360 1492 600 416 354 -1 -1
19 33 360 1590 380 57 51 -1 -1
19 34 360 520 968 463 327 -1 -1
19 8 361 1895 417 189 69 -1 -1
19 10 361 1493 600 415 354 -1 -1
19 33 361 1590 380 63 53 -1 -1
19 34 361 520 968 463 327 -1 -1
19 8 362 1895 417 189 69 -1 -1
19 10 362 1493 600 415 353 -1 -1
19 33 362 1590 380 64 53 -1 -1
19 34 362 520 968 463 327 -1 -1
19 8 363 1895 417 189 69 -1 -1
19 10 363 1493 600 415 353 -1 -1
19 33 363 1590 380 64 53 -1 -1
19 8 364 1895 417 189 69 -1 -1
19 10 364 1493 599 415 354 -1 -1
19 33 364 1590 380 64 52 -1 -1
19 35 364 0 860 406 329 -1 -1
19 36 364 0 868 412 302 -1 -1
19 8 365 1895 417 189 69 -1 -1
19 10 365 1493 599 416 354 -1 -1
19 33 365 1590 380 64 52 -1 -1
19 35 365 0 860 406 329 -1 -1
19 36 365 0 868 412 302 -1 -1
19 37 365 0 854 120 206 -1 -1
19 8 366 1895 417 189 69 -1 -1
19 10 366 1493 599 416 354 -1 -1
19 33 366 1590 380 64 52 -1 -1
19 35 366 0 860 406 329 -1 -1
19 36 366 0 868 412 302 -1 -1
19 37 366 0 854 120 206 -1 -1
19 8 367 1894 417 190 69 -1 -1
19 10 367 1493 599 415 354 -1 -1
19 33 367 1590 380 64 52 -1 -1
19 35 367 0 860 406 329 -1 -1
19 36 367 0 868 412 302 -1 -1
19 37 367 0 854 120 206 -1 -1
19 8 368 1894 417 190 69 -1 -1
19 10 368 1493 599 415 354 -1 -1
19 33 368 1590 380 64 52 -1 -1
19 37 368 0 854 120 206 -1 -1
19 8 369 1894 417 190 69 -1 -1
19 10 369 1493 599 415 354 -1 -1
19 33 369 1590 380 64 52 -1 -1
19 8 370 1894 417 190 69 -1 -1
19 10 370 1493 599 415 354 -1 -1
19 8 371 1894 417 190 69 -1 -1
19 10 371 1493 599 415 355 -1 -1
19 8 372 1894 417 190 69 -1 -1
19 10 372 1493 599 415 354 -1 -1
19 8 373 1894 417 190 69 -1 -1
19 10 373 1493 599 415 354 -1 -1
19 8 374 1894 417 190 69 -1 -1
19 10 374 1493 599 415 354 -1 -1
19 8 375 1894 417 190 69 -1 -1
19 10 375 1493 599 415 354 -1 -1
19 8 376 1894 417 190 69 -1 -1
19 10 376 1493 599 415 354 -1 -1
19 8 377 1895 418 189 68 -1 -1
19 10 377 1491 598 418 356 -1 -1
19 38 377 1590 381 57 51 -1 -1
19 8 378 1895 418 189 68 -1 -1
19 10 378 1492 598 417 356 -1 -1
19 38 378 1590 381 58 51 -1 -1
19 8 379 1895 418 189 68 -1 -1
19 10 379 1492 598 417 356 -1 -1
19 38 379 1590 381 58 51 -1 -1
19 8 380 1895 418 189 68 -1 -1
19 10 380 1492 598 417 356 -1 -1
19 38 380 1590 381 58 51 -1 -1
19 8 381 1895 418 189 68 -1 -1
19 10 381 1492 598 417 356 -1 -1
19 38 381 1590 381 58 51 -1 -1
19 8 382 1895 418 189 68 -1 -1
19 10 382 1491 598 417 357 -1 -1
19 38 382 1590 381 58 51 -1 -1
19 8 383 1895 418 189 68 -1 -1
19 10 383 1491 598 418 359 -1 -1
19 38 383 1590 381 58 51 -1 -1
19 8 384 1895 418 189 68 -1 -1
19 10 384 1491 600 422 362 -1 -1
19 38 384 1590 381 58 51 -1 -1
19 8 385 1895 418 189 68 -1 -1
19 10 385 1491 599 425 357 -1 -1
19 38 385 1590 380 58 52 -1 -1
19 8 386 1895 418 189 68 -1 -1
19 10 386 1493 601 426 367 -1 -1
19 38 386 1589 381 60 51 -1 -1
19 39 386 429 969 392 327 -1 -1
19 8 387 1894 417 190 69 -1 -1
19 10 387 1494 601 429 364 -1 -1
19 38 387 1589 381 59 51 -1 -1
19 39 387 429 969 392 327 -1 -1
19 8 388 1894 417 190 69 -1 -1
19 10 388 1495 601 430 366 -1 -1
19 38 388 1589 381 59 51 -1 -1
19 39 388 429 969 392 327 -1 -1
19 8 389 1894 417 190 69 -1 -1
19 10 389 1494 603 436 367 -1 -1
19 38 389 1589 381 59 51 -1 -1
19 39 389 429 969 392 327 -1 -1
19 8 390 1894 417 190 69 -1 -1
19 10 390 1494 603 436 367 -1 -1
19 38 390 1590 381 58 51 -1 -1
19 8 391 1894 417 190 69 -1 -1
19 10 391 1498 604 453 369 -1 -1
19 38 391 1590 381 57 51 -1 -1
19 8 392 1894 417 190 69 -1 -1
19 10 392 1502 606 462 375 -1 -1
19 38 392 1590 381 57 51 -1 -1
19 8 393 1894 417 190 69 -1 -1
19 10 393 1511 612 480 386 -1 -1
19 38 393 1590 381 57 51 -1 -1
19 8 394 1894 417 190 69 -1 -1
19 10 394 1511 612 480 386 -1 -1
19 38 394 1590 381 57 51 -1 -1
19 8 395 1894 417 190 69 -1 -1
19 10 395 1513 615 515 399 -1 -1
19 38 395 1590 381 57 51 -1 -1
19 8 396 1894 417 190 69 -1 -1
19 10 396 1513 615 515 399 -1 -1
19 38 396 1590 381 57 51 -1 -1
19 8 397 1895 417 189 69 -1 -1
19 10 397 1513 615 515 399 -1 -1
19 38 397 1590 381 57 51 -1 -1
19 8 398 1895 417 189 69 -1 -1
19 10 398 1513 615 515 399 -1 -1
19 38 398 1590 381 57 51 -1 -1
19 8 399 1895 417 189 69 -1 -1
19 38 399 1590 381 57 51 -1 -1
19 8 400 1895 417 189 69 -1 -1
19 8 401 1895 417 189 69 -1 -1
19 8 402 1895 417 189 69 -1 -1
19 8 403 1895 417 189 69 -1 -1
19 8 404 1895 417 189 69 -1 -1
19 8 405 1895 417 189 69 -1 -1
19 8 406 1895 417 189 69 -1 -1
19 8 407 1895 417 189 69 -1 -1
19 40 407 1590 381 59 50 -1 -1
19 8 408 1895 417 189 69 -1 -1
19 40 408 1590 381 60 50 -1 -1
19 8 409 1895 417 189 69 -1 -1
19 40 409 1591 381 61 50 -1 -1
19 8 410 1895 417 189 69 -1 -1
19 40 410 1591 381 61 50 -1 -1
19 8 411 1895 417 189 69 -1 -1
19 40 411 1590 381 62 50 -1 -1
19 8 412 1894 417 190 69 -1 -1
19 40 412 1590 379 62 52 -1 -1
19 8 413 1894 417 190 69 -1 -1
19 40 413 1590 380 63 52 -1 -1
19 8 414 1894 417 190 69 -1 -1
19 40 414 1590 380 62 52 -1 -1
19 8 415 1894 417 190 69 -1 -1
19 40 415 1590 380 62 52 -1 -1
19 8 416 1894 417 190 69 -1 -1
19 40 416 1590 380 63 52 -1 -1
19 8 417 1894 417 190 69 -1 -1
19 40 417 1590 379 62 51 -1 -1
19 8 418 1894 417 190 69 -1 -1
19 40 418 1590 379 62 51 -1 -1
19 8 419 1894 417 190 69 -1 -1
19 40 419 1590 379 62 51 -1 -1
19 8 420 1894 417 190 69 -1 -1
19 40 420 1590 379 62 51 -1 -1
19 8 421 1895 417 189 69 -1 -1
19 40 421 1590 380 60 49 -1 -1
19 8 422 1895 417 189 69 -1 -1
19 40 422 1590 381 61 49 -1 -1
19 41 422 621 464 197 84 -1 -1
19 8 423 1894 417 190 69 -1 -1
19 40 423 1591 380 63 51 -1 -1
19 41 423 621 464 197 84 -1 -1
19 8 424 1895 417 189 69 -1 -1
19 40 424 1590 380 63 50 -1 -1
19 41 424 621 464 197 84 -1 -1
19 8 425 1895 417 189 69 -1 -1
19 40 425 1590 380 64 51 -1 -1
19 41 425 621 464 197 84 -1 -1
19 8 426 1894 417 190 69 -1 -1
19 40 426 1590 379 65 52 -1 -1
19 8 427 1895 417 189 69 -1 -1
19 40 427 1589 381 64 51 -1 -1
19 8 428 1895 417 189 69 -1 -1
19 40 428 1589 381 64 51 -1 -1
19 8 429 1895 417 189 69 -1 -1
19 40 429 1589 381 64 51 -1 -1
19 8 430 1895 417 189 69 -1 -1
19 40 430 1589 381 65 51 -1 -1
19 8 431 1895 417 189 69 -1 -1
19 40 431 1589 381 63 51 -1 -1
19 8 432 1895 417 189 69 -1 -1
19 40 432 1589 380 61 52 -1 -1
19 8 433 1895 417 189 69 -1 -1
19 40 433 1589 380 61 52 -1 -1
19 8 434 1895 417 189 69 -1 -1
19 40 434 1590 382 62 50 -1 -1
19 8 435 1895 417 189 69 -1 -1
19 40 435 1590 382 61 50 -1 -1
19 8 436 1895 417 189 69 -1 -1
19 40 436 1590 382 61 50 -1 -1
19 8 437 1895 417 189 69 -1 -1
19 40 437 1589 381 59 51 -1 -1
19 8 438 1895 417 189 69 -1 -1
19 40 438 1589 380 59 52 -1 -1
19 8 439 1895 417 189 69 -1 -1
19 40 439 1589 381 59 51 -1 -1
19 8 440 1895 417 189 69 -1 -1
19 40 440 1589 380 59 52 -1 -1
19 8 441 1895 417 189 69 -1 -1
19 40 441 1589 380 59 52 -1 -1
19 8 442 1895 417 189 69 -1 -1
19 40 442 1589 380 59 52 -1 -1
19 8 443 1895 417 189 69 -1 -1
19 40 443 1589 380 59 52 -1 -1
19 8 444 1895 417 189 69 -1 -1
19 40 444 1589 380 59 52 -1 -1
19 8 445 1895 417 189 69 -1 -1
19 40 445 1590 381 60 52 -1 -1
19 8 446 1895 417 189 69 -1 -1
19 40 446 1590 381 59 52 -1 -1
19 8 447 1895 417 189 69 -1 -1
19 40 447 1590 381 59 52 -1 -1
19 8 448 1895 417 189 69 -1 -1
19 40 448 1590 381 59 52 -1 -1
19 8 449 1895 417 189 69 -1 -1
19 40 449 1590 381 59 52 -1 -1
19 8 450 1895 417 189 69 -1 -1
19 40 450 1590 381 59 52 -1 -1
19 8 451 1895 417 189 69 -1 -1
19 40 451 1590 381 59 52 -1 -1
19 8 452 1895 417 189 69 -1 -1
19 40 452 1590 381 59 52 -1 -1
19 8 453 1895 417 189 69 -1 -1
19 40 453 1590 381 59 52 -1 -1
19 8 454 1895 417 189 69 -1 -1
19 40 454 1590 381 59 52 -1 -1
19 8 455 1895 417 189 69 -1 -1
19 40 455 1590 381 59 52 -1 -1
19 8 456 1895 417 189 69 -1 -1
19 40 456 1590 381 59 52 -1 -1
19 8 457 1895 417 189 69 -1 -1
19 40 457 1590 381 57 51 -1 -1
19 8 458 1895 417 189 69 -1 -1
19 40 458 1590 381 58 51 -1 -1
19 8 459 1895 417 189 69 -1 -1
19 40 459 1590 381 58 51 -1 -1
19 8 460 1895 417 189 69 -1 -1
19 40 460 1590 381 58 51 -1 -1
